1939 596839 305407 291432
1938 1402682 716696 685986
1937 1306802 666869 639933
1936 1300163 662776 637387
1935 1286427 656615 629812
1934 1225367 625123 600244
1933 1016971 518507 498464
1932 1039912 529019 510893
1931 1079133 549262 529871
1930 1180079 599115 580964
1929 1173658 596151 577507
1928 1212684 614667 598017
1927 1188415 603144 585271
1926 1240632 629878 610754
1925 1304997 661513 643484
1924 1289605 654057 635548
1923 1296151 657692 638459
1922 1359135 689401 669734
1921 1445486 735206 710280
1920 1469075 748204 720871
1919 1112897 569851 543046
1918 736307 374825 361482
1917 709429 362632 346797
1916 787351 400837 386514
1915 1053319 533840 519479
1914 1356508 682090 674418
1913 1393577 701593 691984
1912 1436519 724784 711735
1911 1374612 693597 681015
1910 1439529 724887 714642
1909 1467682 738999 728683
1908 1468846 739017 729829
1907 1443847 726849 716998
1906 1440150 722798 717352
1905 1380857 692939 687918
1904 1392290 697243 695047
1903 1352553 676607 675946
1902 1385770 694032 691738
1901 1350056 676372 673684
1900 1299228 646253 652975
1899 1247707 602236 645471
1898 1202291 563628 638663
1897 1148601 527643 620958
1896 1123643 503600 620043
1895 1062982 469640 593342
1894 1030854 450063 580791
1893 1016060 445512 570548
1892 971904 429074 542830
1891 977903 435317 542586
1890 930755 417683 513072
1889 938886 421078 517808
1888 923749 419130 504619
1887 915627 418123 497504
1886 878698 401905 476793
1885 866228 398611 467617
1884 840827 389164 451663
1883 806130 374229 431901
1882 803793 374092 429701
1881 771899 362633 409266
1880 761071 357350 403721
1879 772200 362526 409674
1878 753174 353928 399246
1877 739257 350478 388779
1876 722149 340722 381427
1875 689124 327772 361352
1874 646403 306944 339459
1873 603866 286581 317285
1872 575643 271707 303936
1871 466999 222185 244814
1870 492726 232052 260674
1869 471405 221216 250189
1868 418725 195114 223611
1867 384615 179110 205505
1866 371392 170153 201239
1865 321905 146968 174937
1864 300987 135611 165376
1863 268772 120476 148296
1862 229120 102089 127031
1861 196403 87074 109329
1860 181230 79018 102212
1859 158849 68084 90765
1858 130110 55451 74659
1857 106171 44684 61487
1856 84878 34974 49904
1855 64671 26710 37961
1854 55460 21965 33495
1853 42906 16916 25990
1852 32958 12591 20367
1851 24163 9217 14946
1850 18332 6809 11523
1849 12438 4485 7953
1848 8207 2920 5287
1847 5130 1792 3338
1846 3461 1244 2217
1845 2305 755 1550
1844 1571 504 1067
1843 957 287 670
1842 699 235 464
1841 455 155 300
1840 263 74 189
1839 54 11 43
