1878
1918
1890
1925
1922
1927
1899
1897
1931
1933
1925
1904
1892
1910
1921
1887
1926
1923
1926
1885
1915
1928
1928
1916
1883
1901
1887
1886
1924
1912
1897
1895
1924
1916
1919
1895
1881
1878
1909
1875
1888
1902
1905
1886
1887
1883
1872
1892
1887
1929
1924
1926
1890
1925
1918
1887
1880
1877
1894
1907
1901
1933
1907
1906
1929
1931
1911
1916
1921
1918
1927
1923
1898
1932
1896
1885
1925
1919
1931
1933
1901
1928
1911
1918
1928
1929
1933
1925
1900
1900
1884
1891
1907
1894
1931
1924
1927
1939
1910
1929
1926
1933
1906
1937
1930
1939
1938
1924
1895
1880
1913
