1922
1922
1894
1894
1926
1926
1926
1926
1922
1922
1922
1922
1891
1893
1893
1891
1896
1896
1896
1896
1895
1895
1897
1897
1922
1922
1933
1933
1930
1930
1937
1937
1925
1925
1920
1920
1912
1912
1910
1910
1914
1914
1938
1911
1938
1911
1878
1878
1909
1909
1920
1920
1924
1924
1896
1896
1924
1924
1926
1926
1935
1935
1928
1928
1880
1880
1932
1932
1901
1901
1936
1936
1903
1903
1894
1894
1917
1917
1888
1888
1923
1923
1921
1921
1914
1914
1892
1892
1919
1919
1933
1933
1907
1907
1909
1909
1937
1937
1907
1907
1910
1910
1875
1875
1911
1911
1924
1924
1916
1916
1919
1919
1922
1922
1924
1924
1896
1896
1897
1897
1880
1880
1911
1911
1911
1911
1939
1911
1939
1911
1939
1939
1911
1911
1886
1886
1929
1929
1890
1890
1920
1920
1922
1922
1925
1925
1925
1925
1890
1890
1897
1897
1930
1930
1930
1930
1898
1898
1898
1898
1939
1939
1907
1907
1928
1928
1935
1935
1932
1932
1930
1930
1879
1879
1907
1907
1880
1880
1929
1929
1861
1861
1901
1901
1903
1903
1894
1894
1931
1931
1931
1931
1927
1927
1897
1897
1897
1897
1928
1928
1904
1904
1930
1930
1924
1924
1936
1936
1939
1939
1905
1905
1933
1933
1933
1933
1874
1874
1889
1889
1919
1919
1923
1923
1899
1899
1901
1901
1937
1937
1928
1928
1894
1924
1924
1904
1904
1930
1930
1894
1916
1916
1885
1885
1939
1939
1924
1924
1910
1910
1914
1914
1894
1894
1894
1894
1923
1923
1923
1923
1929
1929
1910
1910
1931
1931
1939
1939
1932
1932
1900
1900
1895
1895
1898
1898
1926
1926
1862
1862
1924
1924
1920
1920
1922
1922
1904
1904
1934
1934
1931
1931
1911
1911
1895
1895
1892
1892
1919
1919
1923
1923
1926
1926
1928
1928
1892
1892
1893
1893
1896
1896
1867
1867
1916
1916
1892
1878
1878
1892
1923
1923
1886
1886
1902
1902
1900
1900
1896
1896
1927
1927
1932
1932
1874
1874
1878
1878
1897
1897
1869
1869
1898
1898
1929
1929
1940
1940
1931
1931
1899
1899
1932
1932
1886
1886
1908
1908
1939
1939
1910
1910
1908
1886
1886
1908
1918
1918
1914
1914
1923
1923
1923
1914
1923
1918
1918
1914
1908
1908
1900
1900
1900
1900
1904
1904
1937
1937
1871
1871
1904
1904
1936
1936
1939
1939
1907
1907
1878
1878
1911
1911
1878
1878
1916
1916
1909
1909
1914
1914
1890
1890
1902
1902
1940
1940
1909
1909
1917
1917
1932
1932
1900
1900
1898
1898
1930
1930
1883
1883
1887
1887
1916
1916
1920
1920
1923
1923
1939
1939
1928
1928
1931
1931
1939
1939
1905
1905
1865
1884
1865
1884
1862
1862
1921
1921
1921
1921
1940
1940
1937
1937
1910
1910
1910
1910
1920
1920
1917
1917
1880
1880
1894
1894
1898
1898
1879
1879
1879
1879
1923
1923
1912
1912
1923
1923
1918
1918
1881
1881
1907
1907
1909
1909
1934
1934
1882
1882
1909
1909
1922
1922
1928
1928
1928
1928
1919
1919
1928
1928
1928
1928
1931
1931
1931
1931
1867
1867
1867
1867
1867
1867
1867
1867
1883
1883
1879
1879
1923
1923
1860
1860
1880
1880
1870
1870
1869
1869
1907
1907
1914
1914
1914
1914
1907
1907
1879
1879
1864
1864
1939
1939
1903
1903
1906
1906
1906
1906
1923
1923
1923
1923
1925
1925
1925
1925
1896
1896
1896
1896
1903
1903
1864
1939
1939
1864
1864
1864
1864
1895
1895
1891
1891
1930
1930
1930
1930
1864
1856
1856
1911
1911
1934
1934
1939
1939
1855
1855
1904
1904
1927
1927
1929
1929
1888
1888
1934
1934
1926
1926
1931
1931
1899
1899
1924
1924
1912
1912
1892
1892
1917
1917
1887
1887
1922
1922
1919
1919
1914
1914
1882
1882
1887
1887
1922
1922
1924
1924
1875
1875
1874
1874
1915
1915
1910
1910
1879
1879
1934
1934
1924
1924
1927
1927
1899
1899
1894
1894
1931
1931
1880
1880
1875
1875
1924
1924
1910
1910
1935
1935
1911
1911
1925
1925
1925
1925
1923
1923
1923
1923
1921
1921
1921
1921
1931
1931
1931
1931
1896
1896
1896
1896
1928
1928
1928
1928
1894
1894
1894
1894
1918
1918
1918
1918
1913
1913
1882
1882
1883
1883
1919
1919
1924
1924
1930
1930
1928
1928
1895
1895
1922
1922
1896
1896
1920
1920
1918
1918
1888
1888
1912
1912
1912
1912
1940
1919
1940
1919
1940
1940
1919
1919
1915
1915
1908
1936
1908
1936
1905
1905
1895
1895
1887
1887
1887
1887
1930
1930
1930
1930
1935
1935
1935
1935
1933
1933
1933
1933
1901
1901
1901
1901
1881
1881
1908
1908
1901
1901
1933
1933
1903
1903
1913
1913
1929
1929
1913
1913
1920
1920
1885
1885
1882
1882
1881
1881
1908
1908
1930
1930
1932
1932
1904
1904
1938
1938
1908
1908
1930
1930
1932
1932
1904
1904
1938
1938
1913
1913
1869
1869
1937
1937
1937
1937
1907
1907
1907
1907
1903
1903
1903
1903
1926
1926
1926
1926
1923
1923
1923
1923
1914
1914
1885
1885
1885
1885
1885
1885
1931
1931
1931
1931
1887
1887
1887
1887
1920
1920
1920
1920
1928
1928
1928
1928
1920
1920
1920
1920
1921
1921
