1906
1906
1911
1911
1912
1912
1905
1905
1936
1936
1932
1932
1931
1931
1900
1900
1899
1899
1929
1929
1922
1922
1920
1920
1898
1898
1931
1931
1922
1922
1920
1920
1887
1887
1938
1938
1912
1912
1944
1944
1932
1932
1903
1903
1897
1897
1938
1938
1927
1927
1907
1907
1910
1910
1912
1912
1935
1935
1885
1885
1903
1903
1911
1911
1880
1880
1939
1939
1910
1910
1910
1910
1924
1924
1923
1923
1906
1906
1895
1895
1925
1925
1921
1921
1907
1907
1929
1929
1903
1903
1938
1938
1909
1909
1937
1937
1915
1915
1937
1937
1902
1902
1930
1930
1893
1893
1885
1885
1929
1929
1894
1894
1892
1892
1925
1925
1890
1890
1914
1914
1889
1889
1894
1894
1907
1907
1901
1901
1936
1936
1892
1892
1911
1911
1936
1936
1905
1905
1929
1929
1901
1901
1886
1886
1926
1926
1930
1930
1921
1921
1915
1915
1924
1924
1884
1884
1939
1939
1917
1912
1917
1912
1907
1907
1932
1932
1916
1916
1894
1894
1929
1929
1900
1900
1913
1913
1936
1936
1933
1933
1906
1906
1911
1911
1934
1934
1901
1901
1923
1923
1898
1898
1928
1928
1926
1926
1901
1901
1916
1916
1885
1885
1922
1922
1937
1937
1908
1908
