1913
1910
1937
1885
1906
1908
1937
1907
1942
1944
1909
1936
1910
1908
1901
1895
1931
1929
1906
1905
1913
1906
1935
1913
1932
1902
1876
1936
1939
1903
1944
1919
1938
1897
1935
1900
1908
1909
1935
1906
1897
1929
1925
1903
1917
1894
1900
1930
1934
1901
1905
1937
1904
1904
1935
1920
1923
1876
1882
1895
1895
1927
1903
1935
1904
1920
1921
1913
1922
1922
1920
1892
1918
1928
1920
1907
1860
1922
1918
1923
1929
1925
1927
1923
1877
1911
1905
1926
1935
1927
1903
1933
1904
1931
1905
1911
1940
1910
1892
1898
1926
1904
1932
1928
1896
1897
1920
1905
1916
1909
1904
1888
1935
1910
1914
1914
1937
1929
1910
1910
1938
1910
1901
1932
1902
1923
1916
1934
1897
1922
1914
1889
1923
1892
1905
1897
1928
1919
1936
1929
1905
1936
1922
1920
1918
1898
1928
1928
1924
1890
1904
1935
1911
1944
1887
1937
1906
1914
