1921
1900
1905
1868
1927
1896
1918
1910
1866
1917
1908
1919
1882
1903
1926
1905
1873
1879
1876
1913
1909
1911
1917
1930
1939
1875
1875
1922
1884
1917
1931
1928
1895
1923
1893
1919
1893
1928
1930
1898
1925
1894
1922
1912
1923
1889
1926
1897
1922
1910
1878
1880
1913
1867
1887
1868
1878
1914
1895
1914
1895
1932
1897
1909
1869
1930
1937
1907
1934
1889
1875
1884
1885
1884
1908
1938
1900
1887
1887
1899
1868
1915
1873
1915
1922
1884
1891
1920
1925
1922
1895
1908
1894
1861
1914
1880
1938
1912
1886
1884
1914
1889
1938
1918
1901
1907
1933
1934
1911
1910
1938
1906
1905
1930
1891
1885
