1902
1889
1890
1901
1990
1905
1930
1921
1904
1904
1909
1903
1884
1893
1920
1910
1888
1906
1904
1912
1905
1910
1905
1903
1894
1901
1908
1908
1905
1906
1904
1902
1909
1894
1891
1923
1907
1909
1910
1909
1901
1892
1902
1906
1906
1922
1907
1909
1922
1902
1911
1902
1904
1909
1902
1910
1901
1905
1900
1912
1900
1905
1904
1902
1916
1905
1909
1907
1900
1913
1907
1903
1908
1892
1905
1906
1909
1905
1897
1902
1904
1902
1900
1900
1904
1909
1893
1902
1909
1910
1906
1909
1905
1910
1911
1903
1906
1894
1907
1919
1919
1918
1906
1919
1907
1900
1908
1900
1909
1905
1904
1906
1900
1910
1906
1908
1905
1907
1906
1903
1921
1899
1910
1909
1916
1910
1900
1900
1911
1903
1900
1911
1901
1917
1906
1901
1921
1908
1906
1905
1902
1907
1900
1902
1916
1912
1903
1908
1901
1904
1909
1901
1922
1896
1908
1907
1922
1904
1906
1903
1907
1904
1903
1901
1910
1908
1906
1907
1907
1900
1902
1904
1910
1904
1907
1901
1901
1918
1905
1907
1902
1906
1908
1905
1912
1902
1918
1901
1921
1904
1901
1909
1906
1922
1908
1917
1919
1900
1909
1910
1906
1910
1903
1908
1911
1912
1902
1908
1905
1904
1901
1918
1906
1918
1902
1917
1919
1904
1893
1902
1909
1902
1902
1910
1905
1904
1907
1921
1907
1907
1907
1907
1904
1907
1904
1900
1907
1921
1904
1910
1902
1907
1910
1910
1904
1912
1909
1903
1904
1906
1911
1904
1903
1903
1900
1914
1901
1905
1900
1903
1900
1904
1903
1909
1895
1909
1901
1907
1911
1901
1918
1898
1907
1901
1921
1907
1905
1909
1902
1909
1907
1912
1908
1907
1908
1907
1904
1909
1908
1902
1920
1920
1900
1903
1922
1921
1904
1904
1890
1900
1904
1900
1907
1908
1909
1909
1902
1910
1922
1920
1917
1907
1901
1900
1900
1908
1906
1904
1906
1908
1904
1942
1903
1906
1908
1903
1908
1901
1905
1906
1920
1922
1908
1922
1921
1911
1919
1913
1918
1898
1912
1906
1901
1996
1905
1904
1913
1903
1909
1920
1902
1907
1906
1907
1901
1902
1913
1906
1908
1922
1911
1900
1922
1908
1900
1911
1888
1907
1909
1910
1902
1903
1920
1905
1903
1901
1901
1909
1905
1911
1906
1910
1910
1909
1905
1904
1892
1906
1912
1912
1906
1901
1914
1902
1903
1909
1911
1904
1904
1902
1900
1904
1904
1909
1905
1911
1905
1909
1904
1901
1921
1906
1900
1914
1902
1907
1903
1902
1902
1910
1902
1906
1900
1907
1920
1916
1905
1900
1917
1902
1900
1906
1908
1906
1902
1900
1895
1913
1922
1916
1893
1904
1914
1905
1901
1904
1910
1907
1902
1907
1909
1908
1904
1898
1920
1907
1905
1904
1900
1904
1901
1901
1919
1904
1909
1920
1900
1903
1900
1908
1901
1906
1906
1900
1907
1909
1902
1902
1909
1912
1904
1906
1903
1902
1905
1901
1911
1906
1909
1908
1901
1904
1907
1903
1911
1905
1906
1900
1900
1908
1910
1921
1908
1907
1908
1904
1911
1908
1911
1905
1905
1916
1921
1911
1905
1922
1906
1909
1919
1903
1893
1904
1906
1910
1902
1900
1900
1922
1900
1902
1900
1922
1906
1905
1907
1906
1901
1910
1904
1907
1903
1901
1901
1901
1904
1903
1904
1909
1905
1907
1898
1903
1910
1902
1902
1906
1911
1911
1906
1897
1903
1906
1909
1910
1901
1910
1908
1901
1903
1903
1909
1910
1922
1907
1901
1898
1898
1901
1911
1901
1942
1910
1908
1902
1911
1902
1906
1920
1908
1922
1901
1895
1921
1912
1906
1908
1902
1906
1911
1919
1903
1908
1901
1911
1904
1905
1902
1909
1913
1907
1907
1900
1903
1915
1904
1917
1901
1906
1902
1913
1895
1906
1909
1913
1909
1891
1902
1922
1902
1912
1910
1910
1901
1904
1908
1909
1898
1905
1901
1900
1907
1912
1907
1908
1914
1907
1905
1902
1902
1900
1905
1907
1905
1901
1906
1900
1908
1908
1909
1913
1901
1909
1909
1906
1909
1922
1903
1903
1904
1904
1914
1906
1895
1904
1909
1906
1901
1902
1907
1902
1906
1902
1899
1913
1905
1916
1906
1905
1903
1907
1907
1903
1904
1902
1907
1904
1903
1905
1904
1904
1909
1900
1907
1904
1922
1906
1912
1998
1922
1906
1904
1905
1905
1903
1906
1921
1922
1901
1900
1912
1908
1902
1905
1900
1914
1920
1922
1919
1903
1902
1905
1904
1901
1908
1915
1903
1905
1906
1914
1913
1905
1915
1919
1907
1904
1905
1900
1907
1900
1907
1906
1903
1906
1911
1908
1905
1906
1908
1902
1918
1922
1922
1907
1904
1907
1910
1912
1901
1914
1904
1908
1918
1906
1907
1913
1900
1903
1904
1904
1907
1908
1905
1921
1921
1904
1906
1908
1903
1901
1908
1902
1906
1906
1902
1908
1908
1904
1903
1908
1915
1899
1922
1902
1903
1897
1898
1903
1905
1905
1909
1904
1912
1908
1905
1991
1906
1911
1906
1922
1908
1902
1906
1900
1907
1917
1903
1906
1921
1905
1905
1896
1908
1904
1922
1900
1996
1909
1902
1906
1908
1908
1904
1903
1910
1922
1903
1913
1902
1902
1899
1902
1912
1920
1915
1906
1904
1910
1906
1904
1910
1922
1900
1906
1920
1921
1905
1907
1906
1909
1909
1906
1905
1908
1921
1903
1911
1903
1908
1908
1902
1901
1904
1905
1901
1902
1905
1895
1904
1898
1904
1922
1907
1905
1910
1903
1909
1909
1908
1903
1909
1908
1906
1904
1907
1913
1906
1920
1906
1909
1921
1900
1893
1910
1922
1905
1910
1907
1906
1910
1903
1922
1904
1906
1901
1901
1900
1910
1901
1904
1914
1906
1922
1903
1903
1910
1900
1901
1904
1911
1909
1909
1904
1899
1910
1906
1904
1909
1913
1911
1921
1922
1910
1902
1909
1911
1908
1904
1905
1901
1896
1913
1907
1920
1920
1909
1894
1914
1920
1903
1902
1919
1906
1909
1920
1921
1907
1906
1912
1910
1908
1902
1903
1911
1911
1919
1908
1910
1901
1922
1906
1904
1900
1891
1907
1902
1909
1900
1906
1905
1916
1900
1922
1900
1906
1922
1902
1904
1908
1905
1901
1919
1902
1922
1919
1908
1910
1906
1900
1901
1913
