1894
1872
1882
1915
1931
1887
1900
1880
1913
1865
1892
1895
1889
1904
1917
1896
1876
1874
1903
1875
1872
1880
1906
1878
1899
1910
1877
1887
1876
1882
1920
1892
1884
1895
1872
1871
1898
1887
1881
1879
1908
1920
1895
1880
1878
1863
1885
1908
1880
1921
1895
1873
1878
1906
1901
1884
1878
1910
1866
1873
1895
1877
1880
1869
1942
1880
1877
1879
1884
1918
1909
1873
1902
1941
1876
1878
1888
1891
1874
1883
1868
1882
1866
1883
1885
1875
1912
1889
1875
1889
1868
1875
1919
1862
1874
1887
1858
1875
1890
1881
1912
1874
1923
1879
1891
