1890
1885
1917
1908
1895
1897
1897
1922
1920
1902
1902
1916
1918
1919
1870
1905
1882
1918
1904
1922
1911
1913
1888
1921
1922
1903
1906
1906
1916
1885
1921
1923
1891
1923
1902
1916
1918
1919
1897
1913
1910
1908
1913
1899
1918
1911
1900
1890
1888
1894
1868
1909
1885
1888
1878
1892
1912
1907
1895
1906
1919
1885
1892
1922
1912
1890
1910
1912
1923
1902
1901
1920
1882
1900
1883
1903
1907
1894
1913
1893
1919
1913
1877
1888
1919
1898
1908
1919
1920
1888
1903
1890
1881
1916
1913
1920
1920
1906
1902
1878
1920
1880
1917
1919
1911
1910
1914
1919
1913
1879
1915
1922
1898
1913
1900
1911
1912
1920
1890
1897
1919
1876
1896
1905
1921
1913
1903
1911
1923
1891
1899
1919
1918
1889
1914
1863
1900
1900
1900
1914
1920
1887
1914
1912
1918
1920
1910
1885
1918
1895
1898
1895
1895
1875
1894
1904
1896
1896
1890
1903
1865
1909
1895
1888
1908
1904
1905
1903
1921
1913
1916
1912
1905
1921
1892
1920
1884
1892
1920
1875
1877
1917
1922
1922
1904
1911
1882
1889
1890
1913
1920
1921
1898
1892
1899
1921
1879
1889
1899
1895
1902
1897
1890
1901
1883
1917
1886
1907
1904
1916
1899
1922
1914
1880
1916
1902
1911
1917
1915
1900
1919
1908
1904
1904
1873
1885
1920
1885
1920
1912
1911
1915
1891
1886
1912
1895
1919
1917
1894
1893
1921
1907
1905
1908
1902
1910
1909
1907
1916
1906
1889
1891
1898
1900
1920
1915
1906
1895
1891
1903
1896
1916
1916
1888
1908
1889
1905
1898
1916
1896
1920
1917
1915
1905
1901
1910
1899
1917
