1932
1927
1925
1932
1875
1895
1874
1908
1895
1872
1879
1880
1923
1900
1926
1893
1920
1880
1923
1872
1871
1885
1890
1903
1873
1917
1888
1878
1881
1898
1902
1886
1899
1920
1916
1938
1908
1910
1886
1884
1942
1872
1901
1925
1941
1892
1883
1868
1865
1888
1892
1928
1888
1930
1894
1929
1898
1903
1876
1902
1921
1876
1895
1894
1893
1924
1894
1896
1896
1882
1909
1929
1878
1868
1902
1904
1940
1876
1888
1877
1894
1894
1924
1880
1890
1910
1886
1874
1942
1881
1884
1937
1874
1874
1894
1879
1920
1900
1917
1875
1942
1892
1901
1880
1930
1879
1902
1876
1901
1895
1918
1880
1925
1898
1888
1870
1885
1877
1889
1904
1882
1879
1899
1915
1883
1888
1907
1868
1881
1891
1938
1888
1889
1922
1879
1903
1894
1923
1875
1892
1876
1907
1918
1886
1871
1908
1919
1894
1879
1941
1885
1909
1880
1907
1874
1886
1878
1899
1876
1891
1888
1916
1941
1884
1888
1900
1874
1903
1874
1889
1919
1865
1896
1876
1892
1939
1894
1885
1913
1868
1901
1925
1920
1859
1902
1873
1890
1912
1870
1906
1881
1879
1907
1867
1874
1894
1899
1875
1925
1874
1926
1915
1878
1886
1909
1914
1875
1912
1928
1902
1889
1926
1895
1880
1880
1888
1942
1877
1903
1898
1869
1921
1942
1911
1887
1902
1896
1879
1904
1886
1869
1905
1915
1886
1895
1874
1874
1920
1877
1932
1891
1893
1896
1870
1898
1886
1932
1897
1891
1900
1864
1883
1914
1914
1902
1879
1874
1874
1883
1891
1874
1854
1925
1912
1900
1900
1870
1906
1904
1916
1860
1868
1875
1875
1891
1921
1882
1882
1897
1866
1884
1884
1897
1922
1886
1929
1922
1874
1895
1895
1895
1897
1891
1900
1890
1899
1891
1882
1925
1877
1901
1923
1925
1932
1873
1903
1868
1914
1940
1928
1880
1921
1889
1939
1899
1892
1899
1906
1909
1909
1884
1892
1889
1882
1888
1891
1870
1915
1889
1923
1871
1914
1875
1891
1876
1878
1905
1895
1906
1878
1880
1900
1874
1927
1874
1898
1929
1873
1918
1906
1873
1890
1896
1926
1884
1881
1866
1891
1939
1889
1921
1881
1885
1926
1910
1894
1904
1893
1918
1883
1886
1893
1892
1889
1897
1937
1890
1891
1888
1889
1885
1901
1931
1891
1883
1890
1873
1893
1871
1937
1937
1890
1908
1904
1903
1892
1904
1921
1873
1876
1870
1897
1881
1897
1885
1902
1870
1886
1880
1863
1921
1915
1887
1897
1860
1880
1893
1880
1916
1900
1936
1881
1895
1906
1894
1903
1881
1928
1866
1927
1918
1881
1914
1884
1884
1910
1905
1907
1885
1912
1874
1941
1894
1886
1881
1917
1921
1885
1888
1903
1918
1873
1868
1883
1905
1892
1902
1876
1899
1875
1896
1885
1855
1894
1879
1880
1885
1903
1880
1902
1908
1900
1919
1878
1864
1876
1880
1891
1911
1886
1909
1906
1888
1909
1894
1928
1897
1893
1871
1887
1862
1886
1874
1878
1893
1891
1935
1940
1859
1873
1889
1940
1891
1905
1867
1894
1869
1886
1894
1890
1903
1891
1895
1895
1898
1887
1861
1864
1903
1916
1922
1896
1900
1875
1903
1872
1895
1895
1897
1910
1888
1910
1927
1880
1920
1907
1865
1878
1888
1898
1884
1906
1903
1872
1922
1909
1912
1912
1875
1917
1879
1886
1914
1893
1919
1889
1883
1870
1890
1883
1922
1868
1877
1904
1890
1895
1908
1873
1881
1904
1920
1923
1921
1872
1894
1913
1876
1898
1872
1877
1873
1883
1899
1867
1940
1902
1918
1896
1903
1879
1911
1924
1889
1876
1896
1898
1870
1886
1882
1878
1896
1929
1869
1910
1884
1888
1883
1886
1869
1867
1898
1891
1894
1880
1870
1892
1942
1893
1929
1902
1900
1878
1891
1903
1908
1885
1891
1899
1893
1896
1870
1878
1942
1883
1880
1911
1874
1874
1923
1874
1890
