1875
1875
1897
1897
1915
1915
1904
1904
1906
1906
1906
1906
1906
1906
1905
1905
1932
1932
1902
1931
1902
1931
1924
1924
1926
1926
1923
1923
1917
1917
1898
1898
1874
1874
1921
1921
1907
1907
1875
1875
1875
1875
1925
1925
1920
1920
1913
1913
1885
1885
1914
1914
1916
1916
1903
1903
1891
1891
1909
1909
1934
1934
1937
1937
1906
1906
1896
1896
1893
1893
1929
1929
1925
1925
1922
1922
1892
1892
1910
1910
1875
1875
1915
1915
1908
1908
1912
1912
1908
1908
1939
1939
1938
1938
1909
1909
1925
1925
1902
1902
1914
1914
1906
1906
1908
1908
1932
1932
1930
1930
1934
1934
1906
1906
1898
1898
1920
1920
1888
1888
1888
1888
1909
1909
1874
1874
1940
1940
1911
1911
1900
1900
1907
1907
1925
1925
1912
1912
1890
1890
1910
1910
1936
1936
1900
1900
1909
1909
1915
1915
1879
1879
1897
1897
1867
1867
1900
1900
1885
1885
1885
1885
1939
1939
1927
1927
1896
1896
1899
1899
1912
1912
1872
1872
1893
1893
1920
1920
1910
1910
1916
1916
