1900
1893
1939
1910
1894
1925
1895
1892
1899
1896
1885
1883
1910
1906
1918
1921
1885
1875
1882
1909
1910
1882
1873
1871
1905
1876
1912
1906
1936
1902
1920
1897
1925
1890
1901
1892
1927
1925
1893
1898
1893
1902
1934
1938
1905
1907
1937
1910
1927
1928
1893
1924
1928
1899
1899
1867
1910
1933
1904
1933
1901
1903
1929
1933
1899
1926
1927
1904
1870
1870
1874
1914
1908
1910
1888
1877
1931
1894
1929
1902
1882
1918
1914
1876
1886
1894
1910
1884
1912
1928
1890
1903
1887
1893
1891
1895
1869
1889
1906
1936
1915
1896
1923
1921
1919
1885
1914
1885
1871
1880
1938
1932
1896
1896
1925
1929
1903
1899
1934
1931
1904
1898
1927
1929
1900
1899
1936
1939
1900
1870
1879
1915
1907
1913
1908
1936
1908
1905
1885
1875
1908
1930
1913
1928
1911
1878
1880
1919
1937
1908
1933
1875
1870
1907
1913
1905
1900
1871
1872
1923
1920
1868
1917
