1908
1908
1936
1936
1900
1900
1925
1925
1929
1929
1893
1893
1914
1914
1915
1915
1907
1907
1906
1906
1938
1938
1908
1908
1902
1902
1910
1910
1925
1925
1908
1908
1912
1912
1922
1922
1912
1912
1913
1913
1940
1940
1902
1902
1924
1924
1899
1899
1918
1918
1914
1914
1912
1912
1923
1923
1890
1890
1906
1906
1913
1913
1889
1889
1922
1922
1910
1910
1909
1909
1910
1910
1915
1915
1884
1884
1933
1933
1888
1888
1892
1892
1915
1915
1906
1906
1896
1896
1924
1924
1934
1934
1938
1938
1907
1907
1875
1875
1904
1904
1906
1906
1911
1911
1909
1909
1928
1928
1882
1882
1884
1884
1923
1923
1935
1935
1917
1917
1926
1926
1888
1888
1920
1920
1913
1913
1939
1939
1913
1913
1879
1879
1907
1907
1912
1912
1916
1916
1924
1924
1927
1927
1925
1925
1931
1931
1894
1894
1878
1878
1913
1913
1913
1913
1917
1917
1919
1919
1928
1928
1905
1905
1925
1925
1923
1923
1919
1919
1879
1879
1928
1928
1937
1937
1910
1910
1933
1933
1929
1929
1925
1925
1901
1901
1908
1908
1906
1906
1936
1936
1921
1921
1916
1916
1904
1904
1917
1917
1925
1925
1894
1894
1904
1904
1916
1916
1900
1900
1919
1919
1901
1901
1902
1902
1931
1931
1939
1939
1924
1924
1928
1928
1925
1925
1901
1901
1893
1893
1930
1930
1914
1914
1920
1920
1914
1914
1913
1913
1923
1923
1928
1928
1898
1898
1894
1894
1922
1922
1896
1896
1918
1918
1914
1914
1925
1925
1920
1920
1925
1925
1917
1917
1883
1883
1904
1904
1904
1904
1908
1908
1938
1938
1915
1915
1903
1903
1902
1902
1897
1897
1882
1882
1909
1909
1906
1906
1916
1916
1884
1884
1922
1922
1919
1919
1937
1937
1939
1939
1913
1913
1917
1917
1907
1907
1898
1898
1925
1925
1929
1929
1900
1900
1925
1925
1926
1926
1920
1920
1917
1917
1911
1911
1911
1911
1910
1910
1944
1944
1909
1909
1905
1905
1926
1926
1923
1923
1932
1932
1909
1909
1938
1938
1907
1907
1910
1910
1929
1929
1902
1902
1926
1926
1922
1922
1915
1915
1907
1907
1915
1915
1915
1915
1934
1934
1906
1906
1906
1906
1909
1909
1936
1936
1939
1939
1905
1905
1939
1939
1925
1925
1921
1921
1897
1897
1896
1896
1922
1922
1940
1940
1915
1915
1902
1902
1934
1934
1907
1907
1910
1910
1942
1942
1909
1909
1881
1881
1930
1930
1890
1890
1925
1925
1891
1891
1920
1920
1922
1922
1919
1919
1924
1924
1923
1923
1913
1913
1924
1924
1914
1914
1910
1910
1919
1919
1906
1906
1923
1923
1896
1896
1928
1928
1897
1897
1908
1908
1886
1886
1897
1897
1926
1926
1929
1929
1940
1940
1927
1927
1890
1890
1899
1899
1915
1915
1886
1886
1885
1885
1912
1912
1914
1914
1904
1904
1932
1932
1937
1937
1907
1907
1908
1908
1884
1884
1912
1912
1887
1887
1910
1910
1920
1920
1931
1931
1925
1925
1929
1929
1897
1897
1897
1897
1911
1911
1906
1906
1937
1937
1910
1910
1905
1905
1907
1907
1932
1932
1932
1932
1902
1902
1930
1930
1929
1929
1927
1927
1901
1901
