1903
1907
1914
1894
1914
1930
1917
1919
1921
1925
1890
1892
1877
1875
1913
1916
1917
1895
1940
1913
1899
1928
1894
1922
1870
1916
1899
1922
1923
1925
1887
1893
1874
1907
1902
1902
1932
1906
1927
1889
1929
1903
1938
1890
1870
1921
1866
1940
1915
1917
1924
1880
1913
1874
1931
1927
1899
1900
1873
1874
1875
1915
1906
1912
1938
1912
1907
1873
1870
1902
1938
1906
1922
1892
1933
1894
1893
1891
1931
1920
1926
1897
1876
1874
1912
1890
1890
1916
1923
1927
1906
1898
1901
1902
1878
1902
1914
1913
1939
1907
1926
1934
1911
1934
1906
1890
1896
1935
1912
1910
1906
1918
1913
1890
1912
1888
1888
1890
1865
1913
1916
1919
1905
1910
1870
1883
1883
1892
1891
1902
1893
1892
1922
1927
1892
1924
1855
1890
1902
1910
1908
1939
1907
1926
1898
1885
1930
1894
1897
1880
1867
1867
1928
1900
1900
1879
1910
1898
1864
1874
1878
1900
1903
1897
1871
1932
1936
1902
1928
1899
1897
1898
1924
1927
1933
1900
1899
1928
1897
1896
1926
1921
1903
1912
1887
