1915
1943
1925
1896
1913
1911
1916
1938
1937
1907
1911
1918
1908
1881
1900
1934
1940
1905
1907
1905
1897
1922
1897
1919
1940
1902
1902
1890
1889
1917
1906
1906
1928
1926
1925
1931
1906
1897
1924
1917
1914
1910
1935
1910
1913
1914
1918
1914
1905
1913
1926
1920
1918
1923
1932
1920
1923
1904
1929
1903
1903
1912
1902
1921
1923
1922
1936
1902
1906
1912
1923
1893
1929
1890
1924
1910
1908
1927
1927
1925
1925
1889
1889
1894
1891
1882
1888
1924
1914
1904
1909
1923
1919
1926
1897
1890
1896
1928
1896
1891
1887
1915
1914
1903
1932
1927
1902
1928
1891
1922
1880
1878
1907
1910
1912
1909
1943
1914
1919
1923
1914
1907
1927
1932
1901
1937
1935
1904
1905
1900
1912
1911
1908
1935
1921
1917
1915
1918
1906
1932
1919
1911
1904
1910
1919
1920
1908
1933
1939
1906
1942
1918
1929
1925
1899
1921
1890
1930
1932
1896
1913
