1921
1910
1918
1916
1910
1909
1915
1917
1883
1885
1925
1908
1932
1895
1929
1894
1927
1908
1899
1929
1923
1904
1918
1931
1904
1909
1935
1936
1863
1873
1910
1903
1930
1886
1905
1937
1909
1899
1901
1880
1906
1918
1913
1908
1904
1904
1888
1925
1892
1891
1911
1872
1930
1895
1925
1894
1874
1880
1902
1909
1885
1925
1876
1894
1938
1907
1927
1914
1924
1912
1889
1933
1925
1892
1898
1896
1916
1907
1911
1913
1905
1918
1905
1885
1877
1931
1899
1925
1919
1899
1887
1887
1902
1903
1926
1931
1922
1912
1935
1909
1939
1871
1913
1876
1904
1907
1923
1929
1878
1926
1931
1905
1897
1870
1935
1887
1880
1885
1887
1887
1912
1915
1879
1935
1897
1927
1894
1897
1906
1890
1927
1907
1906
1899
1881
1894
1897
1936
1896
1924
1932
1891
1922
1878
1882
1885
1874
1878
1881
1898
1938
1904
1927
1889
1926
1889
1923
1909
1896
1894
1925
1893
1883
1883
1907
1889
1887
1927
1923
1925
1899
1871
1859
1894
1896
1873
1942
1890
1890
1871
1908
1934
1916
1910
1874
1904
1908
1904
1928
1886
1924
1914
1922
1890
1891
1924
1931
1889
1904
1916
1888
