1866
1886
1902
1884
1895
1880
1883
1879
1896
1885
1875
1905
1905
1893
1881
1876
1891
1889
1900
1906
1888
1888
1901
1878
1899
1906
1890
1883
1871
1913
1915
1888
1899
1896
1901
1882
1903
1876
1874
1882
1888
1894
1874
1884
1886
1879
1881
1881
1906
1877
1877
1886
1879
1884
1913
1880
1876
1896
1878
1880
1884
1908
1886
1887
1901
1880
1890
1890
1887
1883
1900
1912
1904
1882
1882
1878
1906
1894
1894
1874
1886
1882
1915
1908
1888
1881
1881
1891
1900
1879
1883
1880
1879
1890
1876
1890
1886
1884
1891
1887
1878
1884
1880
1905
1879
1875
1903
1889
1886
1899
1883
1886
1894
1895
1904
1891
1880
1885
1878
