1903
1928
1912
1898
1922
1902
1918
1919
1910
1923
1915
1918
1897
1925
1914
1907
1908
1914
1914
1900
1920
1891
1896
1907
1924
1918
1913
1923
1910
1899
1918
1892
1912
1916
1909
1909
1925
1906
1914
1924
1918
1898
1916
1907
1914
1921
1911
1914
1923
1908
1918
1895
1905
1909
1906
1914
1922
1901
1920
1914
1919
1915
1918
1921
1903
1919
1907
1916
1919
1922
1909
1920
1923
1908
1912
1905
1922
1912
1905
1920
1902
1898
1905
1911
1923
1921
1923
1923
1910
1903
1908
1914
1921
1900
1917
1910
1909
1910
1908
1918
1913
1909
1918
1923
1906
1918
1907
1911
1912
1911
1923
1907
1913
1906
1921
1918
1896
1924
1927
1915
1881
1915
1914
1924
1895
1925
1907
1908
1903
1920
1916
1921
1905
1918
1910
1921
1904
1906
1912
1921
1913
1921
1920
1922
1920
1907
1920
1918
1912
1907
1896
1902
1902
1920
1910
1917
1907
1911
1910
1921
1912
1919
1912
1917
1909
1924
1918
1894
1911
1922
1919
1902
1905
1889
1917
1912
1922
1909
1919
1921
1922
1914
1922
1912
1941
1887
1911
1917
1919
1914
1915
1920
1910
1907
1920
1912
1912
1901
1899
1906
1899
1919
1920
1915
1919
1920
1913
1918
1905
1919
1916
