1912
1912
1887
1887
1911
1911
1887
1887
1902
1902
1895
1895
1939
1939
1937
1937
1934
1934
1904
1904
1929
1929
1879
1879
1869
1869
1890
1890
1886
1886
1890
1890
1919
1919
1887
1887
1893
1893
1938
1938
1903
1903
1900
1900
1932
1932
1925
1925
1898
1898
1882
1882
1897
1897
1923
1923
1931
1887
1892
1931
1887
1892
1884
1884
1879
1879
1894
1894
1890
1890
1927
1927
1896
1896
1907
1907
1893
1893
1885
1885
1896
1896
1929
1929
1931
1931
1902
1902
1878
1878
1905
1905
1873
1873
1877
1877
1878
1878
1879
1879
1877
1877
1941
1941
1905
1905
1927
1927
1897
1897
1871
1871
1901
1901
1893
1893
1895
1895
