1902
1904
1904
1906
1900
1900
1908
1898
1912
1912
1904
1940
1898
1886
1941
1914
1902
1890
1916
1913
1895
1896
1899
1900
1900
1906
1888
1907
1889
1907
1907
1909
1901
1913
1907
1885
1884
1909
1910
1910
1910
1906
1885
1909
1903
1884
1901
1906
1906
1916
1918
1888
1910
1891
1885
1901
1905
1909
1909
1909
1909
1888
1917
1908
1904
1919
1919
1919
1911
1911
1911
1911
1913
1913
1908
1903
1887
1886
1899
1912
1888
1914
1910
1891
1900
1875
1904
1920
1892
1908
1921
1909
1909
1913
1913
1906
1898
1898
1898
1898
1898
1898
1898
1889
1900
1920
1907
1907
1907
1897
1890
1910
1903
1909
1889
1889
1889
1913
1900
1887
1894
1894
1914
1914
1914
