1927
1897
1891
1922
1915
1923
1943
1925
1923
1886
1910
1918
1917
1911
1905
1932
1899
1925
1928
1928
1931
1937
1913
1911
1910
1885
1927
1924
1912
1934
1930
1894
1916
1908
1923
1930
1893
1921
1925
1930
1920
1896
1921
1923
1902
1901
1907
1914
1932
1899
1902
1923
1912
1920
1914
1920
1910
1912
1935
1925
1943
1927
1925
1941
1911
1903
1931
1904
1909
1890
1896
1929
1923
1943
1884
1887
1929
1905
1930
1903
1912
1914
1893
1928
1899
1925
1899
1927
1917
1920
1879
1925
1916
1883
1921
1883
1908
1911
1918
1939
1911
1878
1930
1923
1926
1885
