1925
1894
1929
1885
1923
1919
1922
1892
1895
1926
1929
1919
1889
1872
1901
1938
1927
1890
1913
1908
1913
1917
1917
1914
1909
1937
1896
1913
1912
1870
1900
1913
1915
1925
1893
1923
1895
1909
1910
1898
1930
1919
1908
1927
1902
1900
1912
1913
1908
1916
1885
1909
1909
1872
1874
1910
1909
1938
1870
1924
1876
1905
1919
1925
1893
1922
1929
1886
1908
1938
1882
1885
1921
1916
1922
1917
1903
1909
1930
1933
1909
1907
1932
1913
1913
1915
1903
1900
1897
1927
1885
1926
1901
1936
1903
1927
1934
1931
1912
1898
1925
1893
1889
1893
1891
1922
1918
1913
1914
1914
1905
1882
1882
1941
1915
1913
1878
1914
1905
1913
1911
1910
1905
1888
1888
1923
1890
1890
1890
1922
1894
1892
1896
1939
1907
1933
1892
1890
1905
1934
1889
1926
1898
1892
1884
1909
1921
1900
1894
1919
1920
1926
1915
1896
1925
1927
1904
1901
1867
1898
1894
1935
1907
1928
1919
1903
1939
1907
1921
1889
1903
1930
1905
1905
1916
1915
1927
1881
1913
1916
1879
1903
1907
1931
1897
1903
1928
1909
1938
1895
1910
1919
1929
1888
1926
1915
1919
1888
1924
1913
1882
1907
1908
1919
1924
1881
1896
1902
1908
1879
1911
1934
1910
1912
1910
1939
1912
1887
1921
1917
