1893
1893
1900
1900
1875
1875
1900
1900
1922
1922
1927
1927
1942
1942
1925
1925
1921
1921
1897
1897
1911
1911
1911
1911
1912
1912
1920
1920
1879
1879
1922
1922
1880
1880
1889
1889
1929
1929
1931
1931
1933
1933
1919
1919
1907
1907
1921
1921
1883
1883
1925
1925
1915
1915
1916
1916
1935
1935
1942
1942
1920
1920
1914
1914
1926
1926
1886
1886
1893
1893
1922
1922
1881
1881
1919
1919
1883
1883
1922
1922
1933
1933
1903
1903
1899
1899
1938
1938
1920
1920
1922
1922
1923
1923
1937
1937
1907
1907
1934
1934
1922
1922
1913
1913
1924
1924
1925
1925
1915
1915
1918
1918
1927
1927
1931
1931
1891
1891
1923
1923
1939
1939
1925
1925
1897
1897
1928
1928
1925
1925
1929
1929
1934
1934
1923
1923
1932
1932
1902
1902
1906
1906
1937
1937
1904
1904
1909
1909
1896
1896
1895
1895
1926
1926
1924
1924
1932
1932
1897
1897
1928
1928
1929
1929
1896
1896
1933
1933
1896
1875
1875
1896
1897
1897
1873
1873
1881
1881
1903
1903
1908
1908
1900
1900
1874
1874
1937
1937
1905
1905
1903
1903
1911
1911
1919
1919
1920
1920
1912
1912
1934
1934
1927
1927
1931
1931
1924
1924
1934
1934
1915
1915
1876
1876
1917
1917
1921
1921
1901
1901
1914
1914
1914
1914
1917
1917
1926
1926
1912
1912
1910
1910
1875
1875
1935
1935
1905
1905
1908
1908
1926
1926
1917
1917
1925
1925
1919
1919
1890
1890
1903
1903
1890
1890
1908
1908
1918
1918
