1896
1896
1890
1890
1914
1914
1936
1936
1910
1910
1938
1938
1910
1910
1903
1903
1913
1913
1920
1920
1923
1923
1919
1919
1912
1912
1917
1917
1897
1897
1898
1898
1904
1904
1934
1934
1930
1930
1934
1934
1931
1931
1906
1906
1908
1908
1938
1938
1928
1928
1926
1926
1930
1930
1895
1895
1944
1944
1914
1914
1920
1920
1904
1904
1919
1919
1925
1925
1914
1914
1915
1915
1910
1910
1922
1922
1920
1920
1910
1910
1899
1899
1897
1897
1928
1928
1920
1920
1917
1917
1927
1927
1928
1928
1914
1914
1892
1892
1920
1920
1918
1918
1925
1925
1894
1894
1912
1912
1909
1909
1934
1934
1936
1936
1904
1904
1907
1907
1896
1896
1900
1900
1925
1925
1913
1913
1907
1907
1905
1905
1926
1926
1920
1920
1925
1925
1927
1927
1927
1927
1922
1922
1924
1924
1920
1920
1924
1924
1928
1928
1912
1912
1873
1873
1914
1914
1913
1913
1921
1921
1922
1922
1925
1925
1903
1903
1924
1924
1919
1919
1903
1903
1874
1874
1907
1907
1884
1884
1875
1875
1879
1879
1908
1908
1907
1907
1907
1907
1904
1904
1910
1910
1922
1922
1894
1894
1914
1914
1917
1917
1897
1897
1914
1914
1906
1906
1889
1889
1926
1926
1902
1902
1928
1928
1910
1910
1922
1922
1905
1905
1907
1907
1926
1926
1927
1927
1924
1924
1891
1891
1889
1889
1898
1898
1918
1918
1920
1920
1899
1899
1899
1899
1923
1923
1912
1912
1935
1935
1920
1920
1899
1899
1933
1933
1907
1907
1934
1934
1932
1932
1914
1914
1904
1904
1890
1890
1911
1911
1906
1906
1914
1914
1911
1911
1916
1916
1910
1910
1944
1944
1908
1908
1933
1933
1926
1926
1922
1922
1895
1895
1892
1892
1903
1903
