1923
1889
1921
1888
1887
1896
1942
1874
1874
1905
1905
1905
1918
1918
1892
1892
1892
1891
1891
1891
1921
1912
1916
1916
1913
1897
1897
1883
1883
1883
1911
1911
1911
1906
1915
1907
1910
1865
1928
1901
1926
1937
1937
1937
1907
1907
1907
1907
1907
1907
1900
1902
1902
1902
1900
1900
1900
1923
1923
1923
1929
1929
1929
1926
1926
1926
1916
1923
1925
1887
1918
1920
1898
1900
1934
1932
1907
1907
1932
1932
1926
1895
1895
1935
1908
1918
1918
1909
1904
1908
1908
1908
1910
1910
1910
1894
1905
1904
1902
1919
1870
1921
1878
1878
1879
1879
1912
1912
1912
1892
1926
1912
1893
1897
1924
1887
1909
1909
1909
1923
1909
1902
1902
1902
1902
1902
1928
1928
1930
1930
1938
1935
1934
1934
1929
1894
1890
1895
1895
1895
1922
1922
1922
1927
1927
1927
1876
1923
1922
1941
1916
1916
1937
1925
1930
1904
1939
1898
1898
1898
1908
1915
1926
1926
1887
1887
1924
1924
1879
1879
1921
1921
1921
1910
1910
1910
1921
1923
1919
1937
1908
1933
1937
1908
1933
1878
1875
1895
1932
1932
1935
1935
1901
1901
1932
1935
1901
1927
1888
1922
