1922
1935
1937
1905
1912
1901
1893
1923
1924
1888
1918
1910
1937
1932
1906
1889
1889
1920
1923
1925
1927
1921
1893
1916
1895
1935
1905
1906
1937
1933
1880
1933
1931
1898
1928
1898
1878
1900
1895
1928
1918
1896
1896
1883
1922
1918
1921
1880
1938
1910
1909
1894
1896
1919
1914
1920
1887
1884
1911
1919
1926
1902
1873
1897
1902
1929
1908
1927
1903
1932
1892
1884
1919
1895
1893
1916
1933
1907
1907
1938
1928
1900
1903
1905
1898
1924
1931
1899
1912
1885
1899
1869
1890
1885
1896
1914
1905
1898
1928
1913
1887
1919
1922
1928
1921
1917
1890
1902
1903
1923
1894
1925
1887
1923
1908
1887
1914
1880
1910
1911
1912
1887
1884
1925
1923
1904
1918
1913
1894
1891
1866
1931
1927
1898
1874
1873
1915
1924
1884
1885
1913
1910
1909
1867
1909
1860
1937
1896
1870
1874
1908
1888
1923
1896
1919
1889
1891
1880
1891
1886
1924
1922
1886
1934
1887
1914
1932
1930
1908
1929
1927
1908
1928
1889
1902
1931
1937
1897
1892
1926
1929
1890
1889
1871
1916
1914
1919
1881
1882
1921
1911
1871
1887
1902
1914
1870
1881
1914
1871
1875
1909
1866
1870
1898
1903
1907
1905
1901
