1890
1866
1874
1888
1878
1933
1888
1904
1898
1901
1900
1866
1940
1888
1923
1800
1914
1905
1931
1867
1874
1883
1866
1863
1870
1898
1862
1873
1891
1888
1885
1928
1895
1916
1910
1880
1904
1931
1928
1922
1863
1857
1864
1904
1893
1920
1905
1886
1884
1861
1862
1863
1898
1907
1863
1869
1867
1877
1878
1878
1871
1872
1889
1927
1869
1880
1928
1893
1870
1901
1925
1900
1889
1894
1868
1900
1903
1900
1930
1895
1863
1883
1896
1936
1886
1927
1876
1899
1891
1887
1893
1877
1880
1868
1853
1879
1860
1872
1878
1882
1869
1914
1914
1883
1892
1893
1853
1869
1886
1887
1892
1928
1925
1897
1931
1930
1909
1881
1873
1877
1930
1895
1898
1861
1887
1871
1928
1916
1873
1880
1910
1882
1881
1889
1899
1872
1880
1861
1858
1855
1879
1886
1870
1874
1899
1883
1879
1868
1900
1909
1896
1871
1896
1881
1888
1883
1889
1850
1868
1862
1863
1892
1935
1887
1882
1880
1905
1891
1892
1888
1883
1926
1886
1887
1900
1892
1928
1859
1871
1857
1879
1928
1931
1878
1883
1890
1895
1897
1869
1876
1885
1927
1898
1930
1895
1931
1907
1916
1904
1902
1960
1902
1865
1864
1848
1878
1880
1938
1913
1903
1867
1894
1872
1870
1887
1884
1864
1902
1903
1887
1868
1931
1883
1905
1928
1889
1901
1935
1898
1880
1884
1887
1878
1864
1863
1877
1884
1894
1869
1869
1868
1896
1921
1895
1880
1891
1894
1895
1900
1924
1899
1881
1908
1900
1934
1873
1888
1887
1887
1925
1922
1927
1871
1875
1861
1873
1870
1872
1867
1896
1872
1851
1851
1867
1864
1885
1879
1892
1877
1884
1787
1884
1873
1873
1882
1882
1880
1879
1868
1903
1869
1873
1897
1925
1927
1890
1903
1898
1900
1867
1869
1911
1877
1876
1871
1891
1891
1869
1896
1869
1889
1878
1929
1890
1919
1895
1924
1788
1870
1871
1872
1881
1874
1850
1890
1881
1871
1923
1883
1875
1864
1898
1904
1900
1864
1871
1905
1901
1935
1932
1869
1873
1871
1872
1886
1867
1903
1876
1965
1895
1927
1935
1031
1880
1886
1881
1874
1884
1890
1874
1878
1874
1865
1872
1867
1902
1914
1915
1905
1869
1907
1938
1868
1890
1894
1896
1880
1904
1888
1923
1897
1929
1890
1865
1969
1876
1868
1861
1865
1894
1874
1886
1891
1870
1903
1929
1874
1894
1878
1891
1892
1928
1898
1881
1881
1889
1927
1884
1856
1886
1913
1920
1866
1875
1906
1914
1890
1888
1875
1874
1872
1871
1876
1884
1880
1875
1883
1868
1877
1869
1866
1885
1879
1889
1864
1872
1939
1908
1893
1937
1854
1940
1865
1860
1866
1889
1934
1912
1937
1878
1877
1919
1880
1875
1880
1877
1891
1881
1898
1887
1936
1894
1859
1859
1866
1871
1863
1861
1858
1872
1875
1870
1872
1875
1909
1940
1912
1881
1870
1875
1866
1929
1902
1873
1898
1886
1863
1861
1886
1854
1857
1879
1881
1898
1893
1895
1933
1929
1931
1890
1894
1891
1862
1870
1897
1929
1890
1880
1926
1881
1874
1880
1879
1883
1876
1936
1901
1894
1892
1889
1901
1879
1875
1876
1865
1879
1921
1890
1873
1875
1861
1882
1880
1925
1895
1872
1935
1912
1874
1886
1886
1882
1892
1927
1872
1884
1911
1885
1916
1911
1869
1891
1889
1895
1899
1897
1898
1881
1859
1856
1881
1874
1869
1871
1885
1858
1879
1861
1893
1857
1864
1885
1865
1857
1928
1928
1881
1889
1859
1840
1857
1887
1900
1896
1870
1856
1868
1893
1892
1903
1924
1862
1913
1896
1904
1907
1872
1916
1916
1910
1925
1900
1938
1885
1898
1856
1887
1926
1921
1895
1926
1928
1873
1905
1884
1897
1866
1893
1890
1920
1868
1889
1925
1884
1902
1927
1902
1885
1873
1863
1888
1879
1886
1885
1912
1884
1888
1922
1891
1930
1899
1899
1915
1870
1927
1856
1894
1886
1902
1885
1893
1893
1922
1912
1883
1883
1883
1877
1887
1891
1862
1868
1888
1881
1878
1884
1867
1896
1866
1865
1864
1900
1867
1872
1887
1882
1927
1860
1867
1880
1873
1887
1911
1892
1913
1921
1863
1879
1860
1912
1879
1886
1877
1880
1867
1899
1934
1912
1896
1894
1882
1876
1872
1909
1874
1908
1872
1888
1859
1896
1880
1910
1921
1879
1884
1891
1881
1864
1886
1863
1869
1878
1863
1862
1870
1887
1896
1883
1891
1883
1893
1891
1875
1870
1878
1883
1914
1892
1913
1875
1887
1882
1879
1875
1881
1888
1898
1920
1919
1921
1880
1868
1874
1905
1878
1869
1858
1885
1872
1883
1880
1874
1881
1891
1890
1871
1923
1920
1886
1891
1865
1906
1867
1933
1929
1905
1901
1912
1892
1903
1927
1878
1931
1906
1874
1883
1883
1939
1900
1877
1904
1902
1872
1895
1908
1876
1886
1879
1904
1890
1868
1878
1876
1875
1887
1882
1875
1873
1868
1867
1887
1937
1890
1886
1893
1896
1884
1871
1872
1877
1894
1880
1867
1884
1893
1874
1877
1901
1862
1935
1911
1927
1865
1857
1897
1930
1891
1877
1891
1879
1921
1895
1873
1899
1938
1913
1897
1897
1925
1920
1855
1899
1893
1926
1887
1871
1865
1859
1875
1885
1887
1867
1913
1918
1887
1881
1885
1855
1910
1885
1906
1881
1901
1893
1906
1868
1899
1936
1930
1928
1866
1880
1892
1870
1879
1872
1866
1882
1896
1864
1866
1865
1894
1864
1867
1903
1891
1876
1915
1884
1880
1881
1884
1883
1892
1923
1907
1868
1866
1869
1866
1867
1881
1882
1877
1897
1864
1934
1910
1877
1923
1888
1884
1890
1888
1892
1926
1889
1860
1888
1869
1928
1930
1886
1908
1896
1890
1894
1902
1865
1887
1896
1926
1868
1869
1863
1877
1858
1878
1897
1895
1897
1895
1889
1882
1895
1890
1894
1859
1875
1880
1896
1907
1922
1883
1890
1885
1872
1889
1883
1884
1882
1883
1910
1884
1860
1900
1934
1908
1879
1870
1916
1887
1899
1873
1874
1910
1867
1864
1867
1935
1901
1858
1886
1854
1888
1874
1888
1908
1878
1894
1882
1887
1892
1868
1882
1875
1878
1868
1903
1870
1898
1866
1889
1887
1882
1902
1870
1866
1868
1874
1873
1875
1866
1870
1869
1872
1873
1864
1890
1889
1883
1878
1888
1873
1879
1896
1897
1926
1936
1904
1875
1883
1867
1869
1868
1907
1920
1925
1869
1884
1938
1892
1886
1888
1911
1881
1882
1872
1879
1884
1881
1903
1863
1859
1868
1875
1918
1887
1919
1881
1877
1877
1868
1872
1865
1883
1885
1867
1888
1883
1893
1925
1869
1897
1875
1861
1883
1888
1891
1927
1879
1882
1888
1888
1853
1888
