1905
1907
1899
1897
1915
1899
1899
1923
1898
1920
1899
1898
1931
1906
1917
1915
1920
1898
1900
1923
1912
1912
1875
1903
1913
1878
1881
1875
1940
1910
1876
1882
1912
1872
1928
1900
1896
1934
1942
1907
1865
1916
1925
1922
1920
1924
1908
1906
1937
1899
1876
1871
1887
1904
1867
1900
1900
1867
1936
1902
1913
1921
1913
1873
1873
1896
1899
1927
1902
1900
1937
1914
1890
1913
1919
1909
1878
1916
1914
1920
1937
1899
1924
1914
1909
1926
1910
1879
1883
1886
1878
1861
1894
1915
1911
1914
1915
1886
1915
1893
1921
1917
1914
1930
1901
1900
1928
1930
1901
1900
1928
1925
1889
1889
1915
1890
1912
1918
1875
1908
1900
1902
1912
1912
1923
1912
1904
1878
1898
1902
1930
1897
1928
1906
1877
1913
1926
1917
1882
1880
1924
1906
1920
1924
1925
1881
1897
1895
1927
1923
1895
1888
1886
1935
1883
1883
1892
1905
1896
1929
1936
1912
1937
1888
1921
1899
1926
1923
1926
1921
1893
1894
1909
1889
1917
1887
1887
1924
1880
1921
1888
1896
1922
1921
1912
1890
1908
1883
1900
1921
1929
1897
1924
1897
1900
1929
1902
1926
1895
1895
1894
1890
1923
1902
1920
1921
1920
1888
1887
1913
1866
1913
1923
1917
1901
1939
1903
1929
1885
1885
1885
1880
1902
1898
1911
1923
1913
1903
1927
1896
1880
1903
1910
1877
1923
1918
1877
1915
1886
1898
1904
1916
1925
1871
1928
1872
1920
1888
1880
1887
1889
1921
1917
1923
1889
1885
1888
1881
1893
1942
1927
1903
1898
1922
1929
1937
1932
1907
1909
1896
1919
1873
1925
1882
1882
1919
1865
1902
1874
1890
1905
1905
1877
1931
1907
1939
1939
1902
1878
1930
1908
1933
1935
1899
1907
1916
1869
1933
1900
1909
1905
1931
1899
1885
1923
1920
1886
1916
1903
1912
1914
1909
1916
1920
1887
1926
1926
1927
1896
1929
1889
1874
1867
1908
1934
1909
1937
1890
1924
1896
1925
1904
1914
1904
1874
1932
1922
1896
1895
1920
1927
1893
1924
1887
1926
1930
1881
1878
1888
1891
1921
1926
1927
1899
1928
1930
1939
1931
1934
1932
1908
1935
1906
1895
1895
1937
1908
1908
1934
1914
1907
1935
1939
1918
1908
1938
1932
1936
1905
1883
1908
1923
1907
1915
1887
1924
1913
1926
1916
1923
1873
1923
1872
1913
1917
1886
1921
1939
1883
1919
1912
1920
1891
1890
1928
1921
1923
1882
1918
1888
1888
1939
1907
1902
1930
1932
1906
1906
1900
1891
1925
1927
1900
1900
1924
1929
1926
1940
1914
1879
1920
1927
1896
1928
1893
1922
1926
1908
1937
1935
1894
1931
1927
1919
1921
1894
1891
1897
1925
1878
1873
1917
1893
1888
1925
1916
1886
1918
1886
1937
1890
1895
1907
1936
1907
1906
1912
1888
1918
1912
1927
1893
1931
1881
1888
1914
1932
1901
1935
1903
1937
1933
1911
1910
1937
1907
1898
1923
1889
1922
1888
1883
1923
1876
1872
1903
1931
1910
1915
1884
1922
1880
1887
1908
1882
1901
1928
1919
1932
1932
1900
1878
1879
1897
1893
1905
1905
1935
1935
1876
1875
1905
1936
1903
1918
1911
1910
1923
1919
1903
1936
1903
1909
1924
1892
1882
1920
1911
1934
1911
1907
1916
1893
1906
1908
1903
1940
1911
1895
1888
1911
1919
1897
1913
1880
1886
1919
1921
1890
1922
1885
1920
1890
1918
1925
1912
1920
1916
1931
1928
1892
1892
1897
1923
