1902
1913
1912
1904
1923
1910
1927
1915
1923
1879
1914
1914
1901
1924
1924
1920
1921
1919
1909
1914
1916
1903
1926
1889
1897
1901
1929
1923
1926
1918
1917
1911
1926
1922
1915
1909
1915
1921
1909
1918
1927
1906
1910
1923
1927
1904
1923
1902
1900
1892
1912
1919
1911
1922
1920
1923
1913
1919
1903
1907
1907
1925
1919
1924
1930
1902
1913
1920
1907
1913
1927
1926
1922
1909
1920
1897
1917
1921
1921
1921
1921
1917
1911
1918
1919
1910
1900
1900
1923
1900
1928
1909
1899
1913
1920
1922
1922
1923
1914
1928
1928
1910
1902
1922
1927
1926
1926
1913
1889
1919
1922
1918
1925
1913
1924
1920
1920
1923
1926
1906
1910
1925
1902
1912
1926
1908
1912
1926
1922
1912
1910
1925
1901
1908
1909
1926
1898
1917
1912
1900
1911
1919
1910
1919
1912
1913
1912
1914
1924
1910
1929
1910
1922
1924
1921
1917
1895
1920
1920
1916
1923
1915
1909
1917
1908
1909
1925
1897
1908
1917
1922
1911
1917
1921
1916
1916
1925
1922
1922
1910
1910
1910
1908
1904
1907
1900
1900
1909
1920
1902
1921
1900
1916
1907
1900
1925
1911
1921
1922
1926
1926
1919
1914
1911
1907
1902
1926
1910
1902
1925
1925
1914
1914
1900
1907
1908
1926
1885
1922
1920
1885
1909
1911
1919
1908
1922
1913
1890
1912
1903
1892
1915
1912
1900
1928
1923
1920
1911
1901
1922
1895
1919
1919
1914
1925
1896
1914
1911
1928
1910
1914
1914
1917
1921
1900
1909
1914
1916
1890
1926
1912
1922
1929
1917
1921
1921
1906
1923
1926
1926
1910
1908
1917
1900
1919
1902
1911
1917
1915
1922
1921
1914
1880
1900
1914
1923
1921
1924
1924
1910
1908
1926
1900
1912
1911
1900
1901
1922
1912
1924
1924
1920
1919
1929
1911
1915
1902
1902
1921
1920
1915
1927
1916
1925
1916
1914
1904
1915
1896
1923
1927
1924
1909
1910
1923
1910
1917
1913
1896
1926
1925
1925
1922
1913
1912
1900
1915
1924
1920
1894
1919
1929
1920
1924
1925
1925
1925
1911
1917
1924
1922
1913
1919
1919
1909
1914
1912
1913
1914
1915
1914
1911
1912
1898
1909
1900
1916
1904
1923
1900
1900
1916
1924
1900
1897
1928
1925
1922
1920
1910
1910
1906
1912
1886
1923
1904
1917
1926
1900
1927
1914
1914
1900
1900
1925
1903
1910
1920
1925
1913
1900
1924
1912
1900
1900
1924
1910
1910
1909
1900
1900
1927
1922
1923
1894
1900
1925
1889
1900
1900
1926
1915
1900
1900
1922
1924
1929
1900
1926
1920
1926
1917
1925
1926
1926
1925
1928
1924
1901
1923
1911
1900
1928
1923
1911
1900
1928
1922
1906
1909
1924
1908
1913
1922
1913
1910
1899
1900
1920
1927
1912
1912
1927
1909
1893
1922
1925
1905
1923
1912
1914
1922
1916
1912
1904
1907
1903
1925
1927
1898
1895
1902
1915
1907
1913
1924
1928
1900
1907
1923
1924
1913
1923
1915
1914
1900
1905
1905
1889
1900
1927
1900
1906
1909
1917
1920
1914
1902
1904
1925
1920
1926
1907
1913
1890
1921
1903
1907
1915
1922
1921
1916
1926
1914
1928
1913
1924
1923
1921
1900
1914
1909
1924
1913
1910
1912
1923
1925
1926
1921
1921
1900
1925
1916
1912
1928
1926
1912
1919
1919
1910
1922
1900
1914
1918
1903
1921
1926
1925
1890
1924
1917
1901
1895
1919
1921
1907
1919
1915
1925
1921
1923
1923
1915
1901
1911
1910
1910
1912
1908
1897
1916
1906
1917
1912
1911
1923
1926
1915
1910
1920
1922
1925
1904
1920
1919
1923
1899
1909
1917
1919
1924
1900
1900
1923
1921
1912
1923
1913
1922
1918
1919
1900
1924
1921
1913
1903
1909
1900
1916
1909
1910
1913
1920
1924
1896
1918
1913
1913
1919
1905
1915
1906
1926
1927
1900
1913
1900
1926
1927
1928
1900
1906
1910
1927
1922
1923
1914
1913
1900
1921
1928
1919
1894
1926
1920
1911
1900
1918
1905
1922
1899
1910
1923
1912
1907
1900
1912
1905
1922
1906
1924
1914
1918
1920
1919
1915
1926
1919
1922
1923
1914
1922
1921
1923
1918
1899
1896
1920
1906
1915
1897
1914
1900
1916
1917
1921
1924
1924
1922
1927
1924
1917
1912
1900
1914
1918
1910
1900
1909
1917
1915
1900
1908
1915
1902
1922
1923
1925
1921
1925
1919
1916
1922
1922
1925
1921
1909
1911
1925
1927
1919
1921
1919
1915
1911
1891
1901
1926
1927
1922
1919
1912
1918
1917
1924
1922
1912
1912
1924
1900
1898
1913
1918
1904
1907
1920
1920
1898
1913
1907
1914
1920
1912
1926
1920
1927
1912
1898
1910
1898
1926
1922
1922
1920
1900
1900
1920
1920
1929
1915
1900
1903
1924
1909
1925
1900
1924
1923
1925
1927
1919
1924
1903
1900
1919
1919
1927
1907
1923
1921
1919
1913
1900
1913
1916
1910
1925
1910
1921
1920
1904
1929
1912
1909
1913
1925
1908
1924
1919
1900
1911
1918
1914
1915
1911
1922
1916
1922
1900
1904
1925
1922
1915
1919
1917
1926
1915
1919
1907
1910
1903
1899
1926
1907
1910
1914
1923
1906
1908
1924
1909
1925
1917
1918
1925
1914
1922
1918
1906
1919
1916
1921
1924
1927
1900
1917
1909
1918
1923
1906
1921
1915
1908
1915
1923
1922
1900
1927
1900
1900
1923
1911
1927
1915
1900
1924
1920
1912
1900
1904
1911
1911
1913
1907
1912
1906
1925
1910
1900
1922
1911
1906
1924
1913
1914
1920
1914
1920
1911
1915
1910
1916
1911
1916
1920
1925
1926
1903
1910
1917
1903
1927
1928
1900
1925
1915
1923
1917
1924
1920
1921
1925
1921
1916
1922
1910
1914
1921
1914
1912
1921
1928
1907
1914
1908
1915
1911
1920
1907
1924
1927
1915
1914
1913
1914
1911
1901
1909
1920
1906
1913
1908
1913
1902
1917
1911
1893
1900
1914
1926
1916
1902
1914
1914
1900
1919
1904
1925
1925
1925
1920
1926
1920
1923
1926
1909
1923
1902
1920
1913
1907
1920
1913
1904
1909
1903
1910
1921
1919
1923
