1900
1900
1877
1877
1895
1895
1911
1911
1884
1884
1898
1898
1893
1893
1921
1921
1920
1920
1923
1923
1940
1940
1903
1903
1930
1930
1902
1902
1904
1904
1928
1928
1930
1930
1933
1933
1900
1900
1901
1901
1903
1903
1906
1906
1934
1934
1903
1903
1940
1940
1908
1908
1912
1912
1926
1926
1912
1912
1930
1930
1892
1892
1915
1915
1935
1935
1900
1900
1911
1911
1889
1889
1901
1901
1918
1918
1934
1934
1904
1904
1912
1912
1903
1903
1902
1902
1919
1919
1919
1919
1915
1915
1915
1915
1916
1916
1916
1916
1902
1902
1902
1902
1910
1910
1886
1886
1885
1885
1925
1925
1923
1923
1914
1914
1927
1927
1903
1903
1907
1907
1897
1897
1931
1931
1907
1907
1935
1935
1887
1887
1885
1885
1922
1922
1923
1923
1917
1917
1908
1908
1895
1895
1933
1933
1900
1900
1892
1892
1925
1925
1926
1926
1930
1930
1929
1929
1908
1908
1879
1879
1897
1897
1908
1908
1933
1933
1884
1884
1921
1921
1925
1925
1923
1923
1900
1900
1882
1882
1884
1884
1943
1943
1914
1914
1900
1900
1928
1928
1884
1884
1906
1906
1934
1934
1932
1932
1910
1910
1937
1937
1898
1898
1916
1916
1925
1925
1898
1898
1923
1923
1894
1894
1919
1919
1937
1937
1932
1932
1927
1927
1930
1930
1894
1894
1926
1926
1894
1894
1934
1934
1907
1907
1902
1902
1902
1902
1929
1929
1878
1878
1894
1894
1933
1933
1900
1900
1915
1915
1910
1910
1913
1913
1938
1938
1904
1904
1888
1903
1888
1903
1939
1939
1900
1900
1907
1907
1873
1873
1905
1905
1921
1921
1900
1900
1912
1912
1929
1929
1922
1922
1911
1911
1911
1911
1925
1925
1900
1900
1919
1919
1929
1929
1921
1921
1933
1933
1900
1900
1940
1940
1912
1912
1911
1911
1933
1933
1894
1894
1886
1886
1921
1921
1935
1935
1903
1903
1938
1938
1901
1901
1930
1930
1919
1919
1929
1929
1934
1934
1911
1911
1924
1924
1919
1919
1922
1922
1884
1884
1891
1891
1922
1922
1907
1907
1911
1911
1910
1910
1903
1903
1927
1927
1926
1926
1903
1903
1918
1918
1922
1922
1900
1900
1921
1921
1900
1900
1875
1875
1928
1928
1919
1919
1922
1922
1921
1921
1931
1931
1903
1903
1905
1905
1936
1936
1912
1912
1908
1908
1903
1903
1879
1879
1879
1879
1900
1900
1919
1919
1925
1925
1904
1904
1930
1930
1931
1931
1902
1902
1930
1930
1932
1932
1909
1909
1926
1926
1907
1907
1933
1933
1886
1886
1885
1885
1913
1913
1887
1887
1924
1924
1931
1931
1905
1905
1923
1923
1892
1892
1903
1903
1922
1922
1892
1892
1924
1924
1923
1923
1897
1897
1930
1930
1907
1907
1897
1897
1925
1925
1919
1919
1898
1898
1909
1909
1941
1941
1910
1910
1914
1914
1935
1935
1920
1920
1885
1885
1892
1892
1920
1920
1891
1903
1903
1891
1891
1891
1923
1923
1914
1914
1921
1921
1901
1901
1942
1942
1906
1906
1910
1910
1912
1912
1899
1899
1908
1908
1877
1877
1871
1871
1908
1908
1885
1885
1934
1934
1902
1902
1903
1903
1937
1937
1902
1902
1937
1937
1906
1906
1898
1898
1927
1927
1931
1931
1903
1903
1902
1902
1870
1870
1904
1904
1938
1938
1919
1919
1893
1893
1920
1920
1918
1918
1923
1923
1925
1925
1914
1914
1917
1917
1920
1920
1904
1904
1903
1903
1905
1905
1913
1913
1934
1934
1915
1915
1874
1874
1926
1926
1926
1926
1897
1897
1923
1923
1926
1926
1898
1898
1936
1936
1903
1903
1907
1907
1931
1931
1938
1938
1909
1909
1909
1909
1936
1936
1871
1871
1900
1900
1900
1900
1899
1899
1925
1925
1928
1928
1895
1895
1895
1895
1939
1939
1911
1911
1917
1917
1931
1931
1905
1905
1898
1898
1923
1923
1900
1900
1895
1895
1895
1895
1925
1925
1931
1931
1919
1919
1914
1914
1908
1908
1900
1900
1938
1938
1900
1900
1929
1929
1902
1902
1938
1938
1938
1938
1908
1908
1908
1908
1913
1913
1912
1912
1935
1935
1925
1925
1914
1914
1908
1908
1924
1924
1887
1887
1915
1915
1915
1915
1919
1919
1901
1901
1897
1897
1870
1870
1919
1919
1900
1900
1941
1941
1934
1934
1911
1911
