1910
1905
1911
1933
1905
1936
1926
1891
1919
1928
1893
1921
1917
1911
1917
1910
1889
1887
1922
1924
1925
1901
1933
1932
1937
1918
1880
1916
1910
1876
1910
1933
1911
1903
1917
1917
1906
1876
1916
1913
1904
1906
1901
1870
1918
1890
1890
1922
1918
1924
1916
1884
1880
1914
1892
1880
1920
1905
1917
1933
1935
1909
1937
1904
1914
1926
1900
1898
1924
1928
1896
1924
1919
1895
1893
1894
1930
1919
1922
1930
1909
1924
1912
1917
1880
1917
1886
1940
1919
1877
1863
1855
1868
1923
1916
1887
1893
1928
1903
1938
1912
1924
1923
1911
1940
1913
1891
1933
1931
1922
1900
1927
1925
1930
1921
1884
1886
1927
1925
1894
1927
1902
1873
1908
1925
1925
1892
1929
1892
1903
1902
1906
1866
1899
1882
1919
1911
1911
1878
1924
1890
1920
1923
1932
1933
1903
1924
1932
1935
1906
1928
1919
1890
1916
1892
1926
1876
1911
1909
1915
1890
1921
1889
1865
1911
1934
1904
1909
1905
1914
1911
1906
1935
1910
1877
1873
1910
1885
1887
1889
1913
1935
1936
1917
1884
1895
1937
1930
1928
1894
1916
1859
1938
1909
1873
1909
1910
1936
1883
1922
1938
1905
1907
1936
1911
1912
1912
1921
1868
1938
1909
1908
1911
1893
1910
1879
1902
1877
1911
1914
1936
1879
1877
1917
1886
1916
1914
1933
1885
1924
1915
1898
1929
1900
1926
1938
1875
1884
1883
1883
1918
1919
1937
1908
1907
1893
