1908
1908
1896
1912
1903
1882
1924
1928
1936
1913
1902
1937
1906
1905
1927
1915
1875
1882
1931
1927
1900
1897
1923
1926
1921
1926
1913
1898
1920
1922
1894
1928
1923
1920
1926
1914
1911
1892
1885
1912
1914
1918
1890
1925
1912
1909
1916
1941
1871
1930
1924
1927
1926
1908
1929
1909
1892
1905
1915
1928
1932
1930
1902
1925
1930
1899
1887
1918
1929
1892
1928
1929
1896
1913
1907
1915
1927
1930
1932
1927
1900
1904
1876
1906
1908
1901
1939
1907
1914
1883
1937
1926
1926
1928
1928
1911
1929
1887
1887
1924
1928
1898
1897
1923
