1921
1917
1875
1868
1876
1904
1917
1890
1885
1920
1924
1929
1896
1924
1928
1894
1888
1931
1902
1909
1932
1913
1904
1929
1934
1922
1925
1878
1880
1924
1915
1912
1876
1895
1927
1939
1916
1902
1905
1904
1908
1937
1897
1901
1915
1881
1905
1907
1913
1937
1911
1939
1940
1911
1867
1912
1880
1934
1933
1910
1912
1918
1887
1899
1933
1898
1928
1910
1896
1928
1919
1933
1892
1929
1940
1903
1892
1923
1895
1901
1923
1913
1881
1878
1940
1904
1878
1878
1899
1931
1938
1929
1936
1925
1889
1915
1927
1904
1879
1913
1903
1880
1906
1910
1922
1911
1942
1932
1928
1928
1938
1938
1902
1903
1906
1887
1875
1871
1911
1913
1879
1907
1930
1902
1904
1911
1899
1900
1907
1891
1921
1910
1881
1879
1917
1875
1910
1938
1893
1884
1924
1889
1905
1868
1871
1903
1928
1899
1904
1902
1898
1893
1926
1925
1893
1904
1910
1920
1929
1867
1908
1901
1907
1938
1895
1924
1890
1922
1896
1917
1923
1929
1897
1885
1927
1915
1934
1897
1926
1925
1892
1927
1914
1904
1916
1916
1928
1932
1903
1923
1924
1884
1927
1926
1902
1871
1896
1911
1909
1918
1912
1923
