1900
1900
1900
1900
1900
1900
1901
1901
1893
1893
1935
1935
1902
1902
1900
1900
1900
1900
1900
1900
1900
1900
1902
1902
1936
1936
1911
1911
1900
1900
1891
1891
1917
1917
1886
1886
1885
1885
1925
1925
1923
1923
1914
1914
1921
1921
1927
1927
1914
1914
1900
1900
1900
1900
1900
1900
1879
1879
1923
1923
1913
1913
1900
1900
1853
1853
1900
1900
1890
1890
1919
1919
1891
1891
1916
1916
1924
1924
1923
1923
1919
1919
1923
1923
1930
1930
1893
1893
1903
1903
1900
1900
1904
1904
1912
1912
1900
1900
1929
1929
1926
1926
1900
1900
1900
1900
1900
1900
1914
1914
1900
1900
1878
1878
1877
1877
1912
1912
1876
1876
1909
1909
1881
1881
1918
1918
1881
1881
1900
1900
1902
1902
1937
1937
1885
1885
1914
1914
1918
1918
1884
1884
1911
1911
1901
1901
1900
1900
1905
1905
1908
1908
1900
1900
1906
1906
1912
1912
1898
1898
1900
1900
1893
1893
1900
1900
1907
1907
1906
1906
1884
1884
1893
1893
1927
1927
1923
1923
1892
1892
1908
1908
1923
1923
1910
1910
1921
1921
1891
1891
1894
1894
1909
1909
1929
1929
1905
1905
1919
1919
1934
1934
1902
1902
1899
1899
1927
1927
1931
1931
1880
1880
1880
1880
1915
1915
1918
1918
1912
1912
1937
1937
1890
1890
1920
1920
1926
1926
1900
1900
1900
1900
1914
1914
1900
1900
1900
1887
1900
1887
1885
1885
1900
1900
1900
1900
1867
1867
1906
1906
1891
1891
1928
1928
1874
1874
1882
1882
1919
1919
1900
1900
1906
1906
1900
1900
1900
1900
1917
1917
1923
1923
1897
1897
1935
1935
1903
1903
1937
1937
1909
1909
1898
1898
1888
1888
1920
1920
1923
1923
1925
1925
1879
1879
1901
1901
1904
1904
1906
1906
1859
1859
1934
1934
1925
1925
1890
1890
1904
1904
1934
1934
1904
1904
1926
1926
1889
1889
1920
1920
1918
1918
1888
1888
1923
1923
1900
1900
1910
1910
1906
1906
1873
1873
1900
1900
1889
1889
1880
1880
1909
1909
1907
1907
1910
1910
1934
1934
1871
1871
1887
1887
1904
1904
1919
1919
1891
1891
1900
1900
1900
1900
1884
1884
1900
1900
1910
1910
1929
1929
1937
1937
1904
1904
1904
1904
1872
1872
1900
1900
1923
1923
1900
1900
1900
1900
1908
1908
1930
1930
1928
1928
1924
1924
1900
1900
1935
1935
1924
1924
1921
1921
1900
1900
1882
1882
1893
1893
1900
1900
1893
1893
1889
1889
1929
1929
1900
1900
1900
1900
1890
1890
1922
1922
1891
1891
1907
1907
1875
1875
1910
1910
1912
1912
1918
1918
1913
1913
1900
1900
1900
1900
1924
1924
1898
1898
1931
1931
1925
1925
1900
1900
1900
1900
1936
1936
1914
1914
1900
1900
1900
1900
1940
1940
1907
1907
1900
1900
1900
1900
1900
1900
1900
1900
1894
1894
1908
1908
1938
1938
1910
1910
1903
1903
1879
1879
1868
1868
1939
1939
1910
1910
1937
1937
1901
1901
1868
1868
1869
1869
1900
1900
1900
1900
1900
1900
1900
1900
1900
1900
1900
1900
1928
1928
1900
1900
1900
1900
1879
1879
1877
1877
1900
1900
1911
1911
1908
1908
1902
1902
1889
1889
1912
1912
1882
1882
1909
1909
1900
1900
1900
1900
1907
1907
1909
1909
1900
1900
1912
1912
1900
1900
1900
1900
1900
1900
1909
1909
1900
1900
1938
1938
1939
1939
1922
1922
1900
1900
1878
1878
1880
1880
1916
1916
1914
1914
1866
1866
1877
1877
1904
1904
1916
1916
1914
1914
1889
1889
1923
1923
1890
1890
1893
1893
1889
1889
1920
1920
1909
1909
1918
1918
1889
1889
1900
1900
1930
1930
1929
1929
1934
1934
1900
1900
1937
1937
1899
1899
1927
1927
1925
1925
1936
1936
1874
1874
1882
1882
1910
1910
