1898
1898
1919
1919
1897
1897
1919
1919
1922
1922
1930
1930
1931
1931
1900
1900
1927
1927
1929
1929
1910
1910
1900
1900
1929
1929
1924
1924
1922
1922
1943
1943
1910
1910
1886
1886
1916
1916
1909
1909
1943
1943
1913
1913
1909
1909
1900
1900
1918
1918
1912
1912
1885
1885
1911
1911
1924
1924
1884
1884
1921
1921
1912
1912
1913
1913
1909
1909
1930
1930
1901
1901
1922
1922
1908
1908
1902
1902
1897
1897
1934
1934
1929
1929
1901
1901
1909
1909
1906
1906
1910
1910
1912
1912
1932
1932
1896
1896
1925
1925
1896
1896
1909
1909
1933
1933
1911
1911
1938
1938
1876
1876
1929
1929
1919
1919
1927
1927
1922
1922
1924
1924
1890
1890
1882
1882
1920
1920
1934
1934
1936
1936
1907
1907
1902
1902
1915
1915
1927
1927
1893
1893
1929
1929
1896
1896
1928
1928
1924
1924
1927
1927
1937
1937
1908
1908
1928
1928
1894
1894
1911
1911
1883
1883
1936
1936
1911
1911
1908
1908
1904
1904
1933
1933
1902
1902
1902
1902
1936
1936
1913
1913
1894
1894
1917
1917
1903
1903
1929
1929
1931
1931
1896
1896
1885
1885
1920
1920
1899
1899
1924
1924
1926
1926
1920
1920
1923
1923
1914
1914
