1893
1857
1867
1879
1908
1870
1903
1938
1920
1938
1899
1914
1936
1936
1914
1914
1901
1901
1901
1903
1892
1892
1922
1922
1922
1922
1889
1889
1889
1889
1904
1904
1912
1933
1904
1904
1895
1892
1914
1900
1901
1896
1892
1897
1896
1903
1914
1910
1899
1901
1909
1902
1902
1902
1893
1893
1893
1927
1900
1915
1917
1917
1911
1927
1929
1907
1879
1913
1913
1864
1864
1867
1867
1912
1931
1907
1885
1914
1914
1919
1919
1914
1911
1915
1938
1935
1901
1928
1932
1900
1900
1938
1935
1925
1871
1922
1906
1876
1867
1906
1938
1898
1899
1939
1931
1933
1865
1875
1906
1914
1893
1937
1911
1939
1876
1873
1890
1899
1899
1877
1890
1891
1895
1879
1908
1911
1911
1883
1883
1916
1880
1880
1876
1889
1888
1898
1912
1925
1925
1925
1896
1896
1927
1927
1897
1881
1884
1886
1879
1923
1879
1886
1877
1924
1930
1927
1872
1872
1872
1907
1914
1897
1897
1897
1916
1942
1942
1939
1939
1885
1917
1917
1917
1923
1923
1909
1909
1909
1925
1925
1913
1913
1916
1916
1930
1930
1925
1925
1925
1897
1897
1897
1928
1928
1928
1878
1878
1878
1878
1911
1917
1917
1917
1917
1875
1875
1875
1942
1913
1914
1919
1942
1916
1925
1908
1886
1896
1932
1899
1927
1923
1925
1939
1919
1890
1879
1915
1915
1879
1879
1881
1881
1881
1920
1920
1920
1887
1887
1887
1887
1912
1912
1912
1910
1910
1910
1920
1912
1910
1925
1923
1927
1931
1896
1905
1889
1881
1874
1882
1904
1901
1904
1872
1872
1920
1926
1859
1918
1918
1860
1874
1917
1917
1926
1895
1908
1925
1890
1875
1881
1882
1900
1866
1892
1915
1905
1936
1913
1899
1872
1873
1906
1906
1906
1872
1873
1873
1906
1906
1906
1914
1877
1875
1887
1937
1912
1891
1876
1917
1879
1913
1870
1929
1907
1903
1904
1912
1906
1906
1892
1934
1931
1905
1903
1885
1871
1913
1902
1911
1888
1908
1914
1914
1916
1918
1912
1926
1887
1923
1887
1901
1874
1904
1868
1921
1918
1882
1913
1884
1911
1930
1899
1891
1920
1899
1923
1913
1906
1906
1905
1900
1900
1900
1900
1932
1932
1932
1899
1899
1899
1899
1897
1930
1930
1922
1922
1922
1936
1925
1903
1903
1932
1932
1857
1857
1857
1921
1919
1880
1891
1891
1891
1903
1903
1860
1924
1924
1923
1913
1888
1888
1888
1891
1891
1911
1910
1878
1869
1886
1883
1876
1887
1910
1910
1914
1903
1903
1930
1903
1873
1877
1913
1902
1912
1918
1880
1891
1873
1893
1921
1917
1883
1939
1916
1913
1886
1886
1927
1927
1927
1923
1923
1892
1892
1906
1926
1892
1897
1885
1905
1909
1939
1875
1875
1875
1897
1888
1902
1864
1912
1885
1919
1915
1923
1924
1914
1925
1917
1888
1885
1879
1899
1899
1899
1899
1882
1879
1908
1908
1882
1882
1863
1864
1904
1915
1937
1899
1899
1859
1937
1939
1859
1859
1889
1907
1875
1903
1935
1909
1933
1875
1935
1909
1939
1871
1891
1920
1889
1889
1891
1920
1898
1865
1880
1887
1889
1924
1922
1890
1887
1880
1878
1907
1907
1919
1919
1901
1910
1923
1930
1895
1927
1937
1912
1932
1922
1932
1932
1907
1907
1905
1911
1878
1871
1900
1860
1874
1899
1872
1899
1909
1912
1912
1915
1911
1930
1931
1907
1920
1901
1873
1909
1913
1914
1886
1886
1880
1882
1882
1886
1915
1916
1916
1908
1910
1910
1907
1883
1889
1920
1919
1887
1886
1916
1890
1886
1881
1884
1924
1895
1877
1877
1937
1931
1931
1904
1904
1910
1910
1937
1891
1921
1910
1938
1928
1900
1901
1901
1927
1927
1900
1900
1910
1925
1925
1929
1929
1898
1895
1895
1919
1919
1895
1895
1895
1933
1933
1933
1924
1924
1924
1929
1929
1929
1926
1926
1926
1895
1896
1896
1922
1922
1922
1910
1905
1918
1913
1890
1889
1881
1881
1860
1902
1907
1935
1906
1935
1908
1925
1944
1906
1927
1932
1899
1930
1903
1888
1920
1888
1908
1902
1904
1912
1912
1912
1907
1907
1932
1932
1934
1912
1911
1916
1880
1899
1899
1901
1901
1879
1889
1894
1909
1904
1927
1923
1925
1899
1922
1922
1922
1897
1897
1897
1924
1924
1924
1920
1920
1920
1897
1897
1897
1925
1925
1890
1890
1931
1931
1903
1903
1896
1896
1911
1903
1903
1927
1927
1928
1928
1912
1876
1937
1912
1904
1927
1923
1925
1899
1901
1878
1914
1912
1884
1899
1899
1899
1864
1916
1892
1899
1879
1927
1927
1930
1902
1902
1933
1910
1902
1902
1933
1914
1935
1909
1912
1912
1912
1937
1939
1941
1916
1915
1884
1914
1913
1915
1892
1911
1912
