1917
1881
1934
1915
1915
1927
1929
1897
1927
1901
1858
1904
1881
1914
1900
1926
1927
1907
1920
1924
1928
1925
1930
1896
1929
1930
1934
1924
1936
1927
1904
1898
1932
1898
1926
1877
1919
1917
1913
1910
1905
1909
1933
1909
1912
1912
1902
1878
1918
1905
1902
1931
1934
1908
1885
1928
1885
1915
1905
1932
1927
1939
1922
1918
1878
1902
1918
1905
1885
1891
1922
1895
1926
1920
1908
1902
1910
1874
1927
1911
1930
1909
1909
1878
1881
1877
1912
1878
1913
1878
1898
1929
1911
1932
1916
1899
1923
1908
1881
1918
1915
1931
1901
1907
1941
1912
1938
1912
1920
1913
1917
1872
1935
1933
1904
1923
1906
1920
1927
1924
1910
1907
1865
1899
1925
1933
1935
1915
1923
1901
1919
1897
1909
1875
1932
1935
1927
1937
1897
1926
