1906
1906
1937
1937
1931
1931
1925
1925
1895
1895
1891
1891
1900
1900
1922
1922
1934
1934
1904
1904
1939
1939
1908
1908
1930
1930
1938
1938
1932
1932
1905
1905
1919
1919
1878
1878
1880
1880
1910
1910
1926
1926
1892
1892
1884
1884
1918
1918
1914
1914
1936
1913
1913
1936
1934
1934
1908
1908
1898
1898
1914
1914
1909
1909
1937
1937
1907
1907
1906
1906
1934
1934
1925
1925
1895
1895
1928
1928
1918
1918
1927
1927
1916
1916
1921
1921
1940
1940
1904
1904
1935
1935
1931
1931
1921
1921
1917
1917
1917
1917
1919
1919
1914
1914
1898
1898
1916
1916
1900
1900
1912
1912
1929
1929
1924
1924
1901
1901
1881
1881
1923
1923
1892
1892
1898
1898
1921
1921
1896
1896
1906
1906
1904
1904
1921
1921
1918
1918
1927
1927
1892
1892
1928
1928
1920
1920
1909
1909
1936
1936
1900
1900
1907
1907
1901
1901
1912
1912
1902
1902
1942
1942
1922
1922
1914
1914
1923
1923
1908
1908
1919
1919
1919
1919
1894
1922
1922
1894
1894
1930
1930
1895
1895
1921
1921
1920
1920
1906
1906
1906
1906
1925
1925
1943
1943
1925
1925
1931
1931
1929
1929
1898
1898
1896
1896
1926
1926
1928
1928
1916
1916
1924
1924
1920
1920
1895
1895
1922
1922
1903
1903
1913
1913
1919
1919
1883
1883
1892
1892
1922
1922
