1906
1897
1902
1904
1884
1919
1887
1882
1884
1887
1883
1909
1882
1935
1908
1907
1876
1916
1877
1874
1895
1884
1894
1886
1890
1875
1884
1887
1897
1876
1928
1904
1925
1921
1889
1886
1879
1890
1894
1935
1900
1877
1900
1893
1925
1896
1899
1880
1882
1892
1923
1888
1892
1887
1908
1929
1896
1924
1898
1897
1895
1939
1899
1880
1882
1888
1890
1920
1898
1889
1885
1917
1891
1885
1901
1874
1877
1920
1880
1880
1885
1883
1905
1886
1889
1906
1922
1889
1894
1923
1878
1879
1917
1922
1896
1887
1879
1938
1905
1935
1907
