1920
1925
1894
1895
1892
1927
1920
1923
1935
1925
1907
1912
1912
1910
1936
1916
1910
1915
1909
1878
1913
1905
1905
1921
1937
1914
1896
1897
1923
1926
1924
1882
1913
1928
1928
1921
1921
1886
1886
1887
1887
1923
1923
1927
1927
1906
1906
1887
1916
1931
1923
1885
1929
1902
1929
1902
1920
1905
1906
1879
1943
1912
1885
1919
1902
1890
1890
1907
1927
1877
1898
1916
1918
1936
1896
1924
1911
1912
1877
1915
1942
1915
1918
1933
1903
1930
1928
1904
1904
1897
1912
1924
1924
1925
1925
1924
1889
1883
1883
1919
1923
1919
1913
1913
1878
1878
1875
1875
1912
1889
1889
1927
1911
1939
1909
1939
1919
1918
1912
1921
1895
1926
1893
1904
1904
1921
1931
1912
1912
1914
1917
1917
1899
1899
1898
1898
1933
1933
1926
1926
1935
1933
1903
1915
1889
1907
1923
1930
1870
1906
1902
1913
1915
1904
1905
1929
1931
1928
1914
