1932
1905
1932
1924
1921
1907
1926
1909
1916
1917
1918
1914
1922
1894
1888
1910
1907
1896
1875
1872
1921
1867
1921
1882
1906
1882
1924
1909
1924
1913
1920
1885
1883
1914
1925
1931
1919
1901
1928
1898
1926
1929
1919
1917
1910
1913
1912
1894
1899
1894
1898
1905
1893
1932
1878
1877
1889
1901
1928
1925
1886
1895
1906
1893
1886
1914
1887
1913
1897
1926
1900
1928
1922
1898
1916
1919
1909
1883
1929
1902
1931
1910
1907
1883
1892
1936
1934
1899
1912
1929
1917
1920
1900
1917
1911
1893
1880
1875
1915
1908
1875
1902
1885
1873
1915
1940
1915
