1886
1936
1938
1899
1915
1891
1927
1925
1922
1880
1933
1900
1928
1930
1898
1870
1869
1884
1920
1914
1923
1909
1911
1877
1918
1938
1908
1935
1912
1877
1921
1909
1937
1895
1897
1926
1927
1903
1912
1879
1931
1917
1875
1939
1934
1905
1909
1920
1909
1939
1917
1908
1916
1919
1869
1928
1923
1923
1878
1915
1877
1880
1888
1892
1896
1913
1883
1918
1885
1922
1940
1914
1910
1907
1886
1925
1887
1888
1914
1928
1910
1920
1887
1925
1933
1923
1895
1879
1880
1907
1870
1902
1870
1905
1929
1938
1928
1902
1935
1904
1932
1885
1885
1925
1901
1927
1907
1909
1879
1883
1927
1916
1932
1925
1891
1929
1900
1929
1930
1926
1924
1894
1919
1924
1902
1937
1930
1932
1921
1890
1928
1888
1912
1917
1930
1925
1874
1889
1926
1920
1889
1932
1924
1922
1894
1903
1935
1904
1927
1886
1920
1922
1925
1890
1932
1938
1911
1908
1905
1871
1909
1878
1878
1889
1893
1917
1922
1893
1913
1928
1899
1898
1906
1904
1906
1937
1916
1879
1915
1917
1923
1927
1926
1901
1919
1913
1879
1882
1911
1884
1924
1911
1884
1916
1907
1931
1894
1906
1859
1924
1890
1859
1937
1926
1902
1879
1922
1881
1907
1935
1938
1903
1907
1878
1909
1880
1921
1934
1909
1930
1885
1931
1929
1905
1925
1927
1898
1894
1897
1914
1885
1924
1885
1915
1912
1920
1925
1920
1934
1922
1927
1929
1930
1901
1939
1929
1929
1923
1925
1903
1929
1927
1931
1935
1902
1925
1930
1929
1874
1900
1867
1871
1885
1914
1938
1908
1896
1895
1876
1894
1893
1928
1924
1912
1940
1884
1926
1921
1913
1924
1884
1915
1921
1880
1930
1924
1896
1924
1927
1893
1870
1907
1938
1925
1891
1922
1887
1925
1934
1932
1928
1891
1923
1930
1934
1870
1918
1921
1927
1886
1925
1912
1875
1902
1932
1924
1907
1925
1900
1866
1934
1937
1905
1905
1876
1910
1937
1907
1904
1878
1909
1935
1906
1910
