1881
1891
1881
1895
1902
1922
1912
1882
1880
1896
1908
1896
1923
1914
1918
1901
1921
1909
1898
1899
1897
1911
1892
1880
1905
1906
1913
1906
1904
1907
1899
1886
1910
1890
1895
1886
1906
1909
1878
1896
1906
1902
1911
1921
1898
1911
1907
1899
1925
1908
1894
1891
1908
1910
1902
1887
1872
1895
1899
1910
1897
1885
1900
1908
1919
1896
1920
1905
1897
1911
1923
1896
1912
1919
1910
1874
1911
1910
1915
1924
1915
1907
1897
1904
1907
1898
1912
1910
1922
1908
1915
1926
1902
1909
1914
1913
1917
1915
1911
1893
1941
1902
1886
1916
1895
1914
1906
1915
1920
1903
1914
1898
1889
1902
1905
1911
1888
1904
1887
1904
1912
1897
1908
1914
1898
1885
1904
1902
1906
1902
1887
1904
1902
1911
1888
1895
1912
1893
1907
1917
1914
1896
1914
1891
1920
1880
1909
1900
1896
1893
1912
1915
1893
1905
1909
1892
1889
1891
1898
1918
1908
1912
1904
1909
1909
1896
1895
1907
1906
1915
1908
1919
1899
1898
1901
1896
1864
1874
1891
1905
1920
1901
1905
1904
1919
1912
1891
1879
1908
1914
1878
1911
1893
1922
1899
1889
1911
1898
1901
1894
1892
1916
1916
1891
1901
1905
1888
1902
1896
1922
1914
1921
1913
1899
1904
1919
1906
1900
1899
1909
1908
1914
1904
1901
1897
1917
1921
1893
1911
1891
1901
1895
1911
1914
1896
1882
1897
1905
1904
1919
1913
1896
1904
1909
1874
1902
1876
1905
1907
1913
1884
1914
1897
1911
1889
1922
1894
1906
1897
1919
1898
1912
1913
1907
1894
1905
1910
1906
1896
1897
1896
1921
1916
1903
1900
1917
1903
1906
1897
1908
1910
1888
1906
1898
1898
1921
1898
1910
1912
1892
1888
1900
1907
1884
1900
1896
1912
1920
1894
1911
1899
1896
1881
1909
1889
1893
1897
1905
1898
1897
1915
1905
1895
1906
1890
1900
1900
1921
1907
1896
1904
1922
1904
1902
1894
1894
1925
1885
1894
1905
1911
1899
1912
1897
1904
1908
1918
1901
1879
1898
1887
1906
1904
1913
1902
1884
1887
1892
1876
1905
1907
1916
1919
1922
1914
1881
1883
1919
1914
1909
1901
1893
1898
1906
1897
1915
1908
1904
1894
1908
1906
1914
1913
1910
1902
1917
1901
1893
1881
1900
1910
1905
1900
1921
1908
1904
1910
1904
1922
1907
1908
1904
1883
1902
1897
1910
1912
1897
1915
1904
1901
1896
1892
1906
1910
1917
1916
1902
1907
1917
1914
1909
1920
1905
1905
1899
1920
1912
1912
1896
1917
1890
1907
1909
1872
1893
1898
1905
1890
1921
1923
1898
1913
1902
1918
1895
1902
1886
1912
1889
1899
1892
1911
1910
1908
1909
1898
1919
1882
1912
1919
1895
1910
1922
1899
1907
1914
1921
1898
1894
1889
1897
1911
1912
1890
1898
1879
1908
1901
1918
1895
1880
1906
1881
1916
1907
1908
1894
1911
1897
1885
1914
1897
1884
1917
1919
1921
1893
1894
1886
1893
1915
1890
1926
1919
1920
1894
1883
1922
1891
1904
1909
1907
1914
1911
1926
1907
1912
1923
1915
1912
1884
1910
1900
1897
1884
1894
1901
1919
1902
1883
1890
1917
1917
1905
1921
1908
1926
1874
1914
1901
1904
1907
1912
1899
1881
1918
1887
1899
1920
1896
1911
1908
1880
1924
1911
1897
1907
1914
1902
1902
1907
1904
1911
1898
1892
1910
1895
1886
1924
1887
1921
1908
1907
1906
1906
1876
1909
1897
1897
1921
1896
1904
1909
1916
1875
1907
1906
1902
1907
1899
1896
1871
1887
1907
1910
1898
1894
1917
1893
1892
1904
1909
1869
1894
1915
1917
1923
1915
1909
1882
1891
1898
1908
1907
1903
1920
1913
1883
1897
1897
1881
1919
1915
1895
1910
1909
1904
1914
1894
1904
1912
1909
1905
1859
1893
1897
1879
1898
1890
1900
1911
1881
1900
1890
1900
1899
1908
1897
1907
1905
1914
1901
1904
1893
1910
1895
1903
1913
1901
1897
1903
1906
1902
1892
1904
1898
1905
1891
1911
1894
1899
1900
1898
1901
1909
1909
1907
1894
1909
1905
1909
1900
1876
1894
1874
1906
1910
1915
1898
1902
1883
1901
1907
1889
1900
1913
1904
1916
1887
1904
1908
1901
1906
1892
1909
1905
1915
1919
1911
1898
1900
1911
1900
1920
1908
1894
1920
1888
1910
1913
1885
1898
1901
1898
1904
1918
1884
1909
1913
1907
1906
1915
1911
1920
1908
1922
1908
1910
1912
1894
1916
1884
1890
1923
1910
1887
1889
1920
1897
1901
1915
1895
1892
1905
1910
1899
1897
1905
1902
1912
1906
1901
1898
1893
1894
1899
1896
1903
1899
1912
1901
1915
1907
1909
1909
1911
1915
1874
1913
1902
1921
1912
1920
1901
1900
1886
1890
1894
1888
1870
1888
1891
1904
1893
1898
1900
1899
1895
1913
1884
1901
1910
1899
1908
1869
1874
1907
1894
1910
1918
1902
1892
1901
1905
1894
1922
1908
1890
1888
1905
1905
1898
1910
1916
1911
1911
1902
1896
1916
1919
1894
1895
1911
1907
1877
1909
1916
1880
1874
1886
1909
1913
1889
1886
1918
1911
1887
1896
1883
1895
1901
1893
1895
1920
1911
1896
1891
1897
1901
1912
1903
1915
1910
1917
1917
1900
1898
1899
1894
1895
1905
1896
1920
1899
1906
1902
1893
1903
1907
1903
1914
1897
1914
1912
1872
1903
1913
1902
1915
1909
1886
1915
1907
1881
1898
1900
1898
1895
1898
1906
1902
1902
1884
1920
1898
1895
1902
1894
1901
1895
1901
1896
1879
1899
1880
1909
1903
1888
1900
1909
1899
1910
1900
1906
1885
1900
1900
1909
1889
1902
1905
1879
1908
1905
1908
1902
1918
1913
1889
1909
1913
1907
1909
1904
1905
1919
1916
1891
1901
1898
1893
1881
1896
1894
1900
1903
1895
1901
1895
1910
1897
1917
1908
1904
1897
1896
1888
1916
1915
1909
1899
1921
1898
1904
1911
1895
1905
1904
1902
1912
1896
1897
1902
1903
1891
1882
1895
1943
1907
1907
1896
1899
1910
1900
1899
1905
1891
1886
1906
1890
1906
1894
1911
1909
1908
1884
1870
1893
1893
1896
1910
1908
1892
1890
1917
1924
1911
1898
1916
1889
1903
1907
1889
1909
1905
1903
1887
1915
1885
1904
1905
1920
1892
1921
1899
1921
1913
1895
1919
1877
1900
1883
1902
1889
1883
1905
1920
1900
1894
1884
1907
1894
1899
1911
1913
1905
1899
1892
1913
1909
1887
1914
1879
1922
1922
1891
1924
1900
1913
1911
1910
1904
1873
1892
1919
1900
1910
1921
1899
1920
1942
1892
1903
1911
1891
1910
1903
1896
1899
1907
1892
1907
1891
1907
1908
1913
1903
1893
1910
1897
1887
1898
1902
1914
1920
1915
1909
1914
1910
1916
1910
1909
1876
1916
1888
1913
1890
1923
1885
1922
1911
1909
1900
1889
1897
1911
1885
1896
1914
1899
1899
1892
1917
1901
1892
1889
1920
1913
1907
1892
1925
1903
1914
1900
1877
1890
1907
1892
1919
1897
1902
1878
1894
1897
1906
1895
1893
1900
1894
1893
1900
1880
1886
1923
1911
1911
1908
1904
1904
1909
1910
1905
1906
1890
1909
1891
1896
1905
1922
1906
1914
1905
1904
1902
1915
1915
1907
1915
1899
1900
1912
1903
1912
1913
1910
1903
1904
1906
1906
1893
1903
1906
1920
1909
1910
1908
1917
1924
1904
1910
1897
1910
1896
1889
1904
1902
1909
1891
1889
1899
1890
1906
1871
1905
1901
1900
1909
1900
1893
1908
1910
1902
1903
1909
1895
1892
1909
1904
1901
1885
1884
1903
1908
1915
1905
1905
1908
1911
1905
1913
1895
1920
1913
1908
1897
1904
1909
1906
1908
1901
1892
1903
1912
1890
1914
1910
1913
1889
1913
1911
1900
1900
1876
1903
1895
1894
1897
1903
1903
1909
1904
1917
1892
1882
1901
1912
1918
1913
1920
1922
1909
1896
1904
1892
1888
1876
1909
1905
1896
1912
1897
1892
1900
1900
1903
1895
1882
1916
1887
1921
1898
1900
1910
1890
1901
1920
1913
1919
1910
1912
1942
1915
1893
1903
1891
1896
1911
1904
1894
1912
1907
1906
1922
1884
1902
1896
1913
1914
1901
1901
1890
1907
1894
1890
1919
1921
1916
1909
1920
1899
1919
1899
1910
1914
1901
1903
1913
1903
1902
1909
1915
1904
1904
1876
1910
1892
1889
1899
1900
1909
1906
1896
1911
1912
1918
1924
1893
1907
1894
1898
1908
1912
1913
1911
1909
1905
1892
1879
1896
1910
1885
1900
1884
1887
1900
1920
1918
1902
1908
1922
1894
1897
1891
1910
1942
1921
1904
1920
1891
1911
1895
1903
1903
1882
1908
1903
1896
1916
1898
1901
1908
1918
1907
1909
1903
1912
1910
1906
1910
1924
1913
1925
1883
1896
1910
1914
1905
1901
1881
1882
1917
1900
1906
1914
1915
1911
1905
1904
1917
1893
1907
1884
1916
1895
1906
1912
1909
1895
1896
1897
1897
1898
1909
1902
1904
1908
1919
1916
1898
1904
1898
1889
1900
1895
1901
1902
1880
1896
1912
1892
1900
1910
1905
1887
1906
1909
1922
1910
1914
1909
1903
1895
1891
1882
1895
1890
1895
1922
1907
1906
1904
1911
1919
1912
1883
1889
1895
1914
1899
1914
1890
1911
1914
1894
1904
1910
1897
1911
1910
1886
1900
1901
1900
1907
1908
1894
1923
1886
1902
1905
1899
1877
1920
1906
1900
1906
1896
1893
1905
1902
1899
1909
1900
1893
1942
1899
1891
1915
1894
1910
1910
1920
1898
1898
1913
1909
1898
1902
1902
1904
1892
1925
1911
1913
1887
1907
1901
1902
1889
1899
1907
1907
1910
1893
1918
1897
1911
1904
1922
1903
1924
1921
1906
1920
1907
1904
1888
1901
1906
1921
1896
1914
1909
1896
1918
1915
1915
1907
1871
1907
1910
1904
1896
1907
1895
1917
1868
1901
1894
1905
1893
1906
1900
1901
1914
1915
1912
1893
1912
1892
1905
1913
1908
1908
1910
1891
1901
1921
1899
1904
1894
1919
1901
1906
1907
1904
1899
1886
1912
1904
1900
1902
1903
1900
1889
1905
1900
1910
1913
1916
1914
1887
1899
1908
1913
1901
1903
1915
1894
1901
1895
1883
1900
1906
1901
1909
1898
1902
1886
1912
1905
1914
1897
1908
1900
1903
1900
1908
1907
1893
1893
1896
1915
1889
1896
1911
1908
1881
1911
1907
1886
1899
1916
1888
1902
1915
1888
1893
1920
1905
1911
1921
1906
1893
1899
1897
1899
1897
1913
1895
1891
1879
1901
1897
1902
1898
1886
1921
1919
1903
1889
1900
1919
1893
1907
1896
1905
1873
1918
1909
1895
1893
1916
1922
1909
1922
1910
1911
1908
1908
1909
1914
1909
1909
1914
1897
1902
1906
1891
1891
1914
1899
1922
1919
1901
1884
1896
1902
1909
1887
1914
1900
1917
1892
1901
1904
1897
1921
1919
1892
1889
1912
1915
1907
1914
1905
1883
1904
1922
1913
1901
1912
1901
1897
1912
1892
1884
1907
1902
1896
1909
1899
1894
1889
1897
1897
1899
1911
1901
1920
1907
1885
1898
1919
1910
1886
1896
1907
1877
1914
1908
1914
1900
1920
1886
1905
1899
1922
1906
1898
1923
1899
1905
1902
1911
1888
1896
1901
1893
1892
1909
1915
1913
1887
1920
1891
1900
1913
1913
1916
1892
1900
1896
1919
1911
1896
1884
1918
1905
1899
1917
1900
1895
1905
1907
1913
1915
1918
1892
1891
1893
1899
1906
1909
1919
1904
1915
1923
1906
1899
1915
1912
1881
1917
1942
1923
1887
1911
1920
1921
1914
1906
1898
1910
1914
1894
1897
1919
1891
1902
1911
1890
1898
1910
1901
1889
1902
1913
1908
1904
1909
1896
1892
1905
1903
1898
1917
1908
1900
1892
1892
1873
1890
1891
1891
1901
1887
1876
1897
1895
1898
1889
1886
1913
1896
1900
1898
1890
1896
1905
1911
1900
1907
1899
1909
1907
1908
1888
1904
1912
1909
1888
1881
1898
1902
1899
1901
1887
1910
1905
1900
1908
1910
1897
1898
1912
1925
1906
1911
1900
1903
1907
1906
1878
1906
1894
1895
1913
1900
1941
1907
1894
1910
1899
1908
1898
1895
1902
1906
1911
1906
1915
1891
1904
1913
1902
1905
1910
1900
1941
1919
1896
1922
1942
1899
1907
1913
1910
1923
1890
1897
1921
1916
1908
1915
1899
1899
1911
1889
1923
1903
1918
1898
1897
1897
1882
1898
1918
1910
1898
1892
1898
1887
1908
1905
1904
1871
1885
1886
1906
1923
1909
1882
1909
1900
1890
1916
1904
1923
1918
1899
1889
1915
1888
1916
1904
1922
1904
1897
1881
1897
1902
1919
1905
1912
1910
1913
1889
1908
1911
1906
1903
1899
1893
1895
1893
1885
1894
1895
1902
1911
1895
1911
1896
1887
1888
1912
1913
1900
1897
1910
1924
1913
1892
1878
1906
1913
1912
1895
1919
1889
1914
1884
1876
1895
1906
1896
1884
1894
1901
1870
1915
1918
1896
1903
1901
1874
1887
1887
1912
1898
1923
1897
1899
1898
1881
1915
1912
1909
1917
1901
1915
1904
1902
1892
1882
1917
1889
1925
1919
1919
1874
1922
1898
1905
1889
1891
1897
1899
1890
1913
1919
1897
1910
1906
1905
1909
1915
1897
1897
1907
1915
1900
1920
1903
1900
1867
1917
1902
1900
1910
1941
1916
1916
1914
1893
1887
1889
1920
1889
1919
1921
1892
1907
1902
1882
1876
1910
1887
1881
1898
1900
1889
1908
1900
1885
1916
1885
1887
1902
1905
1915
1896
1889
1923
1905
1887
1898
1900
1895
1899
1895
1893
1899
1920
1910
1920
1898
1890
1890
1890
1901
1899
1908
1908
1905
1898
1912
1912
1922
1903
1913
1900
1887
1917
1915
1902
1905
1901
1878
1898
1894
1906
1899
1898
1905
1898
1897
1920
1896
1883
1911
1902
1890
1907
1882
1900
1895
1894
1891
1911
1910
1884
1894
1897
1899
1905
1907
1909
1911
1898
1902
1894
1904
1908
1910
1912
1908
1900
1921
1885
1917
1891
1895
1876
1895
1909
1917
1911
1895
1894
1889
1890
1920
1893
1904
1886
1921
1912
1900
1899
1903
1903
1899
1912
1893
1913
1876
1892
1890
1896
1903
1902
1887
1895
1890
1915
1896
1905
1912
1894
1909
1912
1939
1904
1922
1934
1914
1906
1915
1903
1873
1898
1887
1896
1898
1897
1897
1900
1898
1898
1908
1924
1892
1916
1911
1895
1897
1911
1906
1917
1897
1899
1899
1880
1901
1888
1888
1907
1903
1910
1897
1913
1898
1917
1887
1902
1896
1888
1922
1909
1906
1921
1919
1922
1913
1898
1895
1884
1921
1897
1892
1889
1908
1915
1899
1897
1915
1888
1903
1912
1887
1897
1912
1913
1891
1897
1903
1911
1906
1905
1907
1895
1885
1898
1885
1912
1914
1909
1888
1901
1903
1925
1896
1909
1897
1915
1898
1911
1891
1912
1890
1901
1891
1895
1923
1908
1890
1910
1902
1896
1892
1894
1902
1904
1907
1918
1907
1899
1917
1924
1902
1903
1902
1925
1895
1884
1901
1906
1916
1890
1889
1908
1890
1942
1897
1913
1900
1903
1902
1897
1925
1942
1906
1907
1891
1889
1922
1920
1895
1905
1903
1916
1913
1887
1920
1882
1889
1904
1897
1896
1902
1900
1911
1906
1896
1887
1898
1908
1898
1894
1892
1895
1896
1894
1900
1903
1878
1901
1904
1904
1879
1891
1906
1909
1905
1885
1920
1922
1888
1888
1901
1942
1918
1920
1897
1909
1894
1893
1899
1894
1894
1889
1896
1910
1888
1885
1902
1913
1924
1942
1899
1900
1906
1908
1901
1912
1914
1925
1910
1876
1897
1908
1893
1914
1897
1892
1887
1915
1895
1893
1913
1897
1911
1910
1897
1917
1894
1885
1909
1908
1898
1908
1900
1917
1899
1901
1907
1910
1909
1922
1889
1901
1901
1896
1901
1889
1912
1914
1914
1899
1898
1900
1914
1904
1908
1897
1894
1910
1907
1900
1888
1908
1890
1910
1920
1906
1898
1904
1942
1907
1892
1866
1902
1913
1912
1903
1907
1895
1921
1908
1880
1903
1903
1903
1893
1909
1903
1891
1894
1923
1909
1898
1901
1941
1908
1907
1903
1906
1901
1901
1897
1881
1897
1894
1906
1912
1913
1916
1894
1895
1898
1910
1920
1914
1913
1896
1905
1892
1894
1897
1891
1914
1905
1907
1872
1919
1883
1898
1897
1882
1873
1910
1892
1890
1908
1909
1905
1901
1904
1910
1894
1901
1913
1898
1914
1919
1901
1900
1910
1919
1905
1883
1878
1889
1877
1883
1913
1925
1898
1894
1894
1905
1908
1891
1906
1890
1914
1886
1900
1899
1902
1899
1892
1890
1923
1906
1894
1915
1912
1901
1889
1886
1907
1903
1912
1888
1904
1891
1888
1906
1905
1907
1906
1908
1892
1897
1891
1904
1901
1918
1911
1909
1892
1897
1901
1892
1900
1909
1913
1898
1898
1902
1896
1901
1874
1904
1912
1916
1913
1913
1898
1895
1894
1879
1893
1923
1887
1912
1914
1885
1914
1905
1899
1902
1896
1918
1892
1912
1910
1897
1909
1916
1902
1919
1909
1889
1895
1900
1892
1896
1891
1896
1912
1914
1884
1899
1907
1915
1909
1900
1906
1889
1900
1910
1892
1887
1900
1902
1888
1910
1901
1909
1900
1907
1879
1916
1891
1921
1917
1918
1888
1892
1909
1920
1910
1888
1893
1909
1898
1914
1925
1908
1894
1894
1911
1912
1887
1886
1899
1914
1890
1907
1918
1903
1916
1910
1900
1917
1882
1914
1924
1887
1898
1919
1897
1916
1889
1910
1892
1908
1910
1911
1905
1892
1896
1883
1918
1902
1891
1898
1906
1886
1897
1909
1901
1910
1914
1907
1905
1910
1909
1905
1907
1902
1909
1898
1898
1889
1924
1903
1903
1905
1888
1883
1889
1903
