1913
1913
1890
1890
1900
1900
1900
1900
1900
1900
1887
1887
1904
1904
1926
1926
1901
1901
1900
1900
1900
1900
1900
1900
1888
1888
1922
1922
1907
1907
1894
1894
1912
1912
1909
1909
1934
1934
1900
1900
1875
1875
1872
1872
1900
1900
1904
1904
1900
1900
1900
1900
1908
1908
1933
1933
1925
1925
1898
1898
1865
1865
1886
1886
1900
1900
1900
1900
1906
1906
1867
1867
1924
1924
1900
1900
1900
1900
1900
1900
1900
1900
1889
1889
1890
1890
1900
1900
1936
1936
1904
1904
1907
1907
1900
1900
1916
1916
1900
1900
1900
1900
1933
1933
1900
1900
1900
1900
1914
1914
1903
1903
1935
1935
1900
1900
1878
1878
1875
1875
1899
1899
1868
1868
1907
1907
1897
1897
1900
1900
1880
1880
1877
1877
1914
1914
1900
1900
1900
1900
1900
1900
1900
1900
1922
1922
1923
1923
1902
1902
1931
1931
1900
1900
1900
1900
1900
1900
1900
1900
1900
1900
1900
1900
1900
1900
1900
1900
1900
1900
1900
1900
1900
1900
1900
1900
1925
1925
1900
1900
1916
1916
1894
1894
1930
1930
1893
1893
1900
1900
1859
1859
1896
1896
1900
1900
1900
1900
1887
1887
1900
1900
1900
1900
1885
1885
1902
1902
1903
1903
1938
1938
1900
1900
1928
1928
1926
1926
1900
1900
1897
1897
1900
1900
1919
1919
1935
1935
1916
1916
1906
1906
1910
1910
1879
1879
1875
1875
1878
1878
1900
1900
1900
1900
1901
1901
1909
1909
1900
1900
1910
1910
1938
1938
1903
1903
1900
1900
1935
1935
1900
1900
1900
1900
1900
1900
1900
1900
1864
1864
1895
1895
1866
1866
1900
1900
1900
1900
1873
1873
1873
1873
1900
1900
1895
1895
1885
1885
1920
1920
1888
1888
1900
1900
1893
1893
1905
1905
1929
1929
1932
1932
1900
1900
1926
1926
1909
1909
1935
1935
1909
1909
1900
1900
1900
1900
1900
1900
1900
1900
1900
1900
1900
1900
1900
1900
1900
1900
1900
1900
1900
1900
1900
1900
1900
1900
1896
1896
1900
1900
1900
1900
1900
1900
1900
1900
1925
1925
1900
1900
1900
1900
1900
1900
1901
1901
1916
1916
1914
1914
1911
1911
1921
1921
1925
1925
1900
1900
1900
1900
1897
1897
1900
1900
1900
1900
1900
1900
1900
1900
1909
1909
1937
1937
1911
1911
1918
1918
1922
1922
1890
1890
1900
1900
1900
1900
1883
1883
1896
1896
1897
1897
1934
1934
1881
1881
1892
1892
1900
1900
1900
1900
1934
1934
1905
1905
1874
1874
1900
1900
1876
1876
1900
1900
1900
1900
1900
1900
1900
1900
1900
1900
1900
1900
1939
1939
1911
1911
1900
1900
1937
1937
1900
1900
1900
1900
1900
1900
1914
1914
1887
1887
1916
1916
1875
1875
1900
1900
1913
1913
1900
1900
1869
1869
1924
1924
1900
1900
1900
1900
1928
1928
1897
1897
1890
1890
1914
1914
1918
1918
1885
1885
1910
1910
1925
1925
1899
1899
1921
1921
1900
1900
1903
1903
1900
1900
1917
1917
1883
1883
1925
1925
1918
1918
1868
1868
1900
1900
1900
1900
1900
1900
1900
1900
1900
1900
1900
1900
1900
1900
1900
1900
1900
1900
1900
1900
1900
1900
1918
1918
1900
1900
1900
1900
1892
1892
1869
1869
1897
1897
1925
1925
1898
1898
1881
1881
1898
1898
1898
1898
1897
1897
1924
1924
1893
1893
1891
1891
1900
1900
1926
1926
1900
1900
1927
1927
1900
1900
1900
1900
1900
1900
1900
1900
1879
1879
1904
1904
1900
1900
1900
1900
1900
1900
1900
1900
1900
1900
1900
1900
1916
1916
1900
1900
1926
1926
1900
1900
1902
1902
1930
1930
1900
1900
1900
1900
1912
1912
1935
1935
1900
1900
1900
1900
1934
1934
1900
1900
1900
1900
1900
1900
1871
1871
1919
1919
1900
1900
1911
1935
1911
1935
1882
1882
1900
1900
1900
1900
1912
1912
1912
1912
1912
1912
1915
1915
1910
1910
1910
1910
1900
1900
1900
1900
1900
1900
1900
1900
1900
1900
1900
1900
1900
1900
1900
1900
1900
1900
1900
1900
1900
1900
1913
1913
1874
1874
1882
1882
1913
1913
1910
1910
1914
1914
1897
1897
1924
1924
1926
1926
1894
1894
1931
1931
1900
1900
1900
1900
1900
1900
1893
1893
1885
1885
1900
1900
1900
1900
1900
1900
1900
1900
1900
1900
1900
1900
1900
1900
1910
1910
1900
1900
1892
1892
1918
1918
1898
1898
1900
1900
1900
1900
1900
1900
1912
1912
1910
1910
1934
1934
1895
1895
1937
1937
1904
1904
1900
1900
1938
1938
1931
1931
1897
1897
1909
1909
1884
1884
1900
1900
1900
1900
1908
1908
1900
1900
1900
1900
1900
1900
1900
1900
1900
1900
1891
1891
1924
1924
1900
1900
1900
1900
1900
1900
1889
1889
1900
1900
1900
1900
1924
1924
1900
1900
1887
1887
1875
1875
1924
1924
1928
1928
1900
1900
1900
1900
1900
1900
1900
1900
1900
1900
1891
1891
1875
1875
1900
1900
1903
1903
1904
1904
1900
1900
1906
1906
1893
1893
1881
1881
1925
1925
1900
1900
1899
1899
1938
1938
1931
1931
1929
1929
1908
1908
1914
1914
1887
1887
1876
1876
1904
1904
1873
1873
1929
1929
1927
1927
1902
1902
1880
1880
1894
1894
1890
1890
1919
1919
1923
1923
1900
1900
1900
1900
1900
1900
1900
1900
1900
1900
1891
1891
1900
1900
1904
1904
1909
1909
1934
1934
1939
1939
1902
1902
1912
1912
1900
1900
1900
1900
1940
1940
1900
1900
1931
1931
1900
1900
1914
1914
1852
1852
1900
1900
1875
1875
1920
1920
1900
1900
1909
1909
1937
1937
1900
1900
1900
1900
1937
1937
1900
1900
1900
1900
1898
1898
1861
1861
1899
1899
1900
1900
1900
1900
1935
1935
1912
1912
1900
1900
1900
1900
1900
1900
1900
1900
1900
1900
1883
1883
1883
1883
1900
1900
1900
1900
1910
1910
1900
1900
1939
1939
1914
1914
1898
1898
1876
1876
1879
1879
1900
1900
1926
1926
1900
1900
1900
1900
1908
1908
1931
1931
1906
1906
1900
1900
1900
1900
1934
1934
1900
1900
1938
1938
1900
1900
1935
1935
1900
1900
1900
1900
1915
1915
1900
1900
1900
1900
1881
1881
1880
1880
1920
1920
1924
1924
1878
1878
1900
1900
1930
1930
1900
1900
1900
1900
1885
1885
1900
1900
1880
1880
1900
1900
1904
1904
1920
1920
1910
1910
1934
1934
1869
1869
1907
1907
1903
1903
1888
1888
1911
1911
1878
1878
1913
1913
1885
1885
1915
1915
1883
1883
1870
1870
1920
1920
1901
1901
1909
1909
1932
1932
1900
1900
1914
1914
1885
1885
1900
1900
1936
1936
1905
1905
1905
1905
1917
1917
1893
1893
1900
1895
1895
1900
1909
1909
1900
1900
1900
1900
1904
1904
1908
1908
1869
1869
1904
1904
1914
1914
1900
1900
1900
1900
1900
1900
1900
1900
1900
1900
1903
1903
1900
1900
1927
1927
1900
1900
1902
1902
1900
1900
1900
1900
1891
1891
1924
1924
1900
1900
1900
1900
1896
1896
1920
1920
1922
1922
1900
1900
1926
1926
1909
1909
1871
1871
1900
1900
1873
1873
1907
1907
1897
1897
1938
1938
1900
1900
1899
1899
1940
1940
1913
1913
1921
1921
1866
1866
1910
1910
1900
1900
1900
1900
1900
1900
1904
1904
1907
1907
1900
1900
1924
1924
1894
1894
1889
1889
1912
1912
1909
1909
1913
1913
1923
1923
1925
1925
1883
1883
1900
1900
1906
1906
1908
1908
1862
1862
1900
1900
1932
1932
1883
1883
1901
1901
1900
1900
1900
1900
1887
1887
1923
1923
1902
1902
1875
1875
1870
1870
1934
1934
1896
1896
1900
1900
1900
1900
1900
1900
1869
1869
1911
1911
1886
1886
1883
1883
1923
1923
1900
1900
1900
1900
1905
1905
1900
1900
1900
1900
1892
1892
1892
1892
1924
1924
1898
1898
1904
1904
1890
1890
1900
1900
1917
1917
1889
1889
1900
1908
1908
1900
1906
1906
1900
1900
1888
1888
1918
1918
1888
1888
1900
1900
1935
1935
1909
1909
1912
1912
1900
1900
1900
1900
1900
1900
1900
1900
1912
1912
