1923
1934
1876
1937
1916
1916
1903
1902
1922
1920
1921
1896
1899
1929
1922
1894
1931
1914
1940
1897
1883
1893
1898
1893
1921
1911
1928
1903
1909
1922
1890
1882
1902
1924
1920
1935
1904
1927
1898
1928
1912
1925
1916
1911
1893
1902
1931
1902
1931
1893
1919
1887
1922
1919
1930
1911
1909
1938
1903
1932
1905
1903
1931
1905
1874
1935
1938
1932
1907
1933
1903
1931
1903
1932
1935
1904
1904
1927
1919
1918
1895
1927
1921
1911
1872
1908
1908
1911
1943
1911
1910
1900
1912
1904
1909
1942
1937
1904
1916
1929
1898
1893
1890
1923
1924
1926
1930
1905
1928
1884
1886
1909
1919
1937
1908
1896
1881
1915
1934
1906
1909
1900
1939
1909
1917
1917
1917
1897
1928
1887
1935
1929
1901
1906
1932
1899
1929
1899
1894
1882
1903
1909
1937
1937
1912
1908
1927
1931
1895
1920
1927
1913
1870
1918
1902
1930
1909
1937
1933
1907
1900
1918
1871
1912
1905
1914
1881
1886
1917
1903
1942
1928
1899
1923
1930
1936
1895
1901
1900
1928
1927
1910
1887
1915
1917
1908
1888
1927
1921
1877
1886
1923
1898
1885
1882
1902
1899
1931
1901
1930
1880
1910
1939
1904
1931
1933
1925
1927
1898
1896
1914
1904
1903
1942
1931
1911
1884
1921
1865
1895
1876
1911
1876
1914
1903
1906
1938
1893
1917
1916
1888
1881
1906
1917
1920
1935
1924
1889
1929
1897
1896
1927
1877
1904
1892
1893
1930
1884
1908
1907
1930
1893
1940
1938
1937
1910
1909
1893
1926
1922
1924
1894
1911
1938
1910
1920
1912
1909
1870
1925
1931
1923
1902
1905
1935
1932
1921
1909
1929
1930
1902
1911
1878
1905
1937
1939
1919
1911
1894
1925
1892
1918
1923
1916
1905
1930
1888
1924
1916
1915
1932
1878
1876
1898
1921
1923
1897
1896
1922
1919
1895
1905
