1909
1913
1910
1915
1896
1896
1907
1937
1905
1907
1928
1933
1939
1917
1917
1890
1884
1915
1925
1912
1925
1889
1896
1926
1909
1879
1923
1926
1930
1900
1929
1908
1903
1890
1912
1939
1912
1871
1888
1894
1894
1926
1924
1900
1898
1872
1910
1908
1876
1935
1909
1903
1922
1929
1885
1925
1898
1896
1937
1901
1939
1936
1935
1904
1867
1900
1914
1901
1927
1932
1926
1908
1883
1914
1923
1919
1909
1906
1938
1905
1935
1901
1929
1934
1938
1906
1937
1940
1937
1911
1908
1908
1900
1921
1904
1937
1906
1929
1903
1884
1926
1911
1871
1907
1885
1923
1892
1920
1891
1910
1902
1857
1895
1898
1890
1860
1884
1880
1926
1882
1928
1899
1931
1893
1918
1889
1922
1895
1876
1907
1875
1905
1889
1886
1937
1939
1912
1924
1893
1897
1911
1938
