1898
1898
1894
1894
1920
1920
1926
1926
1898
1898
1903
1903
1872
1872
1928
1928
1929
1929
1897
1897
1929
1929
1921
1921
1894
1894
1929
1929
1921
1921
1889
1889
1925
1925
1884
1884
1938
1938
1910
1910
1910
1910
1923
1923
1925
1925
1897
1897
1927
1927
1898
1898
1880
1880
1931
1931
1897
1897
1902
1902
1871
1871
1901
1901
1933
1933
1931
1931
1905
1905
1877
1877
1918
1918
1915
1915
1875
1875
1878
1878
1913
1913
1916
1916
1914
1914
1926
1926
1926
1926
1890
1890
1924
1924
1881
1881
1871
1871
1873
1873
1897
1897
1927
1927
1866
1866
1891
1891
1923
1923
1896
1896
1924
1924
1910
1910
1868
1868
1915
1915
1938
1938
1939
1939
1907
1907
1914
1919
1914
1919
1900
1900
1912
1912
1939
1939
1936
1936
1915
1915
1899
1899
1912
1912
1903
1903
1875
1875
1912
1912
1909
1909
1928
1928
1867
1867
1867
1867
1894
1894
1892
1892
1915
1915
1917
1917
1924
1924
1914
1914
1916
1916
1934
1934
1894
1894
1906
1906
1921
1921
1928
1928
1893
1893
1929
1929
1924
1924
1893
1893
1906
1906
