1901
1916
1921
1925
1924
1908
1920
1926
1922
1916
1920
1903
1914
1909
1922
1926
1909
1904
1930
1923
1926
1914
1915
1912
1915
1907
1910
1926
1918
1915
1913
1918
1916
1925
1916
1913
1925
1921
1904
1922
1914
1922
1917
1924
1922
1917
1900
1925
1926
1915
1921
1923
1914
1915
1910
1906
1926
1924
1909
1924
1915
1921
1919
1916
1925
1926
1927
1910
1927
1910
1927
1922
1913
1916
1918
1920
1904
1925
1905
1923
1927
1928
1925
1913
1917
1922
1913
1920
1913
1915
1916
1920
1911
1905
1916
1922
1922
1915
1928
1927
1918
1914
1921
1905
1914
1925
1926
1904
1920
1918
1916
1920
1924
1919
1912
1913
1901
1924
1925
1899
1925
1927
1922
1908
1923
1926
1925
1906
1913
1920
1906
1922
1924
1921
1927
1926
1919
1925
1915
1922
1901
1912
1920
1913
1916
1924
1927
1921
1916
1900
1914
1910
1921
1925
1925
1905
1931
1927
1920
1922
1912
1913
1913
1925
1926
1923
1919
1926
1908
1925
1926
1917
1921
1902
1924
1920
1922
1924
1926
1925
1929
1921
1910
1913
1909
1925
1906
1908
1925
1926
1924
1924
1910
1914
1914
1921
1924
1904
1910
1902
1916
1926
1922
1925
1925
1926
1908
1917
1910
1923
1913
1921
1924
1910
1908
1920
1924
1910
1926
1926
1921
1914
1927
1922
1927
1906
1921
1925
1921
1912
1906
1912
1927
1918
1925
1923
1914
1927
1909
1923
1926
1924
1920
1925
1923
1924
1916
1926
1904
1920
1926
1910
1926
1922
1926
1907
1924
1920
1927
1926
1924
1907
1925
1905
1899
1912
1919
1900
1921
1906
1914
1922
1906
1900
1904
1924
1922
1912
1924
1920
1920
1925
1922
1922
1924
1926
1923
1924
1917
1924
1919
1921
1908
1928
1924
1918
1916
1920
1926
1906
1906
1924
1909
1928
1906
1927
1925
1902
1918
1919
1927
1916
1921
1921
1920
1925
1911
1928
1913
1927
1923
1926
1912
1919
1902
1909
1916
1908
1907
1918
1916
1924
1909
1925
1919
1925
1910
1925
1909
1925
1910
1927
1919
1926
1906
1910
1905
1926
1914
1912
1925
1910
1917
1898
1926
1926
1924
1915
1912
1912
1908
1918
1910
1919
1919
1923
1915
1910
1913
1904
1906
1912
1925
1914
1911
1924
1919
1914
1921
1906
1925
1910
1914
1918
1905
1927
1922
1926
1920
1916
1905
1926
1915
1911
1922
1927
1924
1929
1901
1909
1927
1919
1910
1912
1927
1910
1913
1899
1909
1923
1913
1915
1911
1921
1926
1906
1926
1924
1919
1912
1916
1926
1906
1922
1924
1908
1924
1922
1914
1925
1924
1919
1919
1910
1906
1926
1917
1907
1928
1911
1924
1915
1907
1925
1921
1900
1912
1906
1924
1915
1917
1910
1925
1924
1907
1909
1925
1914
1918
1926
1925
1925
1922
1924
1926
1916
1907
1926
1903
1926
1926
1914
1910
1926
1914
1907
1926
1927
1924
1906
1907
1910
1924
1922
1916
1906
1923
1918
1914
1912
1921
1921
1920
1908
1925
