1928
1902
1909
1938
1910
1905
1890
1909
1903
1907
1915
1934
1900
1897
1902
1922
1885
1914
1920
1917
1891
1923
1884
1905
1914
1915
1875
1874
1908
1931
1867
1881
1881
1868
1920
1918
1895
1895
1901
1870
1915
1923
1933
1895
1929
1911
1938
1937
1910
1899
1899
1939
1907
1906
1937
1901
1932
1892
1930
1907
1938
1881
1929
1908
1880
1878
1879
1934
1904
1881
1926
1924
1897
1932
1899
1912
1899
1898
1925
1929
1925
1932
1922
1925
1894
1873
1867
1868
1881
1904
1899
1901
1932
1908
1931
1895
1894
1922
1928
1895
1926
1895
1931
1904
1907
1911
1912
1912
1937
1912
1940
1908
1876
1917
1939
1874
1919
1882
1884
1877
1919
1897
1900
1896
1929
1897
1929
1926
1927
1927
1910
1897
1894
1892
1924
1924
1929
1893
1896
1923
1896
1921
1913
1887
1916
1919
1887
1927
1925
1865
1882
1849
1880
1878
1927
1896
1925
1923
1929
1912
1877
1910
1936
1928
1905
1901
1930
1918
1900
1933
1899
1933
1936
1914
1905
1905
1906
1902
1906
1932
