1905
1894
1896
1853
1937
1940
1908
1934
1938
1901
1902
1887
1887
1935
1936
1905
1938
1870
1897
1938
1907
1934
1911
1938
1927
1890
1930
1919
1924
1926
1886
1900
1933
1925
1900
1899
1924
1922
1928
1928
1905
1932
1906
1934
1910
1938
1905
1936
1881
1926
1899
1901
1932
1905
1933
1892
1887
1903
1874
1911
1918
1940
1936
1910
1910
1897
1897
1927
1925
1905
1939
1907
1931
1934
1909
1905
1899
1907
1907
1868
1904
1939
1871
1913
1914
1910
1911
1933
1938
1892
1921
1878
1923
1932
1910
1908
1910
1905
1905
1870
1879
1910
1905
1881
1918
1912
1932
1935
1907
1896
1923
1889
1927
1927
1926
1913
1913
1845
1912
1938
1934
1919
1892
1912
1897
1896
1923
1919
1880
1934
1925
1881
1919
1922
1890
1935
1927
1940
1932
1892
1925
1897
1938
1910
1909
1879
1915
1883
1886
1922
1882
1925
1909
1907
1887
1880
1906
1904
1914
1918
1934
1865
1898
1893
1869
1912
1881
1893
1923
1893
1865
1917
1914
1934
1933
1913
1923
1895
1883
1909
1933
1912
1912
1924
1911
1885
1912
1914
1901
1929
1893
1936
1904
1909
1923
1888
1884
1910
1925
1882
1920
1878
1911
1874
1913
1913
1885
1920
1880
1890
1891
1919
1937
1908
1908
