1929
1924
1900
1901
1923
1892
1928
1925
1931
1901
1910
1916
1925
1930
1893
1927
1890
1874
1908
1914
1912
1924
1906
1882
1939
1913
1941
1939
1928
1903
1935
1932
1930
1908
1933
1924
1879
1927
1883
1891
1897
1914
1920
1934
1903
1912
1894
1909
1914
1930
1932
1900
1928
1909
1920
1914
1880
1880
1926
1928
1923
1898
1905
1933
1937
1938
1915
1914
1937
1870
1933
1910
1919
1892
1875
1896
1925
1936
1922
1918
1923
1885
1917
1885
1930
1886
1907
1922
1919
1929
1918
1874
1937
1923
1929
1937
1930
1901
1906
1879
1908
1908
1934
1911
1907
1928
1927
1931
1896
1897
1923
1892
1928
1925
1910
1885
1923
1925
1887
1924
1916
1922
1929
1905
1931
1895
1907
1887
1884
1898
1906
1898
1931
1927
1902
1930
1927
1920
1887
1929
1927
1915
1924
1931
1925
1930
1892
1895
1923
1926
1921
1889
1886
1901
1925
1919
1890
1889
1919
1894
1915
1887
1887
1925
1901
1899
1928
1934
1927
1883
1930
1934
1903
1878
1910
1908
1916
1886
1921
1923
1892
1903
1874
1884
1877
1923
1930
1884
1914
1887
1923
1903
1910
1941
1938
1934
1912
1913
1937
1877
1917
1926
1923
1892
1928
1928
1893
1925
1896
1899
1884
1928
1922
1906
1925
1930
1912
1913
1937
1911
1909
1912
1895
1874
1918
1878
1914
1920
1909
1935
1927
1901
1909
1890
1929
1921
1896
1909
1933
1908
1931
1909
1935
1911
1911
1928
1893
1932
1897
1932
1926
1920
1918
1879
1927
1922
1920
1925
1886
1927
1886
1888
1907
1871
1874
1873
1912
1905
1935
1934
1932
1929
1932
1907
1909
1932
1885
1924
1886
1935
1902
1931
