1924
1904
1909
1934
1925
1905
1908
1865
1898
1899
1929
1916
1898
1932
1908
1938
1908
1930
1900
1940
1938
1898
1932
1938
1911
1914
1897
1902
1928
1866
1922
1880
1899
1921
1929
1940
1910
1903
1894
1923
1938
1923
1896
1885
1881
1924
1920
1892
1917
1915
1930
1896
1922
1898
1928
1931
1927
1911
1918
1920
1902
1919
1909
1885
1914
1886
1917
1927
1893
1892
1879
1911
1879
1902
1935
1931
1914
1891
1918
1921
1924
1896
1893
1905
1932
1909
1934
1884
1923
1936
1938
1938
1907
1932
1925
1891
1876
1882
1865
1895
1919
1896
1931
1892
1900
1909
1888
1873
1894
1890
1877
1915
1881
1894
1888
1889
1922
1917
1890
1926
1890
1919
1919
1924
1922
1919
1927
1910
1923
1904
1889
1893
1908
1894
1922
1894
1891
1921
1914
1907
1935
1937
1910
1884
1894
1907
1874
1879
1895
1870
1928
1912
1908
1939
1924
1902
1902
1897
1929
1894
1910
1922
1914
1890
1888
1936
1934
1934
1940
1925
1893
1929
1890
1909
1913
1876
1898
1881
1897
1926
1929
1895
1899
1929
1899
1914
1879
1940
1918
1918
1869
1927
1897
1897
1910
1890
1896
1875
1903
1907
1938
1935
1928
1908
1908
1902
1912
1911
1902
1903
1911
1917
1910
1923
1886
1926
1913
1888
1924
1896
1931
1922
1922
1926
1896
1927
1906
1913
1939
1911
1937
1908
1877
1909
1929
1915
1880
1912
1902
1921
1894
1917
1879
1876
1878
1908
1907
1938
1938
1905
1904
1912
1889
1893
1909
1916
1909
1939
1900
1878
1934
1937
1916
1915
1941
1920
1917
1893
1895
1921
1903
1894
1874
1875
1909
1913
1912
1921
1892
1897
1922
1924
1899
1913
1910
1927
1923
1929
1920
1935
1895
1921
1908
1904
1939
1900
1892
1931
1908
1918
1911
1897
1903
1937
1928
1911
1938
1898
1934
1931
1929
1928
1901
1919
1925
1923
1916
1917
1896
1930
1898
1925
1913
1913
1917
1924
1882
1910
1882
1919
1922
1890
1941
1935
1899
1932
1903
1930
1911
1940
1908
1905
1934
1896
1926
1896
1890
1917
1927
1890
1923
1914
1893
1924
1926
1929
1893
1922
1900
1898
1932
1857
1908
1926
1893
1879
1895
1876
1875
1916
1875
1924
1920
1908
1885
1926
1880
1903
1934
1932
1938
1940
1928
1903
1869
1889
1892
1915
1918
1882
1905
1918
1879
1885
1919
1942
1922
1927
1903
1887
1899
1898
1925
1930
1924
1919
1903
1906
1901
1929
1894
1898
1923
1925
1922
1920
1917
1923
1907
1929
1901
1901
1910
1910
1911
1911
1931
1902
1936
1889
1885
1888
1880
1879
1883
1915
1919
1913
1924
1880
1921
1907
1878
1890
1899
1890
1890
1928
1918
1920
1895
1893
1872
1909
1885
1912
1907
1887
1914
1926
1913
1886
1924
1884
1897
1870
1892
1888
1912
1889
1921
1912
1886
1925
1912
1920
1881
1924
1882
1934
1910
1923
1900
1892
1904
1897
1920
1923
1925
1912
1896
1878
1915
1923
1922
1930
1927
1901
1901
1935
1924
1930
