1941
1941
1941
1928
1934
1934
1941
1941
1941
1939
1939
1941
1936
1935
1935
1942
1939
1939
1939
1936
1936
1935
1942
1939
1939
1941
1941
1941
1941
1941
1941
1941
1937
1939
1941
1940
1940
1938
1939
1940
1939
1941
1941
1933
1939
1942
1936
1929
1937
1936
1941
1939
1938
1938
1940
1938
1941
1941
1929
1940
1936
1941
1941
1939
1940
1941
1941
1941
1937
1937
1942
1928
1928
1940
1937
1941
1938
1938
1937
1937
1939
1939
1939
1940
1943
1943
1934
1934
1935
1935
1938
1938
1940
1940
1935
1935
1935
1941
1941
1941
1941
1932
1940
1930
1929
1938
1935
1942
1942
1937
1938
1942
1936
1936
1940
1940
1940
1931
1937
1941
1940
1936
1941
1941
1929
1929
1929
1939
1940
1938
1933
1933
1941
1936
1935
1935
1933
1940
1941
1940
1941
1942
1938
1938
1938
1940
1940
1939
1937
1941
1936
1936
1941
1937
1934
1937
1935
1938
1942
1935
1940
1940
1940
1940
1940
1930
1941
1931
1934
1934
1935
1942
1941
1941
1936
1930
1932
1934
1929
1940
1929
1938
1940
1936
1941
1942
1941
1941
1940
1940
1938
1939
1936
1936
1934
1940
1933
1940
1939
1939
1934
1934
1934
1938
1941
1933
1937
1940
1940
1940
1928
1942
1939
1939
1938
1938
1935
1935
1932
1942
1943
1943
1942
1929
