1909
1901
1906
1936
1929
1923
1892
1935
1921
1896
1919
1927
1921
1881
1916
1921
1898
1887
1925
1907
1887
1911
1890
1926
1881
1889
1922
1932
1902
1904
1933
1879
1889
1902
1925
1882
1909
1930
1927
1897
1894
1890
1905
1916
1926
1914
1912
1908
1885
1922
1914
1885
1902
1904
1933
1912
1925
1933
1904
1931
1929
1905
1934
1933
1891
1891
1884
1926
1926
1892
1894
1922
1927
1889
1922
1924
1893
1931
1901
1900
1884
1913
1885
1903
1891
1917
1930
1891
1918
1919
1883
1929
1901
1899
1896
1920
1922
1907
1906
1898
1888
1930
1923
1917
1920
1923
1928
1925
1885
1919
1900
1905
1905
1934
1909
1909
1929
1931
1925
1891
1924
1930
1889
1895
1925
1905
1900
1931
1911
1879
1942
1879
1931
1890
1928
1924
1888
1884
1923
1940
1935
1906
1931
1905
1905
1928
1915
1912
1918
1926
1890
1916
1923
1907
1907
1890
1893
1930
1899
1899
1900
1925
1890
1887
1920
1922
1902
1886
1907
1894
1924
1915
1926
1875
1889
1920
1931
1931
1929
1915
1899
1889
1914
1917
1894
1920
1881
1919
1859
1919
1882
1905
1922
1936
1881
1914
1900
1932
1898
1897
1897
1891
1919
1892
1903
1937
1932
1938
1930
1925
1891
1931
1896
1928
1936
1931
1897
1897
1894
1925
1885
1919
1924
1882
1898
1929
1922
1907
1912
1908
1920
1916
1887
1879
1908
1882
1931
1898
1897
1898
1941
1916
1924
1905
1910
1907
1934
1911
1911
1937
1913
1879
1935
1930
1904
1925
1939
1936
1916
1942
1908
1909
1910
1921
1917
1923
1887
1903
1909
1876
1918
1924
1901
1930
1926
1895
1928
1916
1901
1880
1926
1903
1923
1897
1922
1923
1928
1891
1922
1886
1911
1891
1898
1920
1918
1890
1930
1934
1924
1887
1926
1929
1899
1904
1937
1901
1900
1910
1913
