1923
1869
1918
1927
1913
1875
1922
1874
1933
1936
1933
1932
1904
1934
1933
1901
1902
1872
1865
1905
1903
1939
1900
1931
1926
1907
1918
1927
1919
1908
1926
1927
1933
1929
1930
1905
1927
1912
1939
1935
1938
1929
1908
1920
1889
1881
1888
1887
1878
1930
1928
1937
1910
1924
1921
1895
1893
1926
1917
1915
1897
1893
1879
1935
1884
1905
1908
1885
1919
1880
1884
1923
1878
1910
1905
1909
1878
1864
1916
1921
1913
1891
1916
1927
1932
1891
1929
1925
1918
1917
1910
1940
1926
1887
1927
1929
1900
1903
1927
1910
1914
1912
1885
1889
1922
1922
1924
1891
1925
1893
1915
1900
1907
1937
1930
1906
1932
1917
1862
1934
1935
1937
1932
1933
1905
1899
1885
1919
1883
1922
1933
1931
1935
1929
1940
1900
1883
1920
1873
1923
1914
1923
1911
