1929
1929
1895
1895
1924
1924
1894
1894
1892
1892
1916
1916
1892
1892
1926
1926
1914
1914
1919
1919
1912
1912
1907
1907
1938
1938
1934
1934
1909
1909
1880
1880
1860
1860
1850
1850
1933
1933
1905
1905
1937
1937
1937
1937
1909
1909
1906
1906
1902
1902
1901
1901
1928
1928
1888
1888
1889
1889
1916
1916
1923
1923
1928
1928
1902
1902
1926
1926
1903
1903
1932
1932
1890
1890
1907
1907
1905
1905
1934
1934
1932
1932
1908
1908
1890
1890
1922
1922
1910
1910
1892
1892
1922
1922
1901
1901
1885
1885
1927
1927
1908
1908
1917
1917
1912
1912
1877
1877
1878
1878
1907
1907
1916
1916
1935
1935
1931
1931
1896
1896
1876
1876
1878
1878
1906
1906
1908
1908
1904
1904
1940
1940
1905
1905
1927
1927
1932
1932
1902
1902
1932
1932
1896
1896
1926
1926
1929
1929
1901
1901
1882
1882
1911
1911
1904
1904
1893
1893
1891
1891
1898
1898
1937
1937
1900
1900
1932
1932
1892
1892
1922
1922
1900
1900
1900
1900
1900
1900
1900
1900
1910
1910
1913
1913
1904
1904
1930
1930
1900
1900
1926
1926
1938
1938
1905
1905
1937
1937
1905
1905
1896
1896
1925
1925
1896
1896
1921
1921
1908
1908
1926
1926
1930
1930
1898
1898
1883
1883
1917
1917
1879
1879
1919
1919
1930
1930
1886
1886
1884
1884
1937
1937
1906
1906
1934
1934
1909
1909
1901
1901
1901
1901
1910
1910
1915
1915
1891
1891
1914
1914
1913
1913
1881
1881
1908
1908
1919
1919
1898
1898
1926
1926
1924
1924
1926
1926
1895
1895
1875
1875
1907
1907
1894
1894
1929
1929
1930
1930
1936
1936
1930
1930
1903
1903
1903
1903
1901
1901
1932
1932
1929
1929
1902
1902
1893
1893
1931
1931
1935
1935
1921
1921
1919
1919
1929
1929
1897
1897
1895
1895
1927
1927
1904
1904
1935
1935
1899
1899
1888
1888
1921
1921
1881
1881
1938
1938
1933
1933
1884
1884
1930
1930
1929
1929
1906
1906
1904
1904
1903
1903
1906
1906
1932
1932
1930
1930
1923
1923
1885
1885
1883
1883
1921
1921
1892
1892
1870
1870
1912
1912
1921
1921
1900
1900
1900
1900
1915
1915
1907
1907
1938
1938
1910
1910
1937
1937
1935
1935
1907
1907
1900
1900
1900
1900
1876
1876
1880
1880
1871
1871
1912
1912
1908
1908
1938
1938
1933
1933
1908
1908
1925
1925
1900
1900
1919
1919
1902
1902
1895
1895
1867
1867
1923
1923
1879
1879
1909
1909
1920
1920
1939
1939
1908
1908
1937
1937
1879
1879
1898
1898
1894
1894
1899
1899
1938
1938
1933
1933
1910
1910
1899
1899
1898
1898
1933
1933
1921
1921
1890
1890
1868
1868
1872
1872
1917
1917
1925
1925
1894
1894
1894
1894
1918
1918
1924
1924
1891
1891
1884
1884
1922
1922
1918
1918
1892
1892
1921
1921
1890
1890
