1928
1903
1921
1931
1908
1932
1929
1892
1890
1889
1940
1924
1915
1922
1917
1927
1875
1909
1908
1937
1927
1931
1897
1892
1910
1923
1901
1919
1914
1913
1873
1912
1926
1922
1915
1911
1883
1883
1888
1926
1930
1898
1932
1919
1893
1920
1917
1919
1917
1936
1879
1909
1879
1906
1891
1879
1923
1879
1928
1927
1924
1911
1938
1911
1884
1917
1885
1928
1912
1900
1929
1885
1915
1919
1929
1899
1920
1877
1918
1906
1911
1923
1927
1888
1916
1920
1901
1901
1917
1917
1878
1911
1915
1875
1908
1908
1910
1929
1932
1906
1905
1928
1910
1894
1923
1926
1912
1906
1924
1930
1905
1903
1889
1920
1923
1930
1925
1887
1910
1931
1934
1931
1904
1921
1906
1903
1911
1919
1893
1925
1896
1927
1928
1911
1907
1912
1906
1936
1905
1894
1904
1902
1927
1882
1915
1891
1920
1888
1925
1909
1908
1937
1927
1924
1918
1913
1929
1895
1898
1902
1907
1878
1916
1924
1914
1936
1878
1931
1912
1900
1930
1931
1907
1928
1912
1913
1923
1895
1907
1904
1932
1931
1895
1920
1943
1901
1897
1911
1869
1901
1938
1932
1905
1896
1900
1889
1923
1922
1887
1878
1912
1920
1884
1882
1891
1915
1913
1919
1894
1889
1921
1908
1886
1878
1882
1923
1888
1897
1923
1914
1940
1917
