1924
1924
1882
1882
1909
1909
1907
1907
1926
1926
1916
1916
1900
1900
1937
1937
1932
1932
1932
1932
1898
1898
1924
1924
1894
1894
1917
1917
1891
1891
1892
1892
1919
1919
1927
1927
1912
1912
1911
1911
1939
1939
1911
1911
1921
1921
1918
1918
1885
1885
1910
1910
1935
1935
1932
1932
1886
1886
1922
1922
1914
1914
1916
1916
1910
1910
1892
1892
1895
1895
1925
1925
1921
1921
1923
1923
1903
1903
1920
1920
1890
1890
1923
1923
1896
1896
1926
1926
1915
1915
1925
1925
1897
1897
1883
1883
1919
1919
1923
1923
1878
1878
1915
1915
1878
1878
1936
1936
1932
1932
1910
1910
1889
1889
1901
1901
1924
1924
1925
1925
1929
1929
1897
1897
1905
1905
1911
1911
1914
1914
1939
1939
1921
1921
1910
1910
1917
1917
1902
1902
1932
1932
1892
1892
1924
1924
1931
1931
1907
1907
1879
1879
1913
1913
1906
1906
1901
1901
1919
1919
1902
1902
1877
1877
1937
1937
1913
1913
1906
1906
1906
1906
1910
1910
1939
1939
1935
1935
1900
1900
