1914
1937
1923
1889
1912
1907
1930
1890
1925
1933
1927
1924
1922
1919
1880
1927
1925
1895
1878
1912
1908
1895
1920
1890
1930
1936
1928
1893
1894
1929
1930
1931
1936
1884
1876
1873
1930
1891
1870
1912
1910
1872
1899
1924
1931
1872
1931
1870
1904
1923
1928
1904
1899
1924
1926
1861
1912
1905
1919
1915
1888
1926
1919
1922
1916
1921
1888
1874
1919
1918
1925
1892
1906
1933
1910
1888
1878
1922
1884
1920
1907
1933
1929
1902
1938
1931
1884
1885
1916
1921
1892
1915
1929
1888
1925
1920
1935
1933
1937
1904
1905
1937
1876
1881
1890
1915
1891
1932
1927
1926
1901
1897
1878
1914
1927
1919
1925
1921
1923
1882
1916
1902
1910
1912
1940
1912
1907
1932
1929
1905
1904
1903
1900
1925
1934
