1913
1908
1912
1908
1905
1933
1935
1905
1929
1887
1922
1890
1916
1897
1887
1927
1921
1918
1918
1921
1899
1924
1882
1885
1914
1922
1912
1919
1914
1926
1902
1930
1930
1921
1898
1926
1926
1927
1927
1925
1925
1894
1936
1909
1938
1876
1879
1917
1880
1880
1881
1910
1899
1905
1939
1903
1903
1908
1902
1904
1936
1908
1911
1903
1869
1867
1893
1884
1900
1924
1928
1893
1922
1924
1905
1925
1925
1921
1892
1892
1923
1923
1917
1917
1875
1894
1912
1935
1933
1907
1940
1905
1917
1917
1883
1914
1883
1921
1916
1873
1873
1902
1902
1911
1918
1918
1925
1925
1894
1894
1888
1921
1924
1926
1935
1908
1907
1933
1906
1940
1910
1911
1929
1929
1898
1898
1935
1935
1903
1903
1912
1878
1913
1917
1880
1934
1905
1932
1906
1930
1904
1909
1913
1933
1930
1904
1904
1900
1898
1927
1931
1928
1926
1907
1927
1906
1886
1886
1886
1886
1890
1890
1862
1878
1878
1902
1934
1925
1927
1906
1913
1911
1915
1910
1899
1910
1909
1929
1918
1918
1884
1884
1871
1876
