1905
1905
1889
1889
1907
1907
1925
1925
1899
1899
1897
1897
1915
1915
1899
1899
1899
1899
1923
1923
1898
1898
1920
1920
1928
1928
1897
1897
1898
1898
1931
1931
1906
1906
1915
1915
1920
1920
1898
1898
1900
1900
1923
1923
1910
1910
1940
1940
1912
1912
1928
1928
1900
1900
1896
1896
1934
1934
1942
1942
1907
1907
1925
1925
1922
1922
1920
1920
1924
1924
1908
1908
1906
1906
1899
1899
1897
1897
1900
1900
1900
1900
1867
1867
1926
1926
1934
1934
1902
1902
1913
1913
1921
1921
1913
1913
1902
1902
1900
1900
1937
1937
1913
1913
1900
1900
1914
1914
1937
1937
1924
1924
1899
1899
1912
1912
1894
1894
1932
1932
1892
1892
1916
1916
1910
1910
1917
1917
1911
1911
1915
1915
1918
1918
1915
1915
1893
1893
1921
1921
1917
1917
1930
1930
1901
1901
1900
1900
1928
1928
1900
1900
1900
1900
1900
1900
1908
1908
1900
1900
1912
1912
1904
1904
1912
1912
1902
1902
1929
1929
1917
1917
1882
1882
1880
1880
1924
1924
1906
1906
1920
1920
1924
1924
1926
1926
1925
1925
1897
1897
1886
1886
1925
1925
1883
1883
1921
1921
1899
1899
1926
1926
1923
1923
1926
1926
1899
1899
1909
1909
1917
1917
1887
1887
1924
1924
1921
1921
1888
1888
1896
1896
1890
1890
1908
1908
1883
1883
1900
1900
1929
1929
1926
1926
1895
1895
1895
1895
1894
1894
1920
1920
1921
1921
1897
1897
1924
1924
1923
1923
1913
1913
1866
1866
1900
1900
1917
1917
1923
1923
1901
1901
1932
1932
1903
1903
1929
1929
1900
1900
1900
1900
1911
1911
1913
1913
1923
1923
1903
1903
1910
1910
1918
1918
1915
1915
1904
1904
1925
1925
1928
1928
1893
1893
1900
1900
1900
1900
1902
1902
1920
1920
1921
1921
1917
1917
1893
1893
1927
1927
1903
1903
1922
1922
1929
1929
1937
1937
1932
1932
1907
1907
1883
1883
1898
1898
1919
1919
1925
1925
1882
1882
1919
1919
1886
1886
1902
1902
1874
1874
1890
1890
1931
1931
1939
1939
1930
1930
1908
1908
1935
1935
1899
1899
1907
1907
1916
1916
1933
1933
1900
1900
1909
1909
1916
1916
1903
1903
1914
1914
1874
1874
1916
1923
1923
1926
1926
1916
1889
1889
1927
1927
1876
1876
1929
1929
1879
1879
1908
1908
1934
1934
1908
1908
1937
1937
1922
1922
1896
1896
1895
1895
1920
1920
1927
1927
1924
1924
1896
1896
1922
1922
1912
1912
1904
1904
1904
1904
1914
1914
1932
1932
1921
1921
1878
1878
1924
1924
1930
1930
1924
1924
1888
1888
1926
1926
1891
1891
1927
1927
1899
1899
1928
1928
1930
1930
1939
1939
1931
1931
1934
1934
1932
1932
1908
1908
1932
1932
1906
1906
1895
1895
1908
1908
1908
1908
1932
1932
1907
1907
1935
1935
1937
1937
1908
1908
1907
1907
1907
1907
1921
1921
1932
1932
1936
1936
1905
1905
1907
1907
1920
1920
1927
1927
1896
1896
1915
1915
1924
1924
1913
1913
1926
1926
1923
1923
1923
1923
1872
1872
1900
1900
1900
1900
1900
1900
1917
1917
1921
1921
1939
1939
1919
1919
1912
1912
1890
1890
1928
1928
1921
1921
1923
1923
1888
1888
1888
1888
1939
1939
1907
1907
1902
1902
1930
1930
1932
1932
1906
1906
1906
1906
1900
1900
1927
1927
1900
1900
1900
1900
1940
1940
1924
1924
1929
1929
1926
1926
1922
1922
1926
1926
1894
1894
1922
1922
1883
1883
1894
1894
1919
1919
1921
1921
1931
1931
1927
1927
1894
1894
1891
1891
1897
1897
1925
1925
1917
1917
1888
1888
1925
1925
1916
1916
1886
1886
1918
1918
1906
1906
1895
1895
1907
1907
1936
1936
1907
1907
1918
1918
1912
1912
1882
1882
1912
1912
1893
1893
1934
1934
1927
1927
1888
1888
1932
1932
1903
1903
1933
1933
1910
1910
1937
1937
1898
1898
1926
1926
1889
1889
1903
1903
1910
1910
1915
1915
1884
1884
1922
1922
1880
1880
1887
1887
1908
1908
1901
1901
1882
1882
1901
1901
1928
1928
1919
1919
1932
1932
1932
1932
1900
1900
1878
1878
1879
1879
1897
1897
1924
1924
1905
1905
1938
1938
1905
1905
1935
1935
1911
1911
1918
1918
1911
1911
1910
1910
1923
1923
1919
1919
1909
1909
1892
1892
1920
1920
1916
1916
1911
1911
1895
1895
1888
1888
1911
1911
1919
1919
1897
1897
1886
1886
1921
1921
1914
1914
1920
1920
1918
1918
1925
1925
1892
1892
1897
1897
1923
1923
