1904
1904
1864
1864
1902
1902
1912
1912
1902
1902
1924
1924
1866
1866
1902
1902
1908
1908
1905
1905
1938
1938
1890
1890
1872
1872
1885
1885
1912
1912
1911
1911
1887
1887
1887
1887
1920
1920
1909
1909
1933
1933
1903
1903
1905
1905
1931
1931
1928
1928
1904
1904
1940
1940
1898
1898
1897
1897
1930
1930
1925
1925
1892
1892
1925
1925
1939
1939
1911
1911
1939
1939
1901
1901
1934
1934
1932
1932
1909
1909
1933
1933
1937
1937
1875
1875
1900
1900
1907
1907
1907
1907
1890
1890
1888
1888
1907
1907
1911
1911
1875
1875
1907
1907
1873
1873
1879
1879
1872
1872
1873
1873
1898
1898
1928
1928
1922
1922
1896
1896
1930
1930
1928
1928
1893
1893
1900
1900
1903
1903
1933
1933
1919
1919
1924
1924
1887
1887
1884
1884
1913
1913
1910
1910
1889
1889
1889
1889
1924
1924
1868
1868
1922
1922
1894
1894
1927
1927
1898
1898
1928
1928
1914
1914
1888
1888
1938
1938
1935
1935
1908
1908
1929
1929
1900
1900
1875
1875
1912
1912
1910
1910
1907
1907
1870
1870
1905
1905
1935
1935
1903
1903
1881
1881
1928
1928
1903
1903
1926
1926
1888
1888
1887
1887
1883
1883
1893
1893
1903
1903
1925
1925
1879
1879
1886
1886
1933
1933
1933
1933
1904
1904
1889
1889
1933
1933
1896
1896
1892
1892
1920
1920
1929
1929
1935
1935
1923
1923
1927
1927
1887
1887
1867
1867
1869
1869
1925
1925
1890
1890
1889
1889
1918
1918
1939
1939
1910
1910
1911
1911
1895
1895
1928
1928
1890
1890
1932
1932
1909
1909
1927
1927
1925
1925
1902
1902
1897
1897
1892
1892
1888
1888
1920
1920
1912
1912
1877
1877
1920
1920
1925
1925
1900
1900
1916
1916
1903
1903
1871
1871
1906
1906
1889
1889
1890
1890
1923
1923
1928
1928
1923
1923
1901
1901
1896
1896
1929
1929
1909
1909
1907
1907
1936
1936
1912
1912
1935
1935
1911
1911
1903
1903
1915
1915
1938
1938
1914
1914
1899
1899
1897
1897
1922
1922
1876
1876
1880
1880
1916
1916
1907
1907
1933
1933
1908
1908
1914
1914
1939
1939
1860
1860
1927
1927
1937
1937
1901
1901
1897
1897
1937
1937
1926
1926
1899
1899
1925
1925
1900
1900
1925
1925
1897
1897
1930
1930
1893
1893
1900
1900
1933
1933
1927
1927
1934
1934
1924
1924
1931
1931
1936
1936
1929
1929
1866
1866
1898
1898
1896
1896
1868
1868
1907
1907
1910
1910
1895
1895
1895
1895
1922
1922
1925
1925
1867
1867
1937
1937
1909
1909
1933
1933
1913
1913
1939
1939
1911
1911
1863
1863
1897
1897
1869
1869
1912
1912
1907
1907
1940
1940
1916
1916
1913
1913
1918
1918
1915
1915
1911
1911
1937
1937
1902
1902
1909
1909
1899
1899
1934
1934
1919
1919
1885
1885
1914
1914
1907
1907
1906
1906
1905
1905
1907
1907
1936
1936
1927
1927
1908
1908
1870
1870
1868
1868
1926
1926
1893
1893
1895
1895
1928
1928
1916
1916
1898
1898
1891
1891
1925
1925
1902
1902
1919
1919
1888
1888
1904
1904
1880
1880
1906
1906
1907
1907
1934
1934
1936
1936
1910
1910
1910
1910
1877
1877
1931
1931
1877
1877
1938
1938
1924
1924
1933
1933
1895
1895
1889
1889
1926
1926
1928
1928
1935
1935
1894
1894
1923
1923
1925
1925
1888
1888
1928
1928
1902
1902
1938
1938
1881
1881
1881
1881
1912
1912
1914
1914
1912
1912
1915
1915
1884
1884
1884
1884
1927
1927
1899
1899
1928
1928
1872
1872
1929
1929
1906
1906
1935
1935
1900
1900
1916
1916
1913
1913
1927
1927
1888
1888
1893
1893
1923
1923
1871
1871
1900
1900
1924
1924
1909
1909
1927
1927
1902
1902
1925
1925
1929
1929
1909
1909
1907
1907
1909
1909
1933
1933
1879
1879
1915
1915
1910
1910
1921
1921
1917
1917
1887
1887
1890
1890
1936
1936
1910
1910
1884
1884
1886
1886
1917
1917
1905
1905
1932
1932
1865
1865
1863
1863
1929
1929
1897
1897
1928
1928
1896
1896
1924
1924
1892
1892
1892
1892
1928
1928
1924
1924
1913
1913
1931
1931
1919
1919
1922
1922
1901
1901
1909
1909
1883
1883
1886
1886
1921
1921
1887
1887
1908
1908
1898
1898
1894
1894
1924
1924
1932
1932
1926
1926
1892
1892
1891
1891
1927
1927
1892
1892
1929
1929
