1919
1919
1915
1915
1911
1911
1940
1940
1864
1864
1872
1872
1901
1901
1927
1927
1900
1900
1924
1924
1918
1918
1910
1910
1915
1915
1878
1878
1915
1915
1910
1910
1910
1910
1939
1939
1934
1934
1883
1883
1883
1883
1906
1906
1902
1902
1927
1927
1920
1920
1937
1937
1874
1874
1934
1934
1896
1896
1929
1929
1927
1927
1931
1931
1940
1940
1895
1895
1904
1904
1877
1877
1880
1880
1878
1878
1903
1903
1888
1888
1916
1916
1920
1920
1912
1912
1891
1891
1896
1896
1871
1871
1910
1910
1932
1932
1907
1907
1908
1908
1935
1935
1930
1930
1903
1903
1904
1904
1934
1934
1934
1934
1928
1928
1938
1938
1899
1899
1908
1908
1911
1911
1872
1872
1919
1919
1897
1897
1911
1911
1870
1870
1875
1875
1869
1869
1912
1912
1885
1885
1887
1887
1911
1911
1923
1923
1897
1897
1888
1888
1882
1882
1910
1910
1939
1939
1860
1860
1926
1926
1932
1932
1922
1922
1926
1926
1887
1887
1898
1898
1917
1917
1928
1928
1894
1894
1923
1923
1926
1926
1902
1902
1878
1878
1912
1912
1878
1878
1901
1901
1939
1939
1936
1936
1933
1933
1911
1911
1907
1907
1938
1938
1908
1908
1930
1930
1911
1911
1939
1939
1916
1916
1911
1911
1933
1933
1931
1931
1908
1908
1919
1919
1913
1913
1906
1906
1925
1925
1914
1914
1912
1912
1887
1887
1887
1887
1913
1913
1940
1940
1908
1908
1882
1882
1899
1899
1935
1935
1938
1938
1913
1913
1910
1910
1860
1860
1879
1879
1919
1919
1880
1880
1939
1939
1929
1929
1916
1916
1923
1923
1931
1931
1903
1903
1912
1912
1912
1912
1914
1914
1930
1930
1895
1895
1895
1895
1922
1922
1935
1935
1909
1909
1926
1926
1909
1909
1905
1905
1907
1907
1912
1912
1928
1928
1938
1938
1901
1901
1900
1900
1881
1881
1920
1920
1913
1913
1911
1911
1939
1939
1911
1911
1911
1911
1913
1913
1911
1911
1937
1937
1874
1874
1886
1886
1924
1924
1887
1887
1886
1886
1889
1889
1916
1916
1921
1921
1900
1900
1929
1929
1927
1927
1900
1900
1929
1929
1903
1903
1911
1911
1874
1874
1938
1938
1938
1938
1906
1906
1905
1905
1934
1934
1899
1899
1902
1902
1911
1911
1875
1875
1915
1915
1907
1907
1873
1873
1923
1923
1882
1882
1914
1914
1916
1916
1921
1921
1909
1909
1906
1906
1931
1931
1934
1934
1876
1876
1903
1903
1937
1937
1899
1899
1938
1938
1920
1920
1931
1931
1922
1922
1897
1897
1924
1924
1894
1894
1924
1924
1922
1922
1915
1915
1891
1891
1919
1919
1924
1924
1918
1918
1886
1886
1892
1892
1886
1886
1922
1922
1922
1922
1875
1875
1913
1913
1881
1881
1917
1917
1904
1904
1886
1886
1876
1876
1911
1911
1911
1911
1929
1929
1921
1921
1926
1926
1923
1923
1891
1891
1923
1923
1900
1900
1889
1889
