1927
1927
1914
1914
1913
1913
1899
1899
1931
1931
1927
1927
1901
1901
1906
1906
1914
1914
1931
1931
1906
1906
1922
1922
1934
1934
1936
1936
1910
1910
1913
1913
1875
1875
1917
1917
1907
1907
1902
1902
1900
1900
1919
1919
1897
1897
1896
1896
1927
1927
1923
1923
1928
1928
1926
1926
1912
1912
1920
1920
1913
1913
1884
1884
1879
1879
1915
1915
1933
1933
1897
1897
1913
1913
1873
1873
1918
1918
1884
1884
1918
1918
1920
1920
1924
1924
1920
1920
1899
1899
1878
1878
1913
1913
1881
1881
1902
1902
1923
1923
1913
1913
1932
1932
1919
1919
1925
1925
1918
1918
1876
1876
1925
1925
1908
1908
1938
1938
1939
1939
1913
1913
1911
1911
1920
1920
1916
1916
1908
1908
1912
1912
1884
1884
1915
1915
1942
1942
1924
1924
1909
1909
1935
1935
1908
1908
1902
1902
1902
1902
1924
1924
1930
1930
1904
1904
1929
1929
1930
1930
1933
1933
1903
1903
1912
1912
1898
1898
1910
1910
1910
1910
1938
1938
1880
1880
1907
1907
1928
1928
1912
1912
1877
1877
1913
1913
1914
1914
1888
1888
1910
1910
1897
1897
1921
1921
1929
1929
1891
1891
1901
1901
1930
1930
1899
1899
1907
1907
1907
1907
1915
1915
1892
1892
1899
1899
1924
1924
1899
1899
1921
1921
1891
1891
1924
1924
1929
1929
1914
1914
1896
1896
1923
1923
1929
1929
1926
1926
1891
1891
1893
1893
1893
1893
1900
1900
1919
1919
1914
1914
