1898
1916
1914
1928
1893
1930
1894
1920
1907
1898
1930
1942
1931
1899
1930
1930
1906
1906
1900
1902
1902
1940
1936
1929
1900
1928
1904
1903
1898
1928
1905
1905
1930
1905
1903
1930
1929
1905
1901
1928
1903
1901
1898
1901
1928
1894
1892
1928
1931
1901
1926
1908
1888
1927
1893
1884
1892
1928
1928
1889
1889
1928
1930
1899
1899
1899
1899
1895
1925
1892
1920
1929
1908
1928
1914
1900
1929
1903
1930
1908
1929
1938
1939
1938
1905
1896
1928
1899
1920
1905
1929
1907
1896
1930
1894
1893
1935
1903
1925
1921
1923
1928
1903
1896
1927
1906
1928
1904
1904
1908
1929
1898
1938
1931
1890
1926
1930
1938
1924
1935
1912
1912
1902
1928
1905
1930
1930
1930
1928
1928
1904
1904
1897
1897
1939
1939
1928
1925
1923
1895
1898
1927
1898
1900
1928
1894
1928
1903
1891
1928
1881
1930
1898
1900
1930
1897
1928
1898
1896
1901
1930
1928
1906
1904
1926
1913
1910
1931
1902
1930
1907
1897
1932
1896
1920
1928
1922
1928
1906
1910
1895
1895
1928
1905
1928
1903
1906
1929
1905
1930
1924
1926
1920
1898
1896
1922
1928
1916
1884
1919
1928
1888
1929
1886
1903
1929
1906
1914
1929
1923
1931
1891
1929
1895
1923
1933
1897
1888
1933
1901
1901
1905
1905
1928
1891
1928
1890
1932
1897
1928
1932
1895
1919
1921
1887
1929
1928
1896
1896
1889
1910
1901
1930
1916
1883
1886
1929
1903
1931
1903
1906
1930
1905
1900
1930
1899
1899
1935
1896
1896
1930
1904
1931
1911
1930
1905
1905
1918
1918
1931
1892
1892
1892
1928
1929
1890
1890
1890
1903
1888
1890
1903
1929
1930
1928
1931
1905
1900
1927
1925
1896
1923
1898
1921
1929
1929
1904
1901
1903
1929
1903
1928
1894
1900
1890
1928
1873
1906
1929
1931
1926
1935
1908
1930
1905
1928
1904
1934
1904
1940
1900
1937
1927
1928
1925
1907
1933
1932
1938
1926
1929
1898
1896
1942
1928
1890
1927
1928
1888
1900
1929
1905
1893
1900
1928
1916
1906
1886
1929
1887
1928
1920
1928
1894
1904
1894
1903
1902
1928
1935
1905
1929
1889
1895
1891
1929
1890
1881
1885
1928
1902
1929
1906
1929
1897
1897
1912
1924
1925
1910
1921
1885
1919
1927
1917
1880
1929
1931
1924
1925
1919
1890
1921
1931
1885
1915
1912
1928
1917
1887
1929
1892
1927
1898
1924
1900
1930
1929
1904
1933
1925
1896
1930
1904
1908
1928
1899
1899
1930
1914
1900
1884
1896
1894
1929
1905
1901
1929
1929
1884
1886
1930
1928
1901
1901
1901
1902
1902
1902
1929
1893
1898
1898
1899
1929
1895
1895
1928
1928
1918
1929
1885
1885
1887
1887
1928
1930
1906
1905
1895
1924
1929
1895
1930
1932
1925
1928
1910
1911
1887
1899
1929
1903
1925
1930
1932
1941
1929
1899
1897
1898
1930
1899
1906
1906
1929
1888
1896
1931
1927
1927
1892
1893
1925
1928
1927
1890
1916
1912
1924
1914
1919
1909
1894
1929
1906
1928
1907
1925
1902
1929
1926
1930
1902
1931
1936
1900
1925
1929
1895
1938
1926
1929
1900
1898
1928
1900
1898
1929
1930
1940
1932
1923
1896
1926
1894
1934
1935
1928
1930
1895
1929
1885
1890
1929
1930
1898
1893
1893
1929
1925
1898
1902
1895
1928
1927
1896
1930
1901
1899
1893
1929
1882
1884
1928
1928
1900
1896
1916
1920
1925
1901
1895
1929
1915
1890
1929
1929
1914
1899
1881
1901
1915
1890
1928
1921
1896
1930
1926
1929
1928
1891
1929
1896
1901
1928
1901
1930
1929
1900
1902
1928
1896
1904
1904
1935
1898
1935
1933
1928
1931
1926
1938
1936
1944
1929
1942
1934
1899
1886
1928
1883
1891
1892
1928
1899
1890
1929
1882
1928
1905
1928
1880
1880
1900
1902
1928
1929
1928
1897
1897
1897
1897
1904
1906
1929
1935
1929
1921
1924
1928
1900
1893
1898
1894
1930
1927
1900
1900
1928
1909
1891
1930
1910
1914
1916
1904
1891
1923
1900
1925
1930
1928
1927
1895
1923
1937
1923
1921
1899
1900
1925
1926
1928
1898
1900
1927
1928
1938
1935
1897
1885
1932
1899
1894
1923
1920
1918
1931
1926
1929
1910
1899
1928
1892
1892
1904
1904
1928
1928
1922
1898
1902
1931
1930
1903
1903
1928
1900
1900
1900
1897
1929
1928
1893
1924
1889
1929
1885
1890
1885
1928
1901
1929
1903
1918
1937
1894
1927
1919
1934
1921
1898
1929
1900
1928
1905
1928
1932
1899
1929
1903
1920
1892
1928
1893
1922
1906
1929
1905
1890
1890
1894
1894
1929
1928
1929
1897
1897
1899
1928
1929
1900
1928
1888
1887
1886
1884
1929
1894
1929
1900
1900
1900
1928
1900
1928
1931
1930
1930
1925
1895
1900
1922
1907
1892
1904
1928
1926
1937
1901
1934
1900
1930
1900
1928
1894
1898
1928
1897
1892
1929
1896
1900
1900
1930
1896
1896
1928
1902
1905
1928
1928
1928
1929
1904
1904
1904
1894
1894
1894
1930
1890
1898
1929
1899
1899
1899
1931
1900
1900
1900
1929
1928
1912
1901
1901
1907
1907
1928
1932
1903
1929
1898
1939
1903
1926
1899
1927
1933
1929
1930
1904
1905
1886
1928
1906
1900
1895
1928
1929
1898
1896
1930
1906
1906
1912
1882
1891
1928
1918
1920
1916
1923
1931
1902
1928
1900
1929
1895
1901
1939
1939
1898
1898
1928
1928
1930
1930
1935
1935
1941
1941
1933
1933
1937
1937
1905
1905
1931
1931
1900
1900
1934
1929
1941
1926
1936
1904
1932
1937
1921
1927
1892
1894
1922
1897
1928
1930
1931
1934
1926
1903
1935
1929
1930
1898
1890
1895
1901
1933
1929
1890
1892
1929
1928
1905
1929
1900
1929
1896
1898
1929
1894
1892
1888
1928
1884
1928
1901
1906
1928
1930
1923
1899
1932
1906
1925
1929
1908
1921
1936
1898
1928
1903
1906
1930
1909
1909
1906
1903
1928
1928
1903
1903
1928
1888
1898
1928
1886
1898
1928
1890
1896
1930
1898
1900
1896
1906
1930
1928
1899
1896
1908
1929
1904
1930
1888
1888
1892
1892
1928
1935
1929
1928
1888
1888
1928
1929
1929
1889
1889
1894
1894
1906
1929
1902
1907
1929
1900
1906
1896
1924
1898
1932
1918
1936
1929
1936
1906
1906
1926
1920
1932
1943
1897
1889
1928
1887
1928
1930
1916
1927
1905
1900
1899
1923
1928
1900
1909
1940
1924
1919
1921
1930
1896
1930
1929
1935
1899
1902
1928
1911
1929
1903
1892
1892
1931
1930
1902
1902
1940
1904
1930
1921
1939
1923
1928
1904
1929
1905
1930
1924
1895
1922
1929
1921
1932
1902
1907
1935
1924
1895
1927
1928
1895
1895
1881
1932
1938
1925
1922
1929
1896
1925
1929
1942
1906
1928
1911
1899
1929
1929
1926
1926
1912
1912
1928
1890
1890
1922
1922
1930
1930
1895
1924
1924
1908
1908
1878
1878
1905
1905
1926
1920
1921
1921
1896
1929
1896
1913
1929
1919
1886
1926
1918
1887
1920
1890
1898
1921
1928
1932
1929
1890
1901
1935
1930
1925
1899
1898
1927
1896
1898
1929
1900
1898
1928
1908
1906
1929
1933
1927
1911
1912
1934
1929
1925
1896
1896
1929
1904
1928
1896
1929
1904
1904
1931
1908
1908
1904
1908
1928
1930
1926
1894
1930
1890
1924
1938
1939
1900
1900
1936
1901
1904
1937
1943
1904
1930
1930
1928
1940
1942
1928
1909
1929
1932
1899
1902
1884
1888
1884
1928
1929
1888
1933
1906
1929
1923
1906
1925
1927
1929
1909
1905
1887
1929
1882
1903
1929
1905
1932
1898
1898
1898
1928
1895
1895
1895
1929
1931
1932
1902
1929
1902
1932
1927
1894
1928
1930
1897
1898
1929
1889
1899
1900
1928
1930
1904
1907
1932
1929
1905
1903
1929
1886
1895
1928
1887
1928
1890
1929
1893
1901
1885
1903
1902
1929
1930
1927
1907
1934
1931
1936
1935
1938
1901
1933
1904
1929
1900
1901
1929
1928
1898
1898
1901
1901
1902
1902
1930
1928
1928
1928
1926
1926
1929
1929
1902
1902
1901
1901
1928
1901
1905
1906
1929
1903
1901
1932
1929
1934
1936
1931
1905
1926
1928
1932
1922
1921
1924
1928
1894
1926
1896
1928
1906
1901
1932
1900
1902
