1896
1896
1890
1890
1922
1922
1937
1937
1910
1910
1909
1909
1886
1886
1937
1937
1918
1918
1939
1939
1910
1910
1886
1886
1912
1912
1913
1913
1883
1883
1883
1883
1914
1914
1878
1878
1879
1879
1897
1897
1920
1920
1896
1896
1902
1902
1937
1937
1926
1926
1939
1939
1927
1927
1933
1933
1925
1925
1895
1895
1898
1898
1899
1899
1900
1900
1927
1927
1904
1904
1918
1918
1926
1926
1929
1929
1893
1893
1892
1892
1926
1926
1906
1906
1868
1868
1925
1925
1926
1926
1898
1898
1907
1907
1940
1940
1907
1907
1902
1902
1892
1892
1892
1892
1929
1929
1895
1895
1926
1926
1912
1912
1905
1905
1909
1909
1915
1915
1890
1890
1884
1884
1890
1890
1924
1924
1890
1890
1927
1927
1921
1921
1918
1918
1865
1865
1886
1886
1863
1863
1898
1898
1895
1895
1930
1930
1905
1905
1928
1928
1902
1902
1932
1932
1925
1925
1864
1864
1864
1864
1869
1869
1869
1869
1927
1927
1901
1901
1923
1923
1903
1903
1908
1908
1912
1912
1909
1909
1937
1937
1909
1909
1909
1909
1917
1917
1902
1902
1918
1918
1902
1902
1896
1896
1898
1898
1872
1872
1900
1900
1928
1928
1880
1880
1925
1925
1900
1900
1923
1923
1889
1889
1886
1886
1874
1891
1891
1874
1904
1904
1934
1934
1878
1878
1894
1894
1864
1864
1901
1901
1897
1897
1862
1862
1901
1901
1910
1910
1876
1876
1879
1879
1927
1927
1901
1901
1902
1902
1894
1894
1865
1865
1915
1915
1914
1914
1907
1907
1870
1870
1939
1939
1876
1876
1906
1906
1915
1915
1923
1923
1896
1896
1896
1896
1924
1924
1893
1893
1892
1892
1929
1929
1916
1916
1884
1884
1873
1873
1889
1889
1890
1890
1910
1910
1888
1888
1893
1893
1923
1923
1926
1926
1918
1918
1927
1927
1885
1885
1885
1885
1895
1895
1925
1925
1896
1896
1925
1925
1917
1917
1880
1880
1876
1876
1907
1907
1929
1929
1902
1902
1927
1927
1901
1901
1911
1911
1886
1886
1884
1884
1909
1909
1932
1932
1907
1907
1903
1903
1903
1903
1928
1928
1933
1933
1934
1934
1929
1929
1906
1906
1897
1897
1890
1890
1926
1926
1922
1922
1905
1905
1920
1920
1923
1923
1915
1915
1913
1913
1876
1876
1905
1905
1934
1934
1908
1908
1927
1927
1923
1923
1891
1891
1890
1890
1917
1917
