1875
1898
1901
1905
1934
1929
1925
1908
1881
1878
1880
1913
1940
1914
1924
1901
1899
1902
1924
1932
1936
1925
1926
1874
1908
1913
1913
1933
1940
1910
1909
1934
1892
1928
1893
1921
1884
1882
1920
1910
1933
1902
1929
1927
1917
1902
1875
1909
1920
1908
1867
1913
1916
1896
1910
1902
1929
1894
1894
1925
1923
1924
1913
1914
1914
1926
1927
1902
1910
1915
1941
1925
1893
1904
1939
1937
1902
1916
1908
1910
1934
1928
1898
1922
1910
1924
1925
1926
1912
1915
1919
1924
1926
1916
1940
1886
1915
1912
1918
1869
1872
1920
1932
1929
1890
1928
1926
1901
1929
1914
1924
1891
1926
1918
1923
1885
1930
1905
1932
1905
1911
1916
1880
1881
1921
1904
1903
1929
1923
1903
1903
1927
1936
1921
1910
1887
1919
1909
1914
1934
1907
1921
1884
1906
1930
1934
1916
1905
1930
1907
1909
1895
1906
1906
1937
1909
1913
1897
