1930
1930
1920
1920
1892
1892
1925
1925
1923
1923
1889
1889
1930
1930
1920
1920
1927
1927
1927
1927
1892
1892
1892
1892
1899
1899
1899
1899
1922
1922
1922
1922
1892
1892
1925
1925
1923
1923
1889
1889
1921
1921
1907
1907
1907
1907
1903
1903
1903
1903
1931
1931
1931
1931
1932
1932
1932
1932
1916
1916
1916
1916
1885
1885
1908
1908
1908
1908
1927
1927
1927
1927
1888
1888
1920
1920
1919
1919
1917
1917
1920
1920
1925
1925
1925
1925
1928
1928
1944
1944
1944
1944
1914
1914
1915
1915
1891
1891
1938
1938
1920
1920
1914
1914
1894
1894
1930
1930
1896
1896
1923
1923
1914
1914
1880
1880
1923
1923
1924
1924
1924
1924
1927
1927
1927
1927
1899
1899
1899
1899
1920
1920
1912
1912
1912
1912
1899
1899
1935
1935
1917
1917
1930
1930
1900
1900
1929
1929
1917
1917
1923
1923
1923
1923
1912
1912
1912
1912
1872
1872
1872
1872
1905
1905
1905
1905
1909
1909
1909
1909
1914
1914
1914
1914
1916
1916
1916
1916
1928
1928
1928
1928
1917
1917
1917
1917
1921
1921
1921
1921
1896
1886
1886
1896
1944
1944
1944
1944
1916
1916
1899
1899
1899
1899
1902
1902
1902
1902
1897
1897
1921
1921
1922
1922
1926
1926
1928
1928
1916
1916
1908
1908
1927
1927
1909
1909
1923
1923
1925
1925
1909
1909
1905
1905
1902
1902
1908
1908
1920
1920
1897
1897
1897
1897
1905
1905
1880
1880
1906
1906
1884
1884
1888
1888
1920
1920
1923
1923
1932
1932
1936
1936
1936
1936
1911
1911
1911
1911
1910
1910
1910
1910
1904
1904
1904
1904
1920
1920
