1933
1933
1930
1930
1909
1909
1906
1906
1926
1926
1924
1924
1893
1893
1890
1890
1922
1922
1905
1905
1928
1928
1917
1917
1912
1912
1900
1900
1905
1905
1893
1893
1900
1900
1880
1880
1891
1891
1900
1900
1932
1932
1891
1891
1928
1928
1927
1927
1891
1891
1922
1922
1890
1890
1898
1898
1883
1883
1922
1922
1910
1910
1929
1929
1884
1884
1897
1897
1930
1930
1875
1875
1913
1913
1937
1937
1916
1916
1911
1911
1902
1902
1904
1904
1935
1935
1873
1873
1890
1890
1884
1884
1883
1883
1908
1908
1902
1902
1914
1914
1880
1880
1921
1921
1910
1910
1885
1885
1906
1906
1930
1930
1931
1931
1902
1902
1875
1875
1931
1931
1920
1920
1918
1918
1927
1927
1898
1898
1888
1888
1883
1883
1903
1903
1906
1906
1900
1900
1908
1908
1888
1888
1926
1926
1907
1907
1908
1908
1894
1894
1930
1930
1901
1901
1924
1924
1926
1926
1916
1916
1908
1908
1902
1902
1898
1898
1903
1903
1904
1904
1905
1905
1931
1931
1934
1934
1929
1929
1934
1934
1927
1927
1902
1902
1931
1931
1905
1905
1901
1901
1940
1940
1903
1903
1936
1936
1927
1927
1897
1897
1892
1892
1930
1930
1939
1939
1904
1904
1909
1909
1903
1903
