1887
1889
1900
1917
1897
1910
1887
1888
1888
1918
1892
1893
1919
1881
1915
1907
1895
1890
1909
1908
1880
1914
1906
1914
1903
1914
1901
1909
1912
1909
1902
1909
1923
1896
1921
1921
1915
1894
1908
1904
1916
1908
1920
1918
1887
1921
1917
1896
1901
1901
1922
1921
1898
1881
1919
1915
1898
1911
1876
1874
1914
1917
1897
1902
1919
1894
1907
1903
1898
1888
1918
1900
1920
1896
1893
1894
1903
1907
1890
1889
1887
1896
1898
1919
1899
1914
1921
1912
1884
1888
1889
1919
1896
1883
1915
1893
1914
1899
1894
1895
1914
1905
1910
1888
1916
1921
1916
1909
1920
1887
1883
1911
1907
1888
1899
1923
1919
1906
1888
1913
1916
1914
1916
1906
1921
1902
1917
1882
1894
1922
1893
1911
1910
1922
1897
1887
1921
1897
1920
1892
1889
1922
1910
1918
1882
1908
1894
1913
1903
1891
1915
1902
1918
1915
1915
1918
1895
1899
1921
1917
1911
1920
1913
1899
1921
1877
1885
1894
