1912
1920
1931
1919
1925
1906
1923
1880
1912
1918
1910
1904
1884
1912
1904
1898
1891
1926
1886
1917
1908
1917
1931
1871
1939
1896
1902
1911
1927
1908
1898
1926
1893
1928
1931
1898
1909
1912
1936
1904
1924
1929
1896
1880
1908
1922
1924
1908
1923
1910
1907
1907
1885
1907
1886
1913
1917
1911
1909
1923
1913
1916
1926
1877
1925
1927
1884
1924
1925
1891
1932
1909
1885
1887
1885
1900
1934
1899
1938
1921
1923
1900
1931
1924
1934
1887
1874
1904
1936
1921
1925
1927
1915
1907
1926
1884
1887
1927
1860
1910
1923
1889
1918
1893
1914
1899
1927
1898
1924
1926
1909
1909
1909
1878
1922
1895
1887
1872
1924
1879
1905
1909
1937
1902
1931
1880
