1926
1904
1933
1930
1894
1937
1908
1914
1874
1879
1903
1938
1893
1886
1929
1928
1860
1915
1911
1884
1902
1931
1897
1907
1867
1887
1914
1874
1910
1916
1911
1924
1886
1891
1925
1930
1921
1924
1903
1908
1939
1886
1927
1914
1924
1897
1919
1931
1908
1910
1899
1938
1919
1917
1915
1902
1911
1909
1937
1939
1877
1922
1897
1922
1897
1926
1925
1931
1902
1933
1929
1922
1912
1916
1933
1906
1907
1913
1910
1915
1917
1889
1921
1911
1912
1929
1932
1927
1886
1928
1903
1875
1927
1932
1902
1922
1915
1908
1872
1932
1906
1900
1931
1907
1919
1938
1908
1942
1885
1907
1904
1878
1907
1911
1926
1939
1900
1931
1911
1906
1938
1913
1907
1920
1907
1929
1902
1930
1925
1902
1928
1894
1915
1898
1926
1929
1882
1938
1902
1930
1902
1935
1929
1929
1887
1918
1924
1887
1921
1889
1917
1913
1919
1944
1944
1924
1929
1910
1921
1908
1916
1931
1895
1919
1914
1908
1916
1868
1914
1903
1932
1876
1882
1907
1891
1925
1892
1932
1877
1935
1938
1911
1906
1943
1912
1918
1924
1920
1892
1904
1905
1906
1939
1936
1909
1907
1904
1904
1906
1908
1917
1917
1918
1905
1890
1882
1890
1881
1909
1937
1934
1907
1903
1936
1932
1896
1913
1937
1908
1898
1885
1882
1911
1933
1908
1902
1940
1903
1909
1936
1876
1889
1924
1918
1920
1884
1905
1901
1936
1902
1926
1902
1899
1926
1941
1919
1921
1919
1893
1896
1930
1894
1933
1920
1929
1931
1938
1929
1897
1926
1924
1935
1933
1934
1921
1932
1905
1903
1910
1940
1931
1930
1925
1938
1937
1893
1908
1887
1919
1911
1924
1886
1927
1921
1906
1932
1903
1938
1899
1883
1911
1920
1924
1882
1914
1920
1876
1927
1897
1896
1887
1912
1878
1894
1929
1900
1919
1910
1900
1937
1903
1905
1912
1903
1871
1933
1872
1909
1939
1936
1912
1904
1896
1896
1888
1914
1885
1923
1921
1887
1925
1922
1926
1913
1921
1918
1904
1917
1936
1938
1943
1904
1894
1927
1912
1900
1915
1882
1910
1930
1918
1907
1926
1921
1911
1924
1884
1918
1882
1880
1918
1886
1902
1940
1922
1919
1886
1913
1933
1900
1894
1905
1902
1931
1932
1941
1935
1943
1906
1924
1921
1921
1923
1896
1907
1937
1914
1923
1894
1932
1928
1925
1940
1910
1888
1889
1924
1912
1914
1920
1905
1910
