1926
1922
1895
1914
1927
1899
1908
1864
1914
1913
1917
1929
1927
1915
1892
1924
1934
1929
1906
1935
1906
1918
1921
1925
1910
1908
1910
1902
1903
1933
1935
1909
1891
1885
1933
1922
1904
1929
1906
1914
1878
1931
1883
1914
1911
1898
1914
1939
1917
1917
1937
1941
1908
1934
1891
1916
1922
1913
1886
1912
1908
1886
1919
1938
1914
1890
1923
1883
1931
1929
1909
1908
1902
1899
1900
1919
1907
1941
1905
1932
1929
1927
1926
1901
1935
1893
1859
1893
1915
1923
1917
1897
1919
1900
1919
1885
1931
1927
1935
1925
1923
1920
1920
1943
1941
1893
1909
1906
1917
1883
1914
1878
1908
1890
1907
1933
1939
1883
1924
1899
1899
1913
1898
1892
1920
1894
1930
1925
1923
1894
1899
1933
1894
