1900
1900
1915
1915
1919
1919
1900
1900
1933
1933
1904
1904
1891
1891
1936
1936
1883
1883
1885
1885
1917
1917
1896
1896
1879
1879
1922
1922
1912
1912
1926
1926
1912
1912
1884
1884
1920
1920
1914
1914
1930
1930
1911
1911
1932
1932
1916
1916
1922
1922
1889
1889
1910
1910
1890
1890
1934
1934
1906
1906
1910
1910
1870
1870
1866
1866
1878
1878
1921
1921
1921
1921
1886
1886
1933
1933
1930
1930
1907
1907
1935
1935
1902
1902
1902
1902
1939
1939
1921
1921
1907
1907
1936
1936
1901
1901
1891
1891
1914
1914
1913
1913
1921
1921
1873
1873
1921
1921
1924
1924
1924
1924
1900
1900
1926
1926
1924
1924
1900
1900
1929
1929
1913
1913
1886
1886
1923
1923
1887
1887
1919
1919
1885
1885
1916
1916
1911
1911
1901
1901
1902
1902
1930
1930
1904
1904
1907
1907
1904
1904
1919
1919
1907
1907
1940
1940
1884
1884
1929
1929
1933
1933
1923
1923
1873
1873
1914
1914
1906
1907
1938
1866
1931
1906
1907
1938
1866
1931
1905
1905
1931
1931
1934
1934
1932
1932
1905
1905
1906
1906
1908
1908
1886
1886
1933
1933
1907
1907
1930
1930
1890
1890
1917
1917
1892
1900
1892
1900
1900
1900
1912
1912
1900
1900
1890
1890
1919
1919
1922
1922
1927
1927
1888
1888
1920
1920
1914
1914
1905
1905
1923
1923
1927
1927
1886
1886
1888
1888
1917
1917
1880
1880
1900
1900
1899
1899
1923
1923
1928
1928
1886
1886
1920
1920
1880
1880
1876
1876
1891
1891
1883
1883
1924
1924
1925
1925
1910
1910
1886
1886
1899
1899
1927
1927
1888
1895
1895
1888
1923
1923
1905
1905
1875
1875
1911
1911
1937
1937
1920
1920
1931
1931
1922
1922
1924
1924
1896
1896
1921
1921
1914
1914
1877
1877
1913
1913
1906
1906
1939
1939
1886
1886
1887
1887
1884
1884
1896
1896
1906
1906
1928
1928
1904
1904
1890
1890
1912
1912
1907
1907
1917
1917
1887
1887
1880
1880
1923
1923
1912
1912
1900
1900
1898
1898
1906
1906
1893
1893
1931
1931
1890
1890
1943
1943
1903
1903
1922
1922
1894
1894
1883
1883
1929
1929
1887
1887
1891
1891
1933
1933
1920
1920
1930
1930
1895
1895
1883
1883
1909
1909
1921
1921
1915
1915
1890
1890
1886
1886
1900
1900
1906
1906
1930
1930
1920
1920
1888
1888
1919
1919
1919
1919
1889
1889
1870
1870
1910
1910
1877
1877
1899
1899
1930
1930
1908
1908
1892
1892
1913
1913
1898
1898
1867
1867
1907
1907
1911
1911
1869
1869
1932
1932
1906
1906
1929
1929
1896
1896
1900
1900
1918
1918
1882
1882
1922
1922
1900
1900
1912
1912
1880
1880
1916
1916
1888
1888
1919
1919
1877
1877
1930
1930
