1922
1926
1885
1889
1914
1882
1919
1918
1904
1906
1935
1924
1929
1916
1903
1907
1898
1915
1876
1932
1902
1934
1880
1918
1885
1907
1890
1884
1908
1909
1933
1931
1911
1904
1906
1903
1931
1931
1907
1910
1938
1904
1909
1884
1920
1919
1894
1894
1932
1922
1920
1924
1926
1930
1917
1903
1907
1930
1925
1895
1924
1933
1904
1908
1910
1906
1913
1893
1893
1928
1869
1907
1914
1912
1937
1889
1924
1883
1887
1913
1918
1882
1920
1877
1931
1914
1871
1874
1884
1902
1895
1939
1910
1868
1875
1900
1882
1911
1910
1939
1912
1902
1873
1903
1931
1918
1904
1902
1927
1937
1916
1901
1937
1912
1883
1896
1895
1909
1937
1911
1905
1907
1912
1880
1914
1913
1939
1887
1912
1936
1912
1926
1928
1901
1914
1913
1889
1914
1882
1890
1914
1920
1894
1932
1932
1923
1886
1910
1908
1933
1884
1936
1908
1932
1898
1908
1908
1910
1919
1908
1903
1941
1913
1871
1891
1875
1876
1882
1878
1877
1875
1921
1908
1916
1920
1893
1893
1928
1928
1924
1924
1913
1915
1879
1877
1910
1912
1910
1874
1917
1886
1919
1915
1863
1926
1897
1934
1888
1929
1924
1886
1898
1926
1929
1894
1893
1918
