1909
1942
1938
1910
1936
1898
1910
1909
1909
1912
1912
1882
1882
1921
1921
1882
1882
1873
1909
1910
1931
1933
1935
1898
1928
1931
1903
1907
1907
1907
1936
1882
1923
1914
1933
1912
1899
1937
1897
1921
1925
1938
1928
1900
1929
1903
1893
1903
1912
1926
1906
1903
1932
1932
1902
1902
1927
1927
1906
1878
1883
1894
1927
1908
1906
1912
1938
1897
1891
1929
1927
1893
1853
1928
1899
1921
1920
1927
1939
1911
1925
1927
1912
1925
1884
1920
1892
1924
1896
1922
1895
1927
1905
1943
1909
1936
1922
1918
1886
1915
1896
1896
1907
1940
1928
1900
1901
1929
1928
1903
1926
1908
1909
1914
1907
1929
1935
1930
1902
1932
1938
1933
1901
1894
1901
1910
1927
1887
1931
1910
1891
1931
1938
1901
1938
1909
1934
1904
1913
1918
1896
1931
1923
1933
1910
1875
1862
1914
1887
1911
1904
1938
1938
1926
1895
1895
1906
1906
1892
1907
1907
1915
1910
1938
1901
1894
1895
1927
1925
1882
1924
1926
1923
1919
1892
1929
1902
1900
1927
1934
1911
1934
1934
1913
1893
1886
1927
1881
1894
1906
1880
1934
1929
1921
1931
1916
1917
1923
1906
1906
1938
1926
1935
1916
1901
1927
1895
1878
1880
1939
1934
1907
1916
1883
1881
1883
1883
1912
1922
1877
1909
1878
1879
1875
1875
1914
1913
1917
1924
1927
1939
1939
1913
1913
1919
1919
1876
1876
1910
1910
1880
1880
1921
1927
1924
1877
1905
1905
1939
1939
1877
1940
1936
1936
1909
1909
1864
1889
1870
1893
1936
1914
1877
1883
1875
1875
1885
1885
1905
1906
1880
1914
1909
1938
1909
1881
1905
1904
1904
1932
1902
1933
1926
1938
1900
1930
1900
1904
1914
1908
1878
1929
1928
1902
1923
1901
1931
1906
1914
1914
1910
1928
1903
1924
1931
1925
1913
1872
1929
1925
1931
1923
1927
1882
1901
1908
1906
1937
1920
1940
1914
1939
1903
1909
1875
1868
1875
1868
1934
1924
1932
1905
1892
1932
1905
1892
1936
1936
1897
1897
