1907
1911
1934
1933
1925
1931
1922
1929
1919
1924
1914
1925
1899
1926
1924
1923
1924
1905
1914
1900
1916
1922
1924
1925
1928
1910
1923
1928
1925
1920
1932
1927
1923
1924
1929
1928
1923
1919
1924
1930
1917
1929
1921
1929
1930
1915
1924
1925
1922
1918
1916
1918
1922
1926
1890
1916
1923
1923
1928
1911
1922
1908
1923
1925
1928
1929
1929
1922
1912
1924
1920
1921
1915
1925
1927
1930
1923
1920
1920
1923
1923
1928
1920
1907
1929
1923
1924
1927
1933
1902
1929
1923
1930
1913
1911
1930
1925
1920
1926
1929
1925
1904
1930
1921
1922
1928
1927
1935
1911
1920
1927
1928
1912
1924
1922
1923
1920
1911
1900
1912
1924
1900
1930
1904
1932
1921
1930
1929
1921
1930
1901
1918
1937
1913
1907
1922
1926
1907
1919
1927
1921
1928
1926
1923
1926
1923
1921
1929
1926
1914
1926
1903
1918
1927
1923
1929
1923
1924
1916
1922
1918
1930
1923
1910
1933
1934
1915
1930
1920
1926
1923
1911
1930
1930
1927
1925
1924
1924
1926
1929
1928
1910
1924
1926
1929
1918
1930
1930
1927
1918
1923
1928
1920
1890
1923
1921
1925
1930
1922
1919
1910
1928
1926
1925
1926
1930
1921
1929
1924
1915
1919
1910
1921
1929
1926
1929
1923
1924
1914
1921
1920
1921
1921
1922
1918
1910
1930
1923
1930
1920
1911
1913
1916
1925
1928
1921
1927
1922
1921
1929
1918
1920
1921
1923
1930
1930
1929
1922
1925
1929
1924
1928
1923
1906
1926
1914
1914
1923
1921
1924
1928
1926
1930
1924
1925
1928
1919
1917
1929
1929
1919
1918
1920
1926
1921
1926
1921
1926
1913
1928
1928
1914
1926
1929
1925
1926
1930
1914
1925
1922
1916
1930
1904
1922
1928
1920
1925
1926
1920
1916
1915
1924
1922
1929
1919
1923
1913
1924
1927
1925
1925
1922
1930
1924
1898
1909
1928
1929
1921
1923
1924
1920
1927
1927
1924
1921
1916
1912
1915
1925
1928
1929
1923
1927
1892
1931
1923
1923
1923
1928
1885
1922
1886
1927
1927
1923
1929
1930
1927
1929
1930
1913
1921
1928
1907
1926
1902
1919
1921
1920
1899
1912
1923
1910
1929
1930
1928
1924
1930
1915
1928
1932
1910
1913
1922
1931
1846
1918
1929
1928
1930
1928
1921
1926
1927
1931
1926
1913
1922
1930
1917
1929
1930
1921
1918
1928
1926
1928
1930
1920
1924
1928
1928
1912
1925
1922
1926
1926
1922
1928
1920
1921
1920
1929
1904
1905
1928
1921
1908
1927
1927
1924
1894
1926
1926
1926
1919
1930
1923
1925
1922
1924
1920
1930
1928
1925
1925
1925
1914
1925
1930
1920
1922
1925
1921
1924
1918
1926
1922
1924
1923
1909
1927
1915
1920
1922
1926
1912
1924
1922
1900
1925
1922
1913
1925
1928
1920
1928
