1930
1930
1925
1925
1923
1923
1885
1885
1893
1893
1928
1928
1912
1912
1910
1910
1899
1899
1867
1867
1934
1934
1910
1910
1938
1938
1941
1941
1937
1937
1907
1907
1876
1876
1928
1928
1887
1887
1884
1884
1918
1918
1921
1921
1885
1885
1922
1922
1919
1919
1916
1916
1903
1903
1884
1884
1921
1921
1941
1941
1924
1924
1926
1926
1924
1924
1900
1900
1925
1925
1896
1896
1885
1885
1924
1924
1921
1921
1932
1932
1906
1906
1907
1907
1924
1924
1927
1927
1919
1919
1884
1884
1925
1925
1883
1883
1905
1905
1923
1923
1898
1898
1938
1938
1907
1907
1933
1933
1903
1903
1930
1930
1884
1884
1913
1913
1888
1888
1937
1937
1930
1930
1921
1921
1880
1880
1925
1925
1908
1908
1923
1923
1893
1893
1921
1921
1893
1893
1918
1918
1932
1932
1917
1917
1929
1929
1889
1889
1900
1900
1927
1927
1906
1906
1932
1932
1905
1905
1935
1935
1932
1932
1904
1904
1937
1937
1889
1889
1928
1928
1901
1901
1900
1900
1926
1926
1904
1904
1896
1896
1930
1930
1927
1927
1932
1932
1899
1899
1925
1925
1900
1900
1929
1929
1892
1892
1892
1892
