1912
1913
1909
1936
1919
1923
1911
1886
1915
1888
1904
1939
1908
1937
1860
1870
1884
1896
1931
1902
1921
1929
1923
1890
1884
1922
1919
1912
1892
1888
1920
1927
1922
1931
1930
1928
1937
1905
1904
1935
1909
1885
1923
1896
1926
1928
1923
1908
1893
1881
1917
1912
1890
1924
1914
1913
1865
1878
1908
1875
1920
1904
1916
1879
1913
1887
1919
1910
1883
1886
1940
1917
1887
1883
1887
1887
1930
1899
1899
1925
1913
1902
1924
1919
1876
1935
1878
1910
1936
1908
1906
1932
1931
1925
1923
1919
1883
1923
1883
1933
1888
1918
1916
1929
1915
1923
1927
1876
1875
1903
1901
1929
1939
1895
1894
1891
1895
1900
1912
1935
1923
1912
1919
1884
1930
1927
1924
1932
1925
1891
1872
1895
1885
1913
1880
1907
1913
1877
1912
1921
1883
1902
1885
1937
1935
1882
1883
1886
1887
1919
1888
1899
1902
1880
1936
1859
1912
1878
1880
1899
1897
1928
1901
1897
1857
1880
1932
1923
1902
1905
1927
1872
1910
1916
1940
1899
1931
1861
1861
1934
1925
1901
1912
1910
1916
1867
1880
1923
1911
1868
1899
1876
1926
1903
1899
1924
1931
1901
1919
1874
1920
1866
1892
1897
1889
1899
1916
1929
1932
1861
1935
1927
1893
1898
1938
1913
1936
1929
1903
1928
1935
1903
1881
1867
1924
1872
1891
1930
1910
1913
1922
1920
1927
1892
1858
1931
1909
1876
1938
1928
1874
1897
1929
1923
1894
1919
1896
1929
1872
1897
1876
1870
1864
1934
1896
1897
1935
1926
1932
1927
1889
1928
1913
1898
1928
