1907
1907
1921
1921
1924
1924
1894
1894
1916
1916
1930
1930
1898
1898
1926
1926
1898
1898
1936
1936
1933
1933
1896
1896
1895
1895
1928
1928
1892
1892
1896
1896
1903
1903
1903
1903
1909
1909
1903
1903
1912
1912
1913
1913
1940
1940
1888
1888
1939
1939
1922
1922
1918
1918
1910
1910
1910
1910
1910
1910
1938
1938
1907
1907
1922
1922
1939
1939
1907
1907
1928
1928
1903
1903
1921
1921
1900
1900
1909
1909
1916
1916
1940
1940
1901
1901
1915
1915
1913
1913
1883
1883
1923
1923
1883
1883
1921
1921
1883
1883
1914
1914
1869
1869
1892
1892
1888
1888
1869
1869
1926
1926
1896
1896
1933
1933
1933
1933
1937
1937
1905
1905
1905
1905
1907
1907
1933
1933
1940
1940
1909
1909
1900
1900
1900
1900
1907
1907
1890
1890
1919
1919
1893
1893
1914
1914
1867
1867
1906
1906
1938
1938
1906
1906
