1889
1888
1888
1909
1908
1863
1871
1871
1912
1915
1914
1882
1928
1932
1930
1906
1935
1926
1906
1928
1887
1929
1904
1882
1886
1894
1883
1872
1891
1878
1893
1890
1913
1871
1902
1911
1896
1927
1925
1899
1891
1883
1889
1943
1910
1910
1884
1912
1931
1936
1909
1907
1942
1896
1918
1887
1896
1911
1924
1920
1894
1906
1907
1911
1911
1910
1917
1912
1918
1889
1920
1924
1888
1912
1928
1929
1908
1927
1907
1916
1932
1894
1896
1940
1902
1903
1907
1918
1896
1927
1918
1925
1925
1927
1931
1895
1896
1913
1934
1884
1920
1901
1940
1911
