1906
1906
1900
1900
1900
1900
1890
1890
1919
1919
1918
1918
1904
1904
1900
1900
1929
1929
1899
1923
1899
1923
1910
1910
1885
1885
1888
1888
1919
1919
1909
1909
1912
1912
1905
1905
1920
1920
1921
1921
1916
1916
1890
1890
1920
1920
1922
1922
1925
1925
1904
1904
1924
1924
1905
1905
1908
1908
1900
1900
1926
1926
1924
1924
1904
1904
1925
1925
1889
1889
1897
1897
1931
1931
1891
1891
1912
1912
1935
1935
1936
1906
1906
1936
1932
1932
1928
1928
1891
1891
1904
1904
1892
1892
1934
1934
1894
1894
1925
1925
1893
1893
1889
1889
1902
1902
1893
1893
1899
1899
1880
1880
1927
1927
1924
1924
1901
1901
1893
1893
1923
1923
1926
1926
1914
1914
1916
1916
1895
1895
1880
1880
1900
1900
1912
1912
1883
1883
1899
1899
1891
1891
1924
1924
1899
1899
1936
1936
1928
1928
1897
1897
1924
1924
1897
1897
1890
1890
1931
1931
1892
1922
1922
1892
1918
1918
1892
1892
1923
1923
1925
1925
1911
1911
1923
1923
1910
1910
1892
1892
1920
1920
1936
1936
1908
1908
1897
1897
1897
1897
1879
1879
1932
1932
1920
1920
1906
1906
1924
1924
1908
1908
1913
1913
1923
1923
1900
1900
1930
1930
1936
1936
1910
1910
1933
1933
1913
1913
1879
1879
1879
1879
1925
1925
1889
1889
1893
1893
1883
1883
1936
1936
1899
1899
1926
1926
1893
1893
1890
1890
1942
1942
1927
1927
1932
1932
1906
1906
1903
1903
1917
1917
1919
1919
1913
1913
1936
1936
1930
1930
1900
1900
1908
1908
1878
1878
1913
1913
1918
1918
1923
1923
1888
1888
1920
1920
1899
1899
1927
1927
1895
1895
1925
1925
1886
1886
1917
1917
1922
1922
1931
1931
1880
1880
1929
1929
1933
1933
1938
1938
1903
1899
1899
1903
1900
1900
1929
1929
1937
1937
1931
1931
1931
1931
1929
1929
1897
1897
1935
1935
1900
1900
1930
1930
1897
1897
1892
1892
1907
1907
1900
1900
1900
1900
1920
1920
1877
1877
1910
1910
1909
1909
1914
1914
1930
1930
1911
1911
1902
1902
1936
1936
1903
1903
1898
1898
1913
1913
1900
1900
1898
1898
1923
1923
1897
1897
1905
1905
1907
1907
1887
1887
1886
1886
1892
1892
1919
1919
1908
1907
1908
1907
1914
1914
1908
1908
1931
1931
1910
1910
1927
1927
1926
1926
1934
1934
1938
1938
1906
1906
1903
1903
1928
1928
1900
1900
1923
1923
1902
1902
1926
1926
1895
1895
1900
1900
1923
1923
1900
1900
1893
1893
1925
1925
1900
1900
1900
1900
1878
1878
1876
1876
1919
1919
1936
1936
1934
1934
1906
1906
1928
1928
1932
1932
1915
1915
1922
1922
1896
1896
1920
1920
1899
1899
1901
1901
1923
1923
1932
1932
1929
1929
1909
1909
1938
1938
1926
1926
1880
1880
1917
1917
1940
1940
1912
1912
1880
1880
1875
1875
1899
1899
1907
1907
1926
1926
1911
1911
1902
1902
1934
1934
1937
1937
1925
1925
1900
1900
1925
1925
1928
1928
1898
1898
1923
1923
1932
1932
1928
1928
1907
1907
1906
1906
1902
1902
1929
1929
1914
1914
1896
1896
1928
1928
1880
1880
1924
1924
1894
1894
1904
1904
1900
1900
1915
1915
1931
1931
1911
1911
1936
1936
1888
1888
1926
1926
1923
1923
1915
1915
1921
1921
1919
1919
1926
1926
1882
1882
1923
1923
1900
1900
1902
1902
1906
1906
1917
1917
1926
1926
1920
1920
1935
1935
1910
1910
1905
1905
1910
1910
1906
1906
1906
1906
1908
1908
1925
1925
1893
1893
1900
1900
1900
1904
1900
1900
1904
1900
1900
1900
1883
1883
1879
1879
1923
1923
1912
1912
1932
1932
1928
1928
1904
1904
1910
1910
1908
1908
1876
1876
1916
1916
1928
1928
1881
1881
1919
1919
1924
1924
1936
1936
1903
1903
1908
1908
1925
1925
1890
1890
1916
1916
1920
1920
1891
1891
1924
1924
1898
1898
1929
1929
1916
1916
1927
1927
1920
1920
1914
1914
1911
1911
1930
1930
1934
1934
1898
1898
1932
1932
1915
1915
1902
1902
1928
1928
1926
1926
1923
1923
1894
1894
1935
1935
1902
1902
1926
1926
1932
1932
1928
1928
1899
1899
1912
1912
1910
1910
1917
1917
1919
1919
1884
1884
1914
1914
1887
1887
1912
1912
1909
1909
1940
1940
1935
1935
1916
1916
1892
1892
1891
1891
1928
1928
1924
1924
1924
1924
1888
1888
1929
1929
1893
1893
1921
1921
1928
1928
1890
1890
1924
1924
1926
1926
1914
1914
1926
1926
1922
1922
1924
1924
1920
1920
1882
1882
1907
1907
1911
1911
1902
1902
1929
1929
1927
1927
1898
1898
1935
1935
1903
1903
1888
1888
1913
1913
1923
1923
1908
1908
1929
1929
1886
1886
1929
1929
1903
1903
1896
1896
1921
1921
1924
1924
1886
1886
1934
1934
1931
1931
1899
1899
1904
1904
1923
1923
1891
1891
1925
1925
1927
1927
1918
1918
1916
1916
1914
1914
