1888
1924
1867
1906
1925
1921
1920
1885
1923
1912
1930
1884
1916
1914
1896
1893
1927
1876
1923
1933
1908
1906
1891
1932
1924
1891
1926
1911
1927
1911
1936
1912
1905
1932
1928
1939
1913
1934
1938
1938
1910
1922
1927
1889
1893
1919
1938
1909
1901
1931
1937
1883
1880
1932
1909
1879
1906
1873
1900
1904
1928
1891
1900
1901
1923
1895
1925
1892
1921
1929
1912
1925
1897
1923
1933
1885
1883
1935
1897
1900
1939
1935
1904
1911
1913
1925
1895
1926
1893
1931
1923
1889
1917
1878
1908
1911
1907
1938
1885
1914
1920
1879
1909
1871
1908
1883
1907
1938
1904
1938
1910
1909
1896
1868
1910
1899
1928
1888
1891
1919
1900
1910
1935
1909
1934
1911
1877
1893
1902
1872
1907
1909
1894
1884
