1915
1915
1888
1888
1917
1917
1910
1910
1880
1880
1887
1887
1888
1888
1915
1915
1911
1911
1883
1883
1883
1883
1878
1878
1921
1921
1902
1902
1937
1937
1911
1911
1917
1917
1910
1910
1932
1932
1902
1902
1905
1905
1933
1933
1933
1933
1919
1919
1926
1926
1923
1923
1925
1925
1898
1898
1928
1928
1921
1921
1915
1915
1924
1924
1895
1895
1927
1927
1929
1929
1895
1895
1923
1923
1860
1860
1890
1890
1926
1926
1885
1885
1922
1922
1914
1914
1903
1903
1935
1935
1903
1903
1930
1930
1910
1910
1914
1914
1877
1877
1909
1909
1870
1870
1896
1896
1897
1897
1925
1925
1915
1915
1921
1921
1916
1916
1919
1919
1890
1890
1900
1900
1886
1886
1919
1919
1937
1937
1932
1932
1904
1904
1927
1927
1930
1930
1932
1932
1927
1927
1900
1900
1904
1904
1898
1898
1881
1881
1881
1881
1919
1919
1874
1874
1874
1874
1916
1916
1900
1900
1914
1914
