1924
1888
1928
1928
1893
1922
1899
1932
1913
1881
1933
1893
1900
1929
1895
1925
1933
1923
1910
1940
1908
1912
1893
1917
1939
1915
1914
1934
1910
1907
1940
1936
1863
1894
1926
1897
1928
1930
1913
1921
1889
1922
1926
1893
1930
1924
1931
1935
1923
1886
1913
1875
1928
1922
1915
1915
1937
1898
1909
1892
1925
1911
1884
1925
1924
1884
1890
1871
1905
1902
1884
1937
1926
1901
1891
1928
1890
1916
1924
1880
1897
1906
1922
1935
1925
1930
1927
1893
1924
1894
1909
1924
1888
1918
1913
1927
1915
1884
1910
1913
1912
1921
1902
1940
1907
1915
1915
1911
1918
1899
1928
1887
1924
1919
1895
1881
1882
1915
1875
1920
1925
1859
1884
1893
1904
1935
1909
1919
1865
1885
1924
1909
1910
1910
1880
1881
1912
1920
1910
1907
1936
1892
