1909
1904
1909
1937
1924
1905
1901
1893
1899
1929
1925
1900
1916
1935
1929
1923
1900
1925
1893
1922
1890
1924
1895
1915
1924
1875
1911
1883
1919
1910
1884
1925
1911
1880
1906
1875
1888
1890
1921
1912
1933
1906
1937
1869
1886
1916
1916
1942
1920
1917
1928
1894
1912
1934
1878
1907
1916
1908
1877
1885
1886
1885
1876
1933
1902
1897
1902
1905
1925
1902
1923
1927
1930
1906
1904
1924
1910
1930
1904
1906
1921
1888
1892
1910
1878
1881
1922
1893
1939
1908
1906
1920
1937
1922
1924
1880
1940
1933
1917
1908
1894
1907
1909
1939
1913
1885
1896
1898
1934
1927
1869
1914
1910
1910
1913
1913
1912
1912
1904
1936
1906
1881
1915
1885
1910
1933
1935
1910
1868
1880
1915
1908
1939
1942
1902
1896
1931
1908
1909
1897
1924
1901
1869
1873
1897
1900
1932
1935
1907
1897
1935
1923
1883
1921
1916
1883
1914
1922
1919
1885
1927
1924
1891
1931
1917
1911
1916
1888
1886
1921
1904
1937
1928
1916
1916
1908
1889
1882
1885
1920
1891
1902
1933
1906
1904
1905
1930
1875
1929
1874
1905
1874
1889
1927
1926
1898
1930
1921
1896
1866
1896
1883
1885
1916
1934
1913
1937
1885
1879
1923
1886
1916
1887
1888
1890
1920
1890
1922
1901
1910
1886
1878
1878
1913
1905
1915
1925
1890
1923
1898
1887
1887
1888
1921
1918
1891
1911
1913
1881
1876
1907
1918
1921
1902
1930
1929
1901
1927
1932
1881
