1892
1876
1897
1908
1898
1902
1900
1879
1895
1901
1913
1903
1888
1886
1924
1894
1910
1904
1905
1910
1910
1909
1908
1902
1903
1907
1905
1902
1912
1896
1897
1937
1928
1905
1905
1925
1897
1911
1893
1918
1895
1895
1901
1907
1900
1908
1908
1913
1900
1900
1902
1907
1894
1908
1905
1908
1923
1928
1905
1897
1908
1934
1911
1909
1875
1880
1910
1919
1916
1900
1900
1898
1909
1897
1902
1904
1909
1909
1904
1908
1913
1916
1916
1908
1911
1911
1904
1906
1887
1877
1877
1887
1877
1917
1916
1916
1905
1907
1909
1896
1896
1903
1904
1904
1903
1898
1902
1903
1899
1912
1906
1901
1912
1914
1911
1906
1919
1911
1897
1908
1935
1940
1936
1911
1898
1916
1903
1912
1912
1888
1919
1914
1906
1904
1895
1899
