1911
1940
1872
1870
1909
1912
1889
1889
1868
1899
1872
1922
1887
1928
1882
1926
1885
1899
1927
1937
1897
1917
1901
1924
1898
1897
1892
1890
1928
1884
1913
1922
1870
1901
1925
1926
1903
1930
1935
1927
1932
1925
1890
1937
1929
1890
1922
1909
1914
1886
1923
1926
1881
1896
1926
1887
1885
1878
1878
1892
1928
1933
1907
1904
1937
1931
1921
1928
1892
1905
1938
1933
1898
1907
1918
1940
1921
1907
1931
1911
1935
1883
1883
1927
1878
1916
1902
1900
1927
1925
1913
1925
1901
1917
1886
1923
1891
1925
1919
1927
1884
1874
1902
1928
1900
1925
1924
1924
1908
1938
1886
1871
1873
