1937
1937
1937
1898
1872
1909
1927
1880
1924
1888
1927
1920
1920
1909
1909
1932
1932
1926
1893
1876
1880
1890
1938
1896
1905
1916
1904
1889
1925
1889
1929
1921
1914
1885
1886
1919
1924
1913
1915
1910
1922
1927
1869
1869
1874
1870
1916
1911
1893
1923
1925
1927
1898
1891
1892
1927
1891
1892
1927
1918
1920
1916
1914
1915
1922
1916
1915
1935
1904
1912
1907
1907
1893
1893
1927
1927
1925
1925
1879
1890
1910
1902
1925
1928
1927
1939
1922
1922
1911
1911
1911
1939
1923
1900
1929
1903
1903
1904
1904
1918
1885
1935
1912
1935
1914
1938
1907
1887
1880
1877
1892
1904
1928
1908
1908
1936
1934
1900
1934
1872
1872
1904
1910
1909
1870
1876
1929
1929
1926
1926
1923
1923
1890
1908
1890
1908
1916
1922
1922
1926
1896
1896
1921
1920
1920
1925
1911
1911
1911
1940
1940
1914
1914
1900
1914
1921
1914
1928
1896
1925
1906
1904
1935
1878
1905
1912
1898
1898
1900
1918
1899
1917
1941
1888
1888
1921
1921
1919
1928
1900
1902
1910
1921
1852
1925
1920
1916
1893
1925
1923
1919
1919
1883
1924
1900
1905
1925
1926
1900
1900
1896
1925
1923
1919
1880
1866
1931
1887
1925
1897
1923
1923
1919
1919
1943
1923
1923
1881
1896
1925
1923
1890
1921
1910
1918
1896
1896
1927
1927
1896
1896
1921
1921
1907
1931
1879
1898
1926
1915
1874
1920
1900
1903
1909
1906
1905
1910
1908
1879
1911
1877
1940
1891
1922
1923
1892
1926
1907
1907
1923
1924
1866
1931
1935
1897
1914
1922
1898
1919
1919
1887
1911
1921
1886
1892
1915
1935
1921
1919
1892
1932
1928
1930
1890
1902
1935
1906
1922
1934
1892
1914
1892
1907
1939
1934
1943
1905
1914
1877
1939
1906
1912
1909
1912
1903
1903
1905
1903
1870
1930
1896
1926
1937
1928
1931
1912
1929
1929
1908
1939
1939
1902
1902
1899
1899
1919
1925
1911
1928
1909
1910
1871
1885
1902
1908
1897
1931
1897
1909
1884
1892
1913
1904
1913
1914
1896
1911
1909
1909
1919
1905
1907
1931
1932
1936
1938
1903
1917
1932
1908
1935
1921
1903
1929
1909
1931
1897
1925
1927
1890
1915
1877
1923
1920
1895
1919
1909
1909
1887
1925
1907
1933
1907
1943
1899
1899
1900
1900
1874
1894
1894
1902
1902
1917
1936
1908
1930
1904
1920
1909
1910
1910
1890
1894
1932
1927
1902
1904
1904
1879
1879
1924
1916
1883
1916
1925
1890
1914
1926
1902
1920
1898
1928
1915
1923
1914
1940
1928
1925
1892
1884
1921
1921
1890
1932
1920
1897
1934
1934
1936
1936
1875
1875
1913
1913
1913
1913
1913
1913
1913
1925
1897
1911
1927
1922
1912
1902
1902
1932
1908
1917
1882
1916
1923
1894
1927
1925
1930
1900
1938
1892
1917
1903
1903
1931
1931
1932
1932
1907
1907
1892
1921
1925
1885
1922
1919
1908
1875
1882
1882
1925
1925
1917
1917
1920
1917
1915
1915
1920
1920
1914
1911
1909
1909
1912
1912
1886
1886
1920
1920
1924
1924
1926
1926
1910
1938
1931
1897
1925
1927
1910
1914
1919
1876
1874
