1905
1905
1918
1918
1918
1918
1888
1888
1888
1888
1925
1925
1927
1927
1906
1906
1909
1909
1940
1940
1909
1909
1932
1932
1902
1902
1902
1902
1939
1939
1927
1927
1929
1929
1889
1889
1937
1937
1928
1928
1891
1891
1906
1906
1938
1938
1931
1931
1937
1937
1914
1914
1904
1904
1903
1903
1910
1910
1917
1917
1909
1909
1908
1908
1914
1914
1885
1885
1939
1939
1908
1908
1909
1909
1915
1915
1915
1915
1868
1868
1904
1904
1925
1925
1900
1900
1900
1900
1900
1900
1906
1906
1879
1879
1910
1910
1917
1917
1924
1924
1896
1896
1895
1895
1909
1909
1907
1907
1909
1909
1890
1890
1921
1921
1935
1935
1908
1908
1908
1908
1914
1914
1893
1893
1927
1927
1926
1926
1900
1900
1934
1934
1928
1928
1898
1898
1930
1930
1926
1926
1900
1900
1900
1924
1891
1924
1900
1891
1900
1900
1931
1931
1923
1923
1885
1885
1914
1914
1911
1911
1894
1894
1913
1913
1906
1906
1918
1918
1879
1879
1932
1932
1922
1922
1898
1898
1906
1906
1900
1900
1941
1941
1910
1910
1916
1916
1900
1900
1912
1912
1917
1917
1900
1900
1894
1894
1935
1935
1894
1894
1926
1926
1900
1900
1935
1935
1887
1887
1900
1900
1909
1909
1900
1900
1908
1908
1936
1936
1920
1920
1894
1894
1926
1926
1924
1924
1925
1925
1894
1894
1894
1894
1923
1923
1918
1918
1888
1888
1885
1885
1923
1923
1865
1865
1907
1907
1917
1917
1929
1929
1901
1901
1898
1898
1889
1889
1902
1902
1900
1900
1906
1906
1932
1932
1913
1913
1911
1911
1875
1875
1909
1909
1911
1911
1873
1873
1905
1905
1908
1908
1932
1932
1907
1907
1934
1934
1905
1905
1932
1932
1895
1895
1903
1903
1928
1928
1910
1910
1922
1922
1920
1920
1878
1878
1912
1912
1876
1876
1908
1908
1895
1895
1934
1934
1909
1909
1909
1909
1936
1936
1883
1883
1920
1920
1883
1883
1908
1908
1920
1920
1903
1903
1936
1936
1930
1930
1903
1903
1902
1902
1896
1896
1894
1894
1927
1927
1930
1930
1903
1903
1876
1876
1916
1916
1908
1908
1905
1905
1933
1933
1934
1934
1926
1926
1892
1892
1882
1882
1916
1916
1895
1895
1930
1930
1896
1896
1923
1923
1922
1922
1927
1927
1895
1895
1919
1919
1893
1893
1895
1895
1926
1926
1930
1930
1938
1938
1937
1937
1900
1900
1900
1900
1900
1900
1900
1900
1900
1900
1927
1927
1893
1893
1909
1909
1871
1871
1937
1937
1898
1898
1931
1931
1898
1898
1928
1928
1913
1913
1940
1940
1927
1927
1895
1895
1923
1923
1923
1923
1937
1937
1926
1926
1901
1901
1907
1907
1906
1906
1869
1869
1911
1911
1884
1884
1914
1914
1924
1924
1890
1890
1878
1878
1871
1871
1903
1903
1927
1927
1918
1918
1928
1928
1921
1921
1892
1892
1909
1909
1932
1932
1937
1937
1909
1909
1879
1879
1880
1880
1908
1908
1905
1905
1903
1903
1919
1919
1916
1916
1921
1921
1894
1894
1890
1890
1914
1914
1882
1882
1880
1880
1870
1870
1933
1933
1939
1939
1935
1935
1907
1907
1900
1900
1899
1899
1900
1900
1928
1928
1918
1918
1866
1866
1900
1900
1934
1934
1931
1931
1909
1909
1939
1939
1905
1905
1933
1933
1931
1931
1904
1904
1896
1896
1937
1937
1907
1907
1934
1934
1932
1932
1909
1909
1921
1921
1929
1929
1881
1881
1927
1927
1882
1882
1886
1886
1920
1920
1914
1914
1926
1920
1926
1920
