1923
1902
1896
1930
1918
1915
1887
1920
1897
1913
1926
1912
1939
1884
1921
1882
1908
1898
1935
1913
1938
1870
1903
1927
1904
1881
1874
1874
1907
1901
1904
1895
1893
1893
1922
1921
1914
1931
1934
1913
1918
1929
1884
1911
1883
1920
1926
1922
1908
1888
1893
1900
1912
1905
1940
1907
1913
1906
1918
1874
1904
1921
1888
1884
1888
1931
1895
1934
1925
1936
1898
1879
1926
1910
1911
1936
1904
1898
1937
1935
1900
1930
1885
1882
1921
1876
1919
1880
1909
1875
1906
1874
1919
1897
1924
1921
1894
1908
1937
1908
1887
1884
1904
1924
1916
1928
1896
