1920
1881
1907
1889
1916
1913
1911
1890
1914
1905
1905
1911
1910
1908
1915
1933
1906
1894
1891
1919
1928
1893
1921
1926
1925
1905
1897
1897
1928
1930
1905
1935
1934
1936
1910
1910
1922
1924
1925
1926
1937
1932
1918
1880
1916
1910
1908
1876
1903
1931
1930
1925
1903
1927
1926
1917
1912
1898
1938
1910
1906
1886
1900
1907
1927
1870
1918
1904
1906
1929
1932
1919
1891
1889
1920
1893
1918
1924
1890
1890
1916
1922
1893
1916
1914
1880
1892
1880
1870
1935
1939
1912
1879
1889
1917
1940
1933
1935
1903
1937
1919
1922
1889
1894
1917
1926
1919
1924
1922
1904
1877
1926
1898
1900
1898
1903
1928
1924
1896
1924
1919
1895
1893
1898
1927
1922
1930
1909
1929
1890
1898
1927
1914
1922
1925
1893
1923
1897
1912
1917
1879
1879
1919
1886
1921
1924
1891
1898
1925
1909
1913
1893
1894
1924
1928
1887
1923
1887
1893
1928
1908
1908
1937
1904
1863
1924
1924
1923
1911
1925
1879
1906
1902
1877
1889
1912
1907
1883
1918
1909
1933
1931
1930
1891
1922
1900
1927
1925
1884
1886
1927
1913
1925
1924
1902
1904
1886
1882
1917
1939
1936
1915
1911
1928
1901
1911
1878
1928
1882
1915
1918
1924
1890
1920
1923
1932
1909
1933
1906
1932
1924
1935
1911
1928
1890
1916
1891
1926
1917
1928
1900
1909
1915
1890
1921
1919
1889
1934
1911
1904
1881
1913
1925
1905
1914
1908
1935
1910
1877
1910
1919
1910
1885
1889
1887
1937
1935
1903
1916
1881
1917
1927
1883
1910
1892
1914
1939
1906
1909
1895
1937
1930
1894
1892
1928
1916
1893
1859
1938
1904
1928
1878
1883
1893
1931
1902
1873
1909
1940
1910
1909
1936
1887
1912
1912
1883
1922
1909
1905
1919
1921
1923
1936
1940
1911
1913
1921
1864
1909
1938
1908
1886
1911
1929
1885
1891
1902
1877
1911
1914
1914
1874
1877
1929
1898
1900
1926
1938
1909
1928
1925
1886
1910
1933
1886
1916
1933
1885
1924
1919
1915
1916
1930
1895
1897
1930
1929
1927
1929
1887
1923
1921
1875
1884
1883
1883
1877
1918
1937
1937
1916
1908
1908
1886
1916
1908
1886
1905
1908
1935
1905
1921
1910
1873
1907
1907
1915
1907
1893
