1910
1910
1888
1888
1888
1889
1922
1917
1919
1890
1889
1889
1922
1922
1917
1917
1919
1919
1890
1890
1929
1925
1923
1933
1908
1899
1928
1887
1892
1922
1935
1908
1902
1902
1902
1894
1918
1894
1894
1918
1918
1881
1881
1881
1893
1893
1893
1912
1912
1912
1912
1913
1938
1885
1885
1870
1870
1875
1903
1930
1905
1933
1875
1875
1883
1883
1904
1904
1904
1898
1898
1898
1865
1865
1865
1889
1889
1889
1931
1931
1931
1890
1890
1890
1903
1903
1903
1866
1914
1911
1925
1878
1873
1918
1918
1918
1882
1882
1882
1895
1895
1895
1896
1896
1896
1923
1923
1923
