1928
1928
1924
1924
1922
1922
1919
1919
1895
1895
1907
1909
1933
1935
1925
1896
1921
1907
1937
1933
1903
1907
1910
1942
1878
1904
1929
1910
1932
1934
1930
1938
1896
1925
1920
1888
1883
1914
1885
1912
1863
1924
1922
1920
1874
1905
1920
1883
1923
1881
1881
1920
1912
1883
1910
1914
1921
1923
1919
1907
1912
1901
1929
1905
1923
1926
1917
1882
1918
1935
1881
1911
1904
1933
1923
1868
1909
1932
1912
1936
1934
1908
1907
1935
1940
1924
1889
1921
1918
1900
1931
1919
1924
1931
1900
1904
1928
1935
1876
1912
1910
1922
1891
1921
