1935
1935
1905
1905
1939
1939
1893
1893
1901
1901
1907
1907
1911
1911
1893
1893
1923
1923
1878
1878
1911
1911
1909
1909
1934
1934
1928
1928
1923
1923
1896
1896
1892
1892
1903
1903
1896
1896
1933
1933
1930
1930
1902
1902
1906
1906
1928
1928
1935
1935
1925
1925
1896
1896
1888
1888
1915
1915
1886
1886
1935
1935
1916
1916
1913
1913
1911
1911
1885
1885
1906
1906
1906
1906
1913
1913
1935
1935
1910
1895
1895
1888
1888
1923
1923
1921
1921
1916
1916
1875
1875
1922
1922
1909
1909
1887
1887
1928
1928
1885
1885
1907
1907
1900
1900
1924
1924
1915
1915
1896
1896
1913
1913
1938
1938
1914
1914
1921
1921
1905
1905
1922
1922
1908
1908
1932
1932
1903
1903
1922
1922
1905
1905
1930
1930
1923
1923
1927
1927
1883
1883
1907
1907
1933
1933
1895
1895
1920
1920
1897
1897
1907
1907
1933
1933
1944
1944
1911
1911
1900
1900
1924
1924
1901
1901
1862
1862
1900
1900
1917
1917
1944
1944
