1919
1925
1890
1928
1921
1890
1933
1890
1924
1913
1927
1885
1919
1915
1921
1886
1880
1913
1916
1926
1924
1892
1901
1897
1894
1929
1923
1922
1921
1900
1900
1936
1930
1927
1917
1915
1890
1922
1888
1895
1925
1895
1927
1926
1899
1897
1930
1924
1929
1928
1932
1897
1896
1894
1931
1929
1935
1903
1902
1934
1931
1924
1894
1927
1923
1893
1901
1931
1898
1928
1926
1923
1917
1885
1921
1919
1885
1914
1920
1887
1917
1887
1899
1918
1892
1926
1923
1917
1925
1885
1923
1886
1920
1899
1926
1922
1895
1925
1921
1894
1895
1922
1904
1929
1925
1926
1907
1885
1924
1894
1927
1898
1929
1921
1893
1927
1888
1911
1923
1898
1926
1928
1930
1921
1913
1900
1925
1882
1928
1924
1898
1897
1924
1897
1929
1922
1928
1924
1924
1894
1927
1921
1893
1925
1897
1923
1897
1930
1932
1921
1888
1891
1925
1920
1924
1923
1927
1927
1898
1887
1926
1934
1925
1930
1934
1898
1904
1906
1928
1938
1906
1930
1889
1919
1890
1921
1926
1898
1925
1886
1925
1928
1890
1924
1927
1889
1931
1926
1922
1928
1887
1931
1929
1898
1930
1897
1927
1925
1889
1913
1914
1918
1884
1923
1884
1930
1920
1929
1924
1888
1932
1926
1892
1929
1920
1923
1890
1921
1926
1935
1892
1931
1925
1898
1898
1923
1934
1928
1902
1900
1924
1885
1926
1923
1891
1891
1924
1884
1928
1923
1920
1929
1887
1925
1889
1932
1925
1924
1921
1929
1893
1918
1922
1891
1894
1931
1925
1924
1926
1894
1887
1923
1894
1922
1920
1920
1916
1919
1931
1928
1919
1915
1884
1907
1883
1928
1896
1913
1889
1888
1923
1911
1888
1885
1926
1907
1934
1934
1907
1934
1901
1931
1896
1884
1932
1905
1930
1922
1919
1895
1926
1934
1889
1916
1921
1915
1923
1901
1928
1899
1932
1926
1892
1899
1932
1928
1936
1936
1900
1908
1904
1921
1921
1888
1891
1901
1895
1895
1929
1929
1901
1925
1923
1894
1930
1903
1931
1907
1935
1895
1923
1923
1889
1889
1926
1924
1922
1892
1927
1891
1925
1926
1896
1901
1929
1933
1926
1921
1930
1888
1892
1898
1926
1928
1895
1924
1919
1890
1921
1890
1893
1928
1898
1922
1926
1925
1922
1923
1894
1890
1925
1904
1928
1933
1922
1923
1892
1928
1893
1934
1900
1891
1933
1928
1921
1920
1928
1898
1902
1927
1935
1926
1923
1888
1929
1883
1921
1897
1902
1927
1924
1929
1923
1931
1931
1923
1921
1917
1926
1885
1891
1919
1925
1929
1893
1894
1928
1924
1893
1926
1930
1931
1935
1922
1928
1899
1924
1931
1925
1923
1893
1925
1924
1891
1923
1890
1925
1891
1903
1932
1923
1926
1889
1890
1922
1925
1891
1898
1922
1923
1921
1928
1935
1934
1895
1929
1927
1900
1930
1936
1926
1896
1922
1891
1921
1891
1915
1924
1923
1920
1922
1889
1894
1926
1914
1886
1882
1919
1912
1924
1897
1929
1921
1890
1925
1920
1920
1925
1893
1922
1934
1891
1928
1894
1894
1924
1934
1921
1922
1882
1926
1884
1922
1927
1928
1892
1921
1926
1893
1918
1923
1894
