1911
1938
1885
1933
1911
1918
1922
1924
1926
1907
1911
1878
1885
1915
1915
1905
1871
1914
1931
1903
1929
1888
1908
1934
1890
1875
1922
1892
1938
1907
1912
1885
1925
1885
1896
1890
1924
1889
1913
1914
1880
1932
1918
1925
1927
1942
1911
1915
1908
1930
1906
1935
1901
1877
1876
1900
1912
1912
1919
1925
1895
1900
1879
1921
1904
1913
1934
1888
1908
1919
1891
1928
1926
1876
1912
1899
1881
1913
1909
1925
1929
1907
1939
1932
1870
1866
1895
1877
1898
1924
1927
1864
1900
1940
1928
1931
1900
1892
1890
1875
1904
1915
1913
1911
1910
1913
1876
1896
1897
1915
1917
1897
1905
1939
1924
1900
1928
1899
1935
1912
1924
1885
1875
1897
1908
1903
1923
1915
1917
1910
1889
1913
1910
1912
1901
1902
1910
1916
1918
1914
1913
1913
1886
1876
1872
1913
1936
1908
1937
1924
1903
1889
1921
1885
1892
1932
1925
1930
1927
1937
1901
1910
1907
1922
1892
1900
1898
1927
1921
1889
1914
1922
1913
1887
1913
1922
1932
1926
1889
1912
1874
1895
1907
1905
1878
1881
1880
1914
1889
1921
1924
1911
1898
1897
1927
1927
1899
1901
1927
1933
1921
1913
1909
1926
1910
1940
1910
1902
1916
1895
1899
1911
1939
1933
1865
1921
1899
1895
1890
1923
1922
1940
1894
1931
1899
1924
1931
1928
1928
1926
1929
1905
1900
1896
1937
1925
1928
1900
1906
1921
1909
1914
1914
1885
1913
1900
1912
1905
1935
1880
1931
1904
1901
1870
