1921
1908
1913
1915
1873
1900
1927
1939
1911
1912
1911
1909
1936
1915
1875
1904
1875
1904
1902
1922
1925
1917
1885
1897
1896
1902
1902
1930
1931
1939
1908
1904
1900
1900
1937
1929
1931
1934
1902
1903
1923
1886
1921
1923
1890
1889
1932
1875
1898
1902
1908
1890
1894
1934
1929
1890
1924
1918
1874
1907
1906
1938
1876
1920
1875
1922
1875
1930
1900
1900
1893
1939
1886
1872
1901
1932
1904
1903
1928
1912
1879
1914
1928
1925
1926
1900
1900
1880
1914
1877
1912
1915
1875
1902
1894
1890
1925
1919
1921
1922
1896
1885
1926
1881
1881
1904
1910
1916
1933
1935
1904
1904
1933
1921
1926
1891
1925
1926
1929
1896
1884
1920
1914
1924
1908
1925
1882
1920
