1895
1880
1919
1886
1894
1923
1904
1932
1936
1904
1902
1869
1929
1923
1925
1893
1939
1915
1909
1901
1865
1894
1922
1882
1912
1908
1898
1891
1888
1918
1922
1940
1920
1916
1912
1914
1916
1890
1916
1924
1922
1932
1890
1917
1926
1918
1890
1925
1936
1910
1916
1937
1911
1925
1925
1921
1895
1895
1913
1940
1935
1939
1913
1913
1908
1929
1910
1912
1871
1873
1928
1930
1893
1914
1904
1902
1935
1880
1880
1932
1899
1910
1929
1915
1902
1904
1938
1904
1905
1894
1885
1924
1915
1880
1910
1912
1912
1874
1922
1884
1926
1918
1881
1931
1928
1917
1925
1918
1890
1922
1894
1920
1883
1883
1927
1926
1907
1934
1938
1913
1911
1895
1931
1923
1917
1903
1919
1924
1926
1939
1922
1905
1910
1870
1917
1872
1903
1880
1909
1907
1907
1932
1939
1880
1911
1915
1880
1898
1894
1927
1878
1922
1881
1910
1910
1907
1904
1908
1905
1929
1890
1924
1920
1893
1915
1909
1908
1924
1891
1927
1890
1921
1931
1905
1937
1905
1861
1902
1898
1883
1913
1927
1922
1887
1924
1935
1906
1908
1919
1910
1905
1912
1939
1913
1874
1874
1892
1917
1919
1915
1908
1875
1908
1938
1921
1875
1927
1901
1899
1900
1877
1877
1922
1937
1903
1939
1928
1925
1931
1922
1898
1898
1890
1897
1926
1896
1920
1916
1915
1936
1904
1906
1936
1907
1931
1937
1907
1939
1912
1908
1894
1917
1882
1880
1917
1911
1856
1890
1939
1905
1907
1929
1920
1924
1889
1927
1894
1939
1898
1900
1908
1906
1935
1938
1895
1924
1901
1914
1889
1900
1873
1920
1911
1879
1912
1914
1870
1892
1909
1929
1939
1910
1912
1893
1888
1893
1926
1874
1935
1922
1924
1895
1895
1932
1928
1934
1881
1878
1914
1880
1912
1907
1928
1894
1894
1880
1909
1879
1912
1938
