1903
1930
1904
1908
1934
1910
1927
1892
1892
1932
1905
1897
1931
1857
1917
1943
1921
1906
1912
1937
1911
1905
1911
1918
1920
1906
1927
1910
1910
1925
1916
1923
1910
1905
1886
1914
1886
1890
1909
1888
1910
1942
1938
1923
1923
1925
1887
1927
1895
1902
1930
1903
1924
1916
1912
1902
1938
1933
1899
1926
1898
1929
1900
1893
1930
1926
1904
1904
1928
1941
1931
1910
1877
1895
1937
1921
1919
1918
1912
1891
1891
1927
1898
1894
1922
1920
1924
1887
1907
1910
1939
1908
1932
1934
1937
1906
1900
1902
1905
1920
1927
1925
1929
1941
1916
1913
1884
1884
1884
1884
1909
1909
1913
1913
1935
1935
1911
1911
1904
1904
1939
1939
1893
1918
1927
1898
1931
1902
1866
1906
1903
1926
1899
1906
1896
1920
1894
1921
1904
1941
1906
1912
1885
1885
1914
1938
1882
1875
1906
1880
1879
1880
1875
1909
1931
1908
1909
1938
1928
1929
1925
1893
1907
1924
1941
1916
1914
1902
1904
1879
1912
1918
1885
1896
1902
1938
1910
1907
1934
1935
1938
1920
1932
1926
1929
1897
1927
1893
1918
1915
1886
1927
1890
1915
1916
1938
1926
1896
1923
1897
1890
1915
1894
1927
1931
1903
1879
1911
1942
1912
1915
1899
1931
1925
1900
1891
1900
1923
1924
1913
1931
