1927
1927
1897
1897
1927
1915
1925
1909
1909
1922
1922
1897
1897
1918
1918
1928
1928
1912
1912
1882
1882
1902
1902
1926
1926
1901
1901
1916
1916
1904
1921
1921
1926
1926
1927
1927
1930
1930
1903
1900
1900
1934
1934
1902
1902
1932
1932
1930
1930
1904
1904
1910
1911
1883
1894
1894
1924
1924
1895
1895
1920
1920
1899
1899
1889
1889
1931
1924
1939
1939
1914
1914
1911
1911
1940
1889
1904
1904
1903
1909
1909
1909
1890
1890
1923
1923
1924
1902
1930
1930
1917
1917
1888
1888
1924
1924
1914
1914
1919
1919
1911
1911
1911
1896
1896
1930
1930
1930
1907
1929
1897
1929
1897
1939
1939
1911
1911
1905
1905
1932
1932
1905
1905
1911
1906
1906
1937
1937
1904
1904
1907
1907
1935
1935
1909
1909
1939
1939
1906
1906
1909
1909
1934
1934
1913
1941
1896
1896
1912
1912
1884
1884
1907
1907
1911
1911
1878
1878
1904
1904
1929
1929
1910
1910
1907
1907
1932
1932
1921
1921
1909
1909
1911
1914
1916
1921
1914
1916
1921
1914
1914
1927
1927
1903
1903
1910
1911
1911
1938
1938
1890
