1889
1874
1901
1870
1896
1923
1888
1904
1886
1890
1895
1903
1902
1908
1898
1918
1892
1900
1898
1902
1899
1891
1880
1904
1885
1885
1901
1890
1935
1904
1885
1907
1936
1906
1880
1892
1881
1937
1911
1879
1881
1909
1924
1880
1877
1884
1898
1888
1906
1889
1895
1886
1895
1891
1854
1884
1885
1883
1882
1892
1912
1873
1881
1908
1901
1876
1876
1902
1897
1884
1898
1914
1886
1888
1884
1898
1930
1895
1876
1903
1906
1901
1879
1880
1888
1877
1882
1904
1887
1880
1880
1896
1885
1905
1912
1904
1902
1888
1892
1898
1890
1912
1902
1880
1877
1870
1864
1868
1874
1910
1894
1906
1905
1884
1870
1906
1905
1891
1885
1891
1902
1877
1892
1900
1879
1879
1877
1890
1906
1879
1877
1917
1883
1910
1913
1906
1911
1886
1873
1907
1914
1904
1920
1891
1856
1877
1879
1872
1870
1898
1889
1889
1908
1897
1900
1886
1915
1915
1898
1901
1908
1906
1904
1906
1866
1900
1898
1897
1887
1888
1910
1887
1912
1881
1890
1901
1935
1905
1910
1888
1896
1896
1896
1891
1895
1861
1896
1895
1879
1881
1907
1907
1898
1893
1867
1912
1905
1903
1875
1867
1891
1888
1890
1898
1936
1932
1934
1898
1879
1908
1900
1878
1886
1911
1883
1918
1924
1896
1876
1874
1882
1878
1905
1900
1905
1894
1893
1912
1880
1906
1895
1912
1890
1914
1911
1886
1880
1881
1905
1901
1891
1892
1885
1885
1887
1910
1895
1902
1870
1886
1891
1884
1898
1864
1878
1907
1912
1912
1914
1890
1886
1888
1875
1876
1882
1908
1880
1880
1885
1892
1888
1883
1885
1876
1874
1901
1901
1878
1912
1923
1891
1872
1882
1872
1897
1894
1895
1923
1891
1898
1885
1885
1889
1900
1902
1899
1897
1887
1886
1914
1882
1909
1877
1890
1874
1902
1885
1896
1903
1880
1880
1882
1884
1892
1869
1880
1880
1878
1912
1915
1911
1909
1926
1879
1927
1900
1884
1891
1900
1885
1894
1884
1891
1896
1899
1891
1907
1876
1890
1890
1926
1880
1871
1894
1900
1911
1884
1893
1917
1890
1888
1876
1892
1896
1912
1888
1917
1885
1906
1919
1888
1911
1875
1894
1902
1896
1920
1880
1896
1914
1920
1916
1925
1893
1890
1885
1893
1895
1872
1890
1888
1904
1906
1890
1876
1913
1892
1877
1884
1904
1900
1896
1870
1881
1869
1870
1866
1894
1870
1901
1901
1895
1895
1901
1910
1903
1913
1899
1906
1875
1907
1906
1930
1860
1913
1884
1911
1883
1887
1894
1897
1889
1895
1898
1895
1854
1861
1901
1895
1879
1900
1899
1903
1880
1903
1908
1866
1886
1885
1887
1892
1885
1903
1884
1893
1891
1901
1897
1898
1904
1901
1890
1893
1909
1907
1881
1884
1870
1885
1904
1889
1893
1868
1893
1916
1885
1914
1899
1875
1893
1888
1903
1906
1875
1906
1878
1889
1900
1912
1905
1901
1898
1890
1880
1909
1885
1889
1914
1886
1891
1896
1896
1893
1898
1897
1909
1894
1902
1926
1892
1890
1899
1898
1893
1896
1890
1904
1904
1888
1906
1898
1898
1875
1906
1917
1894
1899
1897
1929
1880
1891
1898
1875
1875
1912
1870
1892
1905
1902
1874
1889
1900
1879
1881
1883
1884
1873
1873
1902
1882
1876
1895
1885
1877
1911
1911
1903
1882
1877
1878
1902
1878
1891
1890
1894
1895
1904
1904
1898
1893
1900
1896
1879
1907
1908
1897
1864
1877
1904
1910
1903
1904
1904
1907
1896
1891
1890
1886
1888
1877
1888
1900
1898
1911
1916
1900
1897
1892
1906
1916
1904
1885
1885
1887
1889
1892
1938
1917
1910
1901
1881
1908
1887
1889
1898
1920
1890
1873
1924
1910
1918
1903
1869
1895
1942
1915
1883
1905
1890
1890
1890
1879
1867
1869
1911
1935
1899
1902
1886
1868
1889
1899
1933
1900
1886
1876
1869
1879
1904
1907
1884
1893
1879
1900
1930
1912
1911
1901
1928
1928
1889
1883
1927
1938
1883
1899
1905
1888
1894
1897
1892
1925
1890
1884
1895
1904
1924
1877
1888
1905
1893
1897
1906
1889
1895
1899
1882
1879
1886
1890
1885
1885
1885
1904
1902
1870
1898
1886
1912
1907
1910
1887
1894
1871
1851
1890
1913
1901
1924
1892
1890
1888
1907
1905
1866
1888
1883
1868
1899
1900
1878
1875
1894
1917
1919
1874
1882
1877
1902
1912
1898
1917
1883
1892
1892
1883
1900
1899
1886
1880
1900
1886
1917
1889
1916
1916
1882
1880
1879
1882
1878
1884
1892
1922
1925
1901
1875
1881
1895
1869
1897
1890
1891
1911
1919
1862
1886
1889
1877
1904
1888
1897
1899
1895
1884
1889
1912
1908
1879
1852
1868
1911
1906
1883
1904
1900
1882
1883
1893
1882
1898
1864
1886
1883
1873
1899
1883
1910
1899
1875
1874
1892
1868
1868
1912
1879
1901
1898
1899
1908
1893
1920
1908
1875
1863
1896
1926
1893
1895
1935
1909
1910
1877
1896
1888
1916
1909
1864
1871
1899
1892
1878
1878
1867
1897
1899
1891
1902
1892
1885
1911
1937
1889
1895
1905
1871
1899
1920
1925
1892
1890
1893
1890
1879
1915
1883
1887
1888
1897
1885
1888
1892
1890
1870
1872
1918
1902
1906
1884
1908
1895
1898
1905
1881
1892
1910
1869
1871
1877
1901
1901
1895
1890
1894
1869
1877
1875
1880
1865
1896
1887
1888
1899
1875
1898
1903
1903
1872
1889
1903
1883
1910
1875
1894
1872
1885
1875
1876
1894
1894
1892
1887
1889
1898
1900
1894
1900
1892
1899
1892
1895
1895
1906
1909
1886
1895
1882
1860
1895
1863
1886
1863
1905
1861
1897
1887
1886
1930
1884
1896
1896
1888
1866
1902
1890
1895
1887
1865
1900
1895
1929
1917
1914
1918
1907
1908
1882
1880
1899
1897
1877
1881
1898
1903
1896
1853
1886
1891
1881
1923
1914
1891
1890
1891
1881
1908
1909
1905
1932
1917
1897
1905
1892
1869
1916
1877
1899
1914
1885
1875
1887
1897
1883
1907
1870
1880
1883
1898
1885
1907
1916
1867
1894
1899
1891
1912
1885
1906
1903
1908
1911
1893
1895
1887
1901
1906
1937
1903
1926
1919
1878
1876
1874
1914
1893
1889
1889
1894
1873
1910
1910
1875
1903
1878
1854
1901
1863
1863
1893
1909
1890
1894
1895
1892
1878
1876
1880
1885
1882
1905
1918
1886
1874
1882
1885
1889
1885
1907
1873
1871
1904
1917
1940
1881
1889
1880
1900
1888
1895
1883
1886
1914
1896
1884
1891
1889
1884
1884
1896
1878
1894
1875
1872
1899
1889
1903
1878
1884
1910
1873
1875
1897
1893
1898
1903
1895
1911
1871
1892
1897
1909
1896
1911
1897
1904
1868
1870
1924
1893
1887
1881
1901
1880
