1924
1922
1919
1882
1874
1872
1932
1905
1876
1904
1892
1900
1906
1898
1883
1914
1885
1923
1921
1912
1899
1882
1873
1911
1916
1922
1910
1889
1888
1913
1911
1906
1906
1906
1877
1912
1890
1923
1921
1909
1870
1928
1897
1898
1926
1892
1931
1922
1889
1916
1923
1914
1922
1900
1910
1935
1880
1887
1889
1913
1922
1911
1915
1880
1886
1923
1920
1933
1909
1879
1908
1885
1880
1882
1907
1908
1876
1901
1930
1903
1924
1933
1876
1889
1873
1889
1909
1879
1930
1937
1900
1905
1931
1924
1897
1897
1923
1930
1899
1926
1918
1887
1898
1905
1899
1930
1928
1872
1914
1872
1872
1896
1928
1893
1923
1937
1908
1908
1939
1939
1922
1899
1899
1926
1928
1869
1873
1903
1907
1916
1865
1873
1875
1895
1895
1923
1924
1900
1893
1925
1918
1883
1920
1918
1877
1908
1920
