1891
1891
1916
1916
1922
1922
1918
1918
1891
1891
1919
1919
1879
1879
1918
1918
1912
1912
1931
1931
1913
1913
1916
1916
1915
1915
1900
1900
1908
1908
1933
1933
1922
1922
1914
1914
1877
1877
1918
1918
1934
1934
1914
1914
1909
1909
1908
1908
1903
1903
1939
1939
1911
1911
1903
1903
1940
1940
1914
1914
1880
1880
1912
1912
1851
1851
1941
1941
1900
1900
1908
1908
1910
1910
1911
1911
1908
1908
1900
1900
1877
1877
1876
1876
1913
1913
1909
1909
1931
1931
1901
1901
1929
1929
1910
1910
1935
1935
1938
1938
1911
1911
1900
1900
1909
1909
1931
1931
1919
1919
1928
1928
1889
1889
1922
1922
1916
1916
1940
1940
1910
1910
1875
1875
1907
1907
1898
1898
1857
1857
1888
1888
1912
1912
1912
1912
1920
1920
1882
1882
1922
1922
1930
1930
1924
1924
1916
1916
1928
1928
1880
1880
1926
1926
1892
1892
1890
1890
1919
1919
1908
1908
1880
1880
1923
1923
1880
1880
1925
1925
1907
1907
1890
1890
1910
1910
1880
1880
1915
1915
1900
1900
1880
1880
1930
1930
1902
1902
