1909
1909
1924
1924
1920
1920
1926
1926
1907
1907
1928
1928
1919
1919
1915
1915
1907
1907
1932
1932
1935
1935
1922
1922
1924
1924
1894
1894
1911
1911
1899
1899
1924
1924
1896
1896
1925
1925
1895
1895
1924
1924
1915
1915
1928
1928
1927
1900
1900
1926
1926
1903
1903
1930
1930
1905
1905
1935
1935
1907
1907
1944
1944
1916
1916
1927
1927
1923
1923
1932
1932
1908
1908
1934
1934
1908
1908
1926
1926
1927
1927
1927
1927
1907
1907
1905
1905
1927
1927
1889
1889
1929
1929
1898
1898
1922
1922
1914
1914
1915
1915
1919
1919
1914
1914
1898
1898
1899
1899
1917
1917
1897
1897
1929
1929
1916
1916
1933
1933
