1888
1868
1920
1931
1927
1920
1925
1922
1917
1929
1913
1920
1927
1896
1935
1888
1874
1880
1884
1923
1937
1867
1907
1910
1906
1930
1875
1919
1902
1938
1926
1899
1877
1881
1911
1908
1937
1888
1909
1922
1880
1906
1934
1935
1903
1905
1938
1897
1905
1884
1889
1922
1929
1920
1906
1866
1908
1933
1908
1937
1936
1913
1912
1940
1908
1880
1882
1925
1923
1929
1888
1897
1929
1894
1924
1920
1888
1921
1918
1933
1892
1897
1923
1912
1911
1938
1883
1908
1911
1937
1932
1940
1909
1901
1929
1921
1925
1890
1891
1927
1896
1893
1932
1910
1912
1929
1933
1928
1928
1893
1869
1924
1922
1932
1908
1871
1877
1891
1926
1912
1926
1919
1886
1923
1885
1922
1909
1916
1937
1933
1886
1922
1923
1923
1925
1888
1895
1933
1906
1935
1920
1927
1925
1893
1917
1889
1921
1920
1900
1902
1933
