1877
1877
1925
1925
1905
1905
1898
1898
1937
1937
1927
1927
1905
1905
1924
1924
1898
1898
1913
1913
1915
1915
1910
1910
1918
1918
1879
1879
1927
1927
1897
1897
1904
1904
1919
1919
1896
1896
1881
1881
1927
1927
1924
1924
1898
1898
1901
1901
1873
1873
1925
1925
1927
1927
1931
1931
1909
1909
1932
1932
1907
1907
1921
1921
1905
1905
1927
1927
1918
1918
1913
1913
1912
1912
1885
1885
1924
1924
1935
1935
1931
1931
1927
1927
1901
1901
1923
1923
1903
1903
1879
1879
1917
1917
1894
1894
1894
1894
1926
1926
1926
1926
1902
1902
1924
1924
1900
1900
1898
1898
1896
1896
1923
1923
1925
1925
1919
1919
1917
1917
1921
1921
1906
1906
1910
1910
1909
1909
1935
1935
1936
1936
1938
1938
1907
1907
1921
1921
1919
1919
1931
1931
1935
1935
1906
1906
1932
1932
1910
1910
1915
1915
1923
1923
1921
1921
1918
1918
1899
1899
1911
1911
1903
1903
1879
1879
1926
1926
1888
1888
1896
1896
1926
1926
1896
1896
1924
1924
1920
1920
1942
1942
1911
1911
1934
1934
1912
1912
1906
1906
1920
1920
1917
1917
1935
1935
1910
1910
1908
1908
1930
1930
1926
1926
1901
1901
1928
1928
1924
1924
1933
1933
1921
1921
1909
1909
1922
1922
1906
1906
1910
1910
1908
1908
1876
1876
1902
1902
1925
1925
1888
1888
1920
1920
