1924
1924
1885
1889
1913
1921
1898
1898
1898
1898
1888
1920
1916
1914
1885
1888
1920
1916
1914
1885
1914
1914
1906
1906
1938
1927
1927
1938
1907
1907
1936
1936
1907
1907
1927
1927
1929
1929
1873
1873
1928
1929
1931
1931
1925
1922
1918
1905
1892
1903
1930
1927
1933
1923
1897
1897
1909
1927
1927
1907
1883
1905
1913
1905
1926
1926
1870
1899
1915
1915
1936
1878
1878
1932
1932
1920
1920
1880
1880
1916
1916
1923
1923
1889
1889
1918
1918
1927
1927
1933
1930
1911
1920
1920
1932
1923
1893
1900
1926
1907
1907
1877
1877
1914
1914
1908
1937
1936
1939
1906
1906
1913
1921
1921
1933
1933
1886
1886
1920
1920
1924
1924
1924
1924
1906
1906
1918
1918
1937
1937
1912
1912
1938
1938
1911
1911
1929
1929
1931
1931
1896
1896
1899
1900
1900
1897
1897
1915
1924
1924
1915
1877
1877
1923
1882
1882
1923
1917
1910
1876
1936
1917
1910
1876
1936
1900
1900
1923
1923
1924
1924
1886
1886
1927
1927
1891
1891
1932
1932
1921
1921
1922
1922
1892
1892
1889
1889
1874
1874
1906
1906
1939
1939
1904
1910
1936
1931
1931
1902
1902
1893
1915
1914
1919
1865
1912
1937
1880
1925
1921
1919
1919
1926
1926
1921
1921
1923
1923
1917
1917
1884
1884
1888
1888
1873
1873
1920
1920
1914
1914
1923
1923
1879
1879
1924
1924
1883
1883
1872
1872
