1895
1922
1927
1919
1932
1887
1887
1942
1906
1902
1904
1919
1939
1938
1907
1906
1920
1883
1928
1888
1889
1925
1928
1895
1898
1907
1893
1895
1927
1913
1911
1910
1917
1916
1915
1888
1926
1917
1895
1913
1894
1918
1939
1923
1913
1912
1942
1942
1876
1919
1912
1877
1876
1875
1920
1887
1918
1924
1876
1920
1916
1907
1908
1876
1915
1938
1900
1926
1928
1933
1924
1896
1899
1912
1886
1907
1914
1919
1899
1898
1911
1910
1937
1925
1914
1921
1889
1887
1914
1917
1904
1930
1911
1913
1914
1931
1936
1905
1901
1881
1930
1910
1884
1925
1887
1880
1904
1914
1912
1879
1919
1910
1885
1927
1894
1930
1928
1924
1922
1910
1902
1902
1926
1924
1933
1894
1898
1909
1904
1891
1887
1927
1929
1922
1920
1894
1920
1887
1885
1913
1913
1923
1917
1876
1898
1922
1900
1924
1930
1902
1915
1900
1913
1932
1931
1900
1908
1917
1872
1902
1902
1908
1912
1939
1935
1909
1910
1938
1894
1925
1905
1910
1929
1926
1909
1897
1925
1889
1889
1896
1903
1927
1898
1932
1893
1890
1900
1913
1909
1910
1909
1934
1938
1919
1912
1868
1911
1885
1927
1868
1924
1882
1913
1915
1890
1871
1874
1906
1943
1906
1883
1900
1912
1912
1910
1884
1901
1905
1899
1920
1922
1894
1925
1920
1927
1921
1889
1896
1920
1883
1919
1885
1916
1885
1915
1928
1913
1924
1920
1889
1928
1898
1926
1923
1875
1884
1878
1873
1900
1913
1938
1888
1937
1887
1910
1908
1925
1892
1925
1923
1891
1901
1932
1924
1898
1927
1929
1924
1894
1920
1927
1924
1913
1879
1917
1909
1886
1922
1884
1923
1916
1880
1912
1924
1885
1933
1893
1920
1918
1922
1894
1925
1902
1938
1929
1900
1906
1927
1907
1917
1938
1925
1920
1884
1922
1926
1926
1867
1909
1922
1891
1868
1883
1894
1897
1897
1930
1895
