1925
1913
1908
1918
1912
1904
1928
1933
1915
1910
1915
1938
1910
1931
1905
1929
1908
1899
1912
1940
1906
1934
1929
1905
1925
1927
1902
1934
1908
1907
1909
1908
1916
1908
1940
1917
1914
1918
1903
1893
1940
1918
1893
1928
1926
1929
1917
1916
1919
1921
1928
1912
1907
1938
1910
1937
1886
1913
1915
1915
1913
1896
1911
1937
1907
1892
1925
1906
1907
1944
1916
1907
1886
1919
1916
1920
1915
1928
1890
1909
1941
1924
1889
1931
1910
1932
1927
1925
1896
1926
1896
1923
1920
1929
1922
1914
1928
1906
1903
1939
1914
1943
1933
1908
1935
1914
1910
1915
1919
1923
1886
1921
1899
1920
1912
1933
1906
1906
1926
1898
1870
1881
1907
1909
1918
1907
1901
1930
1904
1929
1932
1922
1877
1917
1917
1906
1916
1918
1898
1935
1935
1897
1932
1916
1925
1894
1898
1927
1923
1913
1887
1917
1919
1918
1920
1923
1886
