1911
1938
1923
1895
1860
1899
1867
1883
1885
1889
1865
1904
1932
1866
1926
1894
1891
1923
1904
1896
1902
1902
1930
1929
1938
1916
1927
1891
1889
1908
1904
1932
1907
1931
1918
1928
1886
1897
1894
1925
1886
1899
1928
1926
1898
1936
1887
1883
1914
1914
1899
1940
1887
1887
1905
1933
1929
1910
1921
1919
1883
1922
1883
1913
1912
1939
1912
1907
1923
1907
1884
1920
1911
1918
1865
1925
1895
1851
1900
1900
1933
1896
1937
1909
1923
1938
1903
1901
1924
1937
1912
1891
1923
1890
1905
1881
1867
1904
1924
1928
1885
1926
1895
1904
1928
1931
1934
1900
1931
1899
1900
1923
1907
1940
1913
1916
1886
1922
1917
1916
1922
1918
1917
1920
1886
1916
