1910
1910
1925
1925
1905
1905
1931
1931
1901
1901
1900
1900
1927
1927
1923
1923
1923
1923
1864
1864
1864
1864
1920
1920
1920
1920
1894
1894
1894
1894
1897
1897
1897
1897
1886
1886
1895
1895
1895
1895
1900
1900
1891
1891
1890
1890
1888
1888
1938
1938
1908
1908
1912
1912
1904
1904
1938
1938
1938
1938
1913
1913
1913
1913
1884
1884
1876
1876
1900
1900
1920
1920
1900
1887
1887
1900
1884
1884
1876
1876
1905
1905
1900
1900
1923
1923
1885
1885
1900
1900
1893
1893
1923
1923
1885
1885
1928
1928
1893
1893
1893
1893
1909
1904
1909
1904
1904
1904
1909
1909
1913
1913
1916
1916
1923
1923
1918
1918
1900
1918
1918
1900
1893
1893
1919
1919
1888
1888
1919
1919
1919
1919
1913
1913
1914
1914
1885
1885
1870
1870
1870
1870
1882
1882
1882
1882
1869
1869
1877
1877
1877
1877
1869
1869
1917
1917
1885
1885
1917
1917
1938
1938
1938
1938
1905
1905
1905
1905
1935
1935
1935
1935
1905
1905
1905
1905
1890
1890
1889
1889
1887
1887
1887
1887
1936
1936
1908
1908
1900
1900
1936
1936
1908
1908
1900
1900
1910
1910
1910
1910
1938
1939
1939
1938
1940
1940
1940
1940
1902
1902
1902
1902
1939
1939
1904
1904
1929
1929
1922
1922
1933
1933
1902
1902
1919
1919
1885
1885
1881
1881
1889
1889
1881
1881
1920
1920
1900
1900
1900
1900
1906
1906
1906
1906
1908
1908
1908
1908
1913
1913
1882
1882
1880
1880
1913
1913
1882
1882
1880
1880
1916
1916
1914
1914
1914
1914
1927
1927
1895
1895
1923
1923
1900
1900
1929
1929
1925
1925
1899
1899
1900
1900
1905
1905
1899
1899
1900
1900
1905
1905
1907
1907
1907
1907
1900
1900
1931
1931
1903
1903
1905
1905
1905
1905
1921
1921
1931
1931
1896
1896
1929
1929
1929
1929
1931
1931
1931
1931
1902
1902
1902
1902
1902
1902
1877
1877
1878
1878
1935
1935
1899
1899
1907
1907
1931
1931
1935
1935
1900
1900
1921
1921
1931
1931
1881
1881
1881
1881
1881
1881
1881
1881
1906
1906
1906
1906
1885
1885
1885
1885
1917
1917
1917
1917
1937
1937
1903
1903
1910
1910
1932
1932
1903
1903
1932
1932
1927
1927
1900
1900
1930
1930
1900
1900
1900
1900
1875
1875
1875
1875
1925
1925
1929
1929
1904
1904
1884
1884
1922
1922
1889
1889
1875
1875
1907
1907
1919
1919
1891
1891
1935
1935
1893
1893
1880
1880
1900
1900
1919
1919
1937
1937
1903
1903
1907
1907
1917
1917
1895
1895
1900
1900
1906
1906
1900
1900
1925
1925
1900
1900
1910
1910
1908
1908
1912
1912
1912
1912
1927
1927
1904
1904
1900
1900
1919
1919
1899
1899
1923
1923
