1926
1929
1931
1930
1926
1920
1923
1930
1926
1926
1921
1931
1929
1921
1927
1925
1925
1926
1926
1925
1928
1924
1923
1931
1921
1923
1922
1920
1922
1925
1921
1920
1930
1921
1922
1926
1922
1922
1922
1923
1921
1921
1921
1921
1921
1920
1925
1923
1920
1922
1921
1926
1928
1926
1928
1930
1923
1922
1920
1921
1928
1927
1922
1927
1928
1923
1921
1921
1922
1928
1927
1929
1923
1925
1929
1922
1921
1922
1924
1921
1932
1931
1928
1925
1921
1925
1922
1923
1921
1921
1921
1920
1922
1922
1930
1928
1929
1921
1922
1925
1920
1921
