1900
1904
1907
1900
1895
1903
1924
1910
1868
1922
1897
1920
1868
1901
1895
1929
1910
1910
1905
1900
1869
1913
1887
1914
1907
1880
1914
1868
1901
1940
1870
1909
1934
1908
1905
1936
1904
1938
1897
1923
1894
1929
1924
1890
1935
1854
1897
1925
1900
1892
1921
1893
1898
1905
1934
1940
1909
1909
1926
1899
1903
1925
1929
1898
1926
1936
1937
1913
1898
1876
1932
1900
1925
1923
1899
1930
1924
1900
1900
1908
1942
1910
1935
1900
1900
1900
1900
1886
1910
1935
1900
1930
1901
1913
1938
1907
1883
1873
1880
1874
1931
1904
1904
1930
1939
1905
1887
1871
1894
1886
1919
1914
1938
1910
1912
1903
1927
1895
1896
1910
1911
1911
1888
1940
1885
1926
1894
1931
1904
1898
1927
1929
1900
1900
1900
1915
1909
1889
1917
1912
1889
1929
1911
1921
1900
1926
1896
1928
1931
1920
1933
1894
1922
1885
1870
1896
1893
1920
1884
1879
1910
1900
1900
1897
1871
1902
1908
1939
1940
1934
1907
1908
1897
1929
1915
1903
1915
1901
1910
1936
1911
1929
1908
1905
1936
1889
1933
1905
1903
1912
1936
1907
1905
1930
