1878
1904
1894
1895
1922
1927
1932
1925
1871
1913
1891
1936
1909
1915
1926
1889
1921
1924
1896
1925
1882
1911
1936
1910
1931
1932
1933
1928
1928
1918
1878
1878
1902
1934
1937
1932
1905
1929
1927
1896
1896
1919
1925
1930
1888
1927
1873
1923
1935
1896
1927
1896
1931
1916
1893
1925
1926
1923
1927
1865
1910
1899
1932
1901
1928
1870
1923
1914
1895
1930
1931
1896
1893
1894
1889
1927
1925
1923
1916
1909
1937
1935
1902
1934
1937
1938
1913
1940
1936
1874
1923
1922
1925
1874
1917
1913
1935
1931
1929
1895
1933
1902
1929
1900
1900
1926
1894
1924
1905
1880
1914
1880
1885
1880
1939
1910
1880
1914
1921
1925
1903
1928
1924
1892
1920
1898
1928
1893
1892
1880
1939
1912
1901
1934
1937
1903
1904
1925
1901
1929
1899
1918
1903
1904
1901
1933
1938
1910
