1924
1899
1916
1908
1909
1906
1907
1889
1899
1888
1907
1910
1904
1905
1906
1899
1890
1897
1898
1918
1891
1898
1905
1890
1873
1886
1906
1909
1898
1923
1914
1899
1909
1886
1902
1908
1923
1920
1900
1907
1897
1903
1922
1890
1899
1901
1907
1907
1907
1907
1896
1913
1887
1911
1899
1901
1902
1897
1923
1920
1903
1912
1899
1914
1900
1902
1905
1905
1910
1901
1908
1899
1921
1921
1892
1891
1901
1909
1908
1895
1906
1901
1908
1901
1900
1895
1909
1886
1905
1886
1920
1905
1900
1887
1903
1899
1898
1884
1901
1902
1903
1899
1904
1898
1901
1900
1921
1899
1918
1921
1909
1918
1897
1905
1903
1904
1902
1924
1922
1893
1912
1914
1903
1907
1912
1892
1913
1921
1922
1903
1910
1904
1908
1904
1912
1906
1922
1897
1887
1897
1905
1903
1899
1906
1902
1922
1921
1905
1904
1910
1884
1899
1913
1922
1899
1898
1920
1890
1904
1903
1902
1902
1899
1925
1898
1908
1898
1883
1894
1898
1911
1920
1910
1903
1901
1923
1901
1903
1908
1922
1903
1894
1920
1906
1913
1900
1899
1901
1895
1921
1886
1908
1940
1917
1904
1912
1913
1922
1910
1902
