1900
1932
1911
1909
1928
1897
1896
1886
1875
1911
1879
1899
1892
1887
1874
1910
1875
1885
1911
1919
1886
1895
1921
1890
1925
1898
1908
1902
1875
1927
1894
1924
1900
1929
1905
1899
1888
1900
1889
1892
1885
1889
1874
1922
1879
1874
1874
1885
1876
1906
1896
1901
1878
1907
1895
1899
1927
1894
1872
1893
1892
1888
1895
1886
1923
1901
1930
1891
1882
1921
1882
1892
1886
1913
1874
1901
1898
1892
1894
1923
1887
1905
1896
1931
1879
1912
1877
1924
1920
1888
1894
1919
1887
1883
1886
1900
1899
1875
1904
1908
1886
1881
1918
1912
1893
1904
1872
1919
1881
1911
1926
1907
1895
1929
1909
1937
1910
1903
1889
1914
1908
1875
1881
1891
1891
1893
1893
1889
1889
1874
1874
1914
1901
1937
1909
