1866
1866
1937
1937
1929
1929
1896
1896
1900
1900
1937
1937
1935
1935
1900
1900
1910
1910
1909
1909
1938
1938
1917
1917
1890
1890
1916
1916
1884
1884
1922
1922
1915
1915
1885
1885
1904
1904
1915
1915
1888
1888
1922
1922
1889
1889
1913
1913
1915
1915
1891
1891
1886
1886
1910
1910
1920
1920
1925
1925
1887
1887
1908
1908
1873
1873
1908
1908
1911
1911
1922
1922
1914
1914
1890
1890
1925
1925
1893
1893
1901
1901
1905
1905
1882
1882
1915
1915
1882
1882
1915
1915
1877
1877
1876
1876
1899
1899
1901
1901
1934
1934
1924
1924
1922
1922
1898
1898
1883
1883
1882
1882
1923
1923
1896
1896
1867
1867
1892
1892
1929
1929
1927
1927
1885
1885
1910
1910
1939
1939
1909
1909
1913
1913
1917
1917
1920
1920
1853
1853
1894
1894
1923
1923
1927
1927
1921
1921
1920
1920
1904
1904
1912
1912
1911
1911
1919
1919
1882
1882
1911
1911
1865
1865
1865
1865
1915
1915
1938
1938
1877
1888
1888
1925
1925
1909
1909
1913
1913
1911
1911
1890
1890
1888
1888
1923
1923
1919
1919
1924
1924
1879
1879
1896
1896
1925
1925
1885
1885
1889
1889
1929
1929
1889
1889
1923
1923
1890
1890
1916
1916
1909
1909
1922
1922
1932
1932
1924
1924
1880
1880
1928
1928
1920
1920
1888
1888
1939
1939
1934
1934
1922
1922
1916
1916
1886
1886
1923
1923
1911
1911
1931
1931
1907
1907
1904
1904
1878
1878
1857
1857
1879
1879
1912
1912
1912
1912
1915
1915
1921
1921
1896
1896
1896
1896
1930
1930
1925
1925
1931
1931
1902
1902
1902
1902
1873
1873
1906
1906
1937
1937
1909
1909
1873
1873
1904
1904
1889
1889
1887
1887
1922
1922
1900
1900
1927
1927
1894
1894
1921
1921
1925
1925
