1915
1905
1877
1927
1928
1921
1930
1920
1930
1929
1916
1921
1881
1921
1922
1928
1919
1928
1928
1895
1901
1903
1922
1903
1900
1921
1906
1899
1899
1904
1893
1902
1898
1922
1901
1929
1926
1904
1903
1924
1902
1921
1897
1912
1927
1905
1911
1895
1903
1900
1886
1907
1900
1896
1879
1925
1916
1923
1904
1913
1925
1869
1889
1911
1900
1918
1865
1905
1906
1903
1900
1907
1910
1920
1901
1900
1895
1907
1908
1886
1887
1902
1896
1914
1916
1921
1903
1913
1921
1900
1904
1883
1880
1880
1932
1919
1884
1913
1917
1905
1904
1899
1881
1902
1900
1914
1903
1883
1915
1910
1886
1900
1900
1906
1886
1930
1922
1901
1907
1901
1909
1901
1923
1904
1928
1925
1887
1928
1929
1904
1889
1930
1928
1924
1913
1920
1905
1913
1880
1886
1892
1892
1928
1919
1896
1919
1916
1905
1908
1913
1891
1926
1934
1903
1911
1898
1907
1930
1888
1912
1901
1908
1924
1921
1922
1917
1896
1929
1920
1892
1898
1898
1902
1919
1902
1914
1907
1893
1904
1886
1921
1913
1911
1921
1924
1917
1906
1922
1930
1901
1891
1930
1922
1886
1906
1925
1931
1895
1897
1893
1896
1894
1901
1923
1923
1925
1921
1925
1897
1926
1903
1899
1910
1923
1903
1910
1914
1890
1910
1925
1913
1877
1908
1870
1921
1912
1883
1909
1914
1928
1883
1903
1902
1908
1900
1907
1906
1907
1906
1913
1906
1909
1905
1922
1891
1908
1895
1908
1897
1908
1911
1904
1894
1912
1919
1917
1898
1917
1891
1904
1916
1887
1894
1903
1911
1920
1892
1904
1922
1922
1922
1922
1907
1916
1917
1909
1924
1893
1893
1906
1922
1928
1888
1905
1907
1925
1893
1902
1916
1911
1924
1922
1896
1914
1908
1898
1904
1910
1922
1904
1910
1902
1920
1900
1892
1904
1907
1888
1885
1923
1897
1887
1905
1911
1910
1903
1900
1905
1886
1905
1897
1922
1912
1883
1888
1860
1926
1902
1923
1919
1927
1910
1922
1895
1910
1906
1897
1886
1907
1907
1923
1910
1900
1906
1920
1902
1908
1905
1912
1894
1901
1914
1911
1902
1925
1923
1922
1907
1883
1897
1907
1921
1916
1922
1896
1907
1910
1906
1911
1897
1899
1898
1897
1885
1895
1913
1924
1926
1913
1827
1864
1874
1897
1916
1925
1894
1925
1905
1885
1893
1899
1909
1895
1893
1899
1906
1906
1914
1894
1895
1911
1903
1913
1901
1905
1926
1899
1908
1898
1894
1919
1904
1925
1929
1928
1926
1920
1928
1928
1928
1919
1897
1926
1904
1903
1908
1910
1919
1928
1929
1921
1929
1926
1894
1914
1919
1916
1914
1909
1905
1885
1924
1924
1900
1924
1914
1883
1899
1891
1900
1921
1882
1918
1904
1926
1891
1917
1893
1920
1895
1909
1921
1920
1898
1919
1903
1896
1890
1896
1896
1926
1901
1922
1902
1867
1915
1912
1895
1917
1929
1929
1902
1896
1886
1912
1896
1926
1911
1905
1922
1909
1911
1894
1896
1919
1913
1900
1902
1909
1910
1900
1913
1913
1926
1892
1930
1925
1928
1921
1929
1929
1903
1925
1930
1890
1930
1911
1891
1922
1908
1920
1929
1920
1931
1931
1900
1917
1921
1900
1923
1924
1897
1898
1914
1891
1894
1899
1923
1908
1930
1926
1932
1905
1894
1921
1912
1929
1904
1923
1895
1915
1877
1925
1928
1903
1928
1917
1909
1927
1926
1897
1878
1927
1907
1892
1920
1901
1915
1904
1899
1913
1903
1930
1930
1921
1929
1900
1906
1925
1896
1915
1914
1896
1929
1906
1900
1929
1920
1929
1908
1905
1920
1928
1925
1920
1921
1910
1926
1926
1906
1919
1926
1896
1877
1893
1924
1899
1923
1902
1929
1915
1931
1886
1928
1929
1903
1924
1922
1929
1900
1901
1904
1926
1929
1906
1926
1928
1920
1931
1910
1901
1910
1899
1892
1910
1920
1903
1899
1928
1884
1929
1913
1894
1913
1894
1900
1927
1887
1914
1898
1902
1893
1925
1883
1919
1905
1889
1889
1903
1882
1909
1921
1913
1906
1898
1906
1912
1892
1895
1905
1899
1886
1910
1910
1907
1926
1904
1928
1907
1895
1894
1906
1914
1908
1926
1925
1902
1883
1889
1928
1892
1915
1916
1913
1896
1910
1907
1922
1919
1904
1891
1909
1913
1902
1915
1911
1920
1915
1896
1895
1898
1886
1910
1928
1927
1921
1921
1899
1914
1914
1912
1914
1919
1894
1902
1928
1927
1927
1898
1910
1901
1924
1901
1911
1927
1928
1922
1893
1925
1924
1929
1920
1927
1927
1918
1915
1893
1907
1892
1910
1910
1924
1919
1895
1892
1909
1909
1893
1922
1893
1887
1901
1923
1909
1894
1910
1880
1902
1905
1901
1888
1913
1930
1902
1896
1903
1890
1930
1929
1897
1919
1905
1900
1924
1908
1909
1903
1891
1903
1886
1901
1922
1926
1927
1903
1900
1902
1913
1905
1891
1891
1902
1899
1906
1912
1902
1906
1922
1917
1908
1926
1917
1896
1893
1896
1906
1910
1885
1929
1903
1899
1897
1920
1918
1912
1915
1897
1896
1917
1908
1909
1913
1896
1890
1922
1906
1901
1904
1919
1895
1884
1905
1902
1891
1913
1922
1919
1901
1909
1924
1904
1902
1906
1924
1884
1913
1910
1920
1912
1887
1928
1889
1929
1930
1899
1897
1920
1905
1910
1928
1912
1919
1929
1922
1897
1924
1927
1928
1905
1905
1905
1926
1913
1924
1929
1930
1893
1917
1924
1892
1898
1924
1886
1929
1912
1909
1899
1898
1901
1902
1921
1904
1911
1913
1897
1917
1892
1908
1911
1896
1912
1889
1916
1913
1914
1904
1906
1899
1906
1920
1891
1902
1894
1900
1921
1928
1905
1889
1913
1919
1896
1893
1895
1897
1920
1912
1903
1925
1905
1888
1913
1925
1924
1887
1927
1915
1920
1887
1927
1894
1880
1924
1920
1922
1895
1883
1888
1888
1919
1914
1898
1921
1906
1894
1907
1929
1929
1901
1899
1899
1888
1904
1908
1929
1902
1929
1930
1929
1918
1897
1905
1890
1901
1914
1886
1899
1885
1902
1911
1916
1899
1920
1880
1929
1911
1929
1930
1926
1889
1928
1929
1929
1928
1929
1928
1927
1928
1909
1924
1928
1928
1928
1908
1931
1923
1926
1929
1928
1923
1924
1898
1912
1880
1904
1890
1905
1917
1902
1923
1898
1902
1926
1899
1894
1891
1882
1879
1890
1910
1907
1918
1922
1894
1928
1928
1891
1918
1891
1924
1905
1928
1905
1928
1927
1925
1926
1899
1898
1927
1928
1904
1899
1900
1895
1916
1901
1893
1884
1920
1871
1910
1903
1910
1902
1925
1910
1901
1922
1888
1914
1904
1912
1917
1903
1928
1902
1879
1899
1920
1930
1893
1889
1902
1929
1899
1899
1910
1929
1885
1923
1919
1895
1898
1881
1922
1885
1920
1916
1909
1889
1901
1903
1916
1879
1907
1914
1886
1901
1895
1894
1910
1897
1889
1898
1896
1902
1895
1903
1923
1903
1894
1898
1909
1914
1929
1908
1905
1894
1904
1912
1922
1923
1921
1902
1923
1892
1900
1913
1900
1896
1895
1913
1910
1909
1908
1898
1886
1897
1923
1924
1907
1907
1902
1906
1887
1916
1895
1901
1926
1893
1913
1900
1920
1910
1894
1915
1909
1902
1921
1902
1923
1916
1911
1916
1914
1922
1922
1919
1905
1923
1920
1928
1927
1913
1909
1915
1915
1919
1886
1910
1897
1907
1897
1899
1910
1890
1881
1930
1904
1884
1899
1922
1904
1914
1901
1899
1896
1912
1905
1887
1921
1919
1893
1899
1911
1906
1914
1890
1889
1888
1917
1912
1899
1897
1917
1911
1916
1900
1919
1905
1901
1919
1902
1897
1902
1907
1881
1907
1912
1897
1915
1921
1912
1901
1906
1888
1921
1896
1926
1910
1929
1924
1918
1895
1900
1900
1901
1926
1891
1902
1912
1928
1906
1917
1894
1930
1914
1902
1905
1921
1909
1919
1908
1904
1902
1919
1893
1919
1907
1911
1890
1894
1881
1929
1929
1922
1911
1929
1923
1919
1892
1910
1906
1920
1920
1885
1899
1881
1915
1891
1911
1920
1919
1895
1912
1904
1896
1928
1928
1928
1924
1889
1930
1928
1907
1929
1930
1927
1896
1925
1920
1906
1903
1922
1895
1904
1908
1905
1884
1883
1910
1899
1906
1901
1878
1925
1914
1924
1917
1930
1897
1915
1928
1926
1899
1899
1904
1906
1912
1888
1895
1923
1884
1928
1921
1904
1902
1897
1898
1894
1914
1889
1914
1914
1926
1928
1928
1891
1898
1915
1897
1915
1915
1920
1905
1909
1900
1894
1908
1923
1903
1895
1925
1927
1900
1903
1913
1906
1903
1887
1905
1897
1908
1900
1892
1903
1924
1898
1895
1912
1921
1918
1903
1903
1911
1888
1922
1928
1928
1911
1920
1888
1903
1929
1923
1899
1894
1909
1894
1899
1911
1897
1900
1924
1926
1904
1884
1908
1925
1903
1899
1913
1928
1928
1901
1925
1915
1929
1913
1894
1894
1894
1893
1886
1924
1884
1898
1889
1888
1904
1898
1895
1919
1892
1900
1890
1894
1930
1918
1912
1925
1916
1908
1891
1891
1929
1915
1898
1897
1928
1926
1923
1890
1908
1902
1902
1926
1892
1905
1912
1899
1926
1899
1910
1897
1892
1928
1888
1913
1899
1920
1886
1919
1927
1897
1924
1902
1913
1916
1921
1908
1926
1912
1931
1930
1926
1928
1928
1928
1901
1881
1921
1890
1906
1917
1921
1892
1888
1896
1917
1905
1917
1895
1878
1895
1891
1922
1888
1922
1920
1914
1900
1907
1896
1904
1897
1884
1909
1924
1915
1915
1922
1914
1916
1926
1924
1886
1913
1924
1894
1920
1921
1920
1928
1894
1896
1901
1927
1928
1915
1896
1878
1930
1894
1930
1908
1930
1898
1883
1906
1901
1898
1902
1903
1909
1926
1918
1902
1884
1926
1923
1898
1911
1895
1899
1903
1902
1906
1910
1914
1914
1887
1905
1930
1930
1925
1904
1926
1920
1913
1919
1919
1907
1892
1892
1905
1897
1928
1897
1912
1903
1919
1899
1923
1914
1900
1910
1904
1909
1896
1899
1902
1889
1914
1917
1888
1913
1899
1923
1919
1903
1919
1919
1907
1904
1921
1886
1909
1902
1927
1920
1902
1882
1908
1911
1911
1930
1910
1912
1899
1903
1888
1918
1921
1910
1899
1920
1912
1891
1889
1914
1907
1919
1895
1904
1911
1900
1914
1897
1898
1910
1902
1882
1914
1922
1930
1874
1898
1881
1903
1907
1930
1921
1897
1921
1916
1896
1898
1906
1894
1924
1885
1894
1895
1923
1887
1902
1907
1888
1900
1922
1920
1890
1900
1906
1895
1901
1905
1906
1896
1907
1903
1893
1914
1910
1884
1897
1920
1915
1912
1883
1891
1903
1912
1906
1896
1908
1909
1890
1916
1922
1902
1897
1911
1902
1929
1910
1885
1901
1894
1899
1892
1902
1921
1896
1898
1905
1908
1915
1890
1909
1913
1917
1893
1902
1905
1898
1898
1901
1899
1896
1910
1921
1923
1902
1921
1920
1893
1910
1923
1899
1902
1921
1894
1926
1922
1922
1910
1900
1920
1887
1904
1916
1893
1905
1894
1919
1919
1903
1929
1900
1912
1906
1920
1906
1901
1877
1911
1895
1897
1907
1920
1923
1930
1926
1916
1926
1917
1912
1892
1895
1891
1895
1901
1929
1924
1900
1901
1901
1904
1896
1909
1876
1885
1891
1893
1911
1910
1926
1899
1897
1888
1899
1901
1901
1922
1903
1916
1907
1897
1887
1914
1926
1893
1915
1901
1930
1900
1908
1929
1932
1890
1894
1931
1927
1929
1929
1900
1923
1930
1888
1919
1902
1902
1927
1905
1900
1917
1922
1883
1912
1928
1898
1907
1898
1906
1918
1914
1891
1886
1925
1916
1905
1900
1896
1915
1914
1883
1901
1897
1910
1901
1890
1919
1919
1890
1887
1918
1902
1906
1899
1899
1894
1890
1910
1911
1932
1922
1919
1920
1891
1904
1887
1931
1912
1928
1920
1928
1927
1927
1901
1929
1915
1897
1915
1923
1900
1912
1889
1908
1894
1915
1913
1894
1905
1911
1927
1882
1930
1898
1905
1901
1909
1900
1903
1897
1918
1914
1892
1888
1930
1930
1930
1897
1929
1892
1905
1902
1908
1896
1900
1908
1922
1900
1926
1918
1925
1911
1903
1928
1926
1899
1908
1903
1904
1890
1881
1893
1912
1907
1920
1911
1895
1901
1901
1929
1913
1928
1896
1890
1898
1866
1901
1910
1914
1898
1908
1910
1897
1904
1895
1906
1908
1899
1928
1907
1920
1905
1912
1912
1910
1893
1910
1902
1914
1899
1904
1917
1907
1926
1911
1888
1876
1922
1895
1920
1932
1893
1930
1929
1928
1929
1851
1928
1897
1895
1895
1906
1899
1898
1880
1907
1900
1899
1925
1928
1907
1912
1917
1881
1906
1890
1908
1920
1892
1907
1923
1902
1903
1925
1896
1882
1905
1918
1921
1923
1921
1905
1894
1895
1925
1920
1903
1914
1910
1916
1895
1920
1920
1887
1926
1886
1903
1914
1928
1901
1920
1925
1894
1905
1923
1895
1914
1899
1921
1899
1909
1923
1920
1916
1915
1922
1926
1903
1905
1899
1908
1902
1902
1896
1901
1911
1901
1890
1909
1904
1925
1903
1932
1852
1930
1917
1923
1911
1928
1903
1905
1916
1924
1929
1902
1902
1928
1900
1919
1927
1909
1905
1901
1907
1920
1896
1899
1882
1922
1903
1914
1912
1920
1919
1881
1882
1900
1912
1896
1918
1899
1893
1886
1887
1886
1925
1919
1894
1889
1894
1914
1916
1873
1901
1929
1902
1884
1921
1910
1921
1920
1920
1900
1892
1909
1919
1916
1917
1918
1891
1887
1896
1907
1906
1892
1887
1884
1906
1902
1904
1885
1911
1898
1927
1901
1904
1879
1895
1918
1930
1921
1878
1911
1903
1908
1886
1905
1901
1904
1895
1918
1904
1897
1896
1882
1899
1908
1906
1895
1895
1887
1893
1909
1922
1921
1916
1899
1901
1912
1883
1925
1919
1907
1920
1927
1903
1917
1924
1912
1897
1903
1922
1891
1912
1911
1893
1911
1895
1908
1897
1907
1914
1917
1908
1891
1930
1897
1903
1904
1914
1895
1894
1888
1901
1905
1909
1897
1906
1899
1902
1909
1899
1884
1916
1903
1894
1909
1922
1896
1896
1903
1903
1906
1915
1911
1898
1904
1914
1903
1900
1911
1899
1899
1904
1898
1910
1884
1908
1920
1922
1920
1909
1888
1909
1892
1920
1890
1920
1902
1907
1904
1891
1892
1897
1912
1886
1892
1899
1895
1904
1930
1898
1891
1905
1911
1904
1922
1914
1907
1902
1884
1891
1910
1898
1914
1877
1922
1893
1927
1903
1925
1898
1931
1914
1927
1922
1907
1893
1910
1908
1915
1913
1920
1916
1889
1898
1891
1919
1882
1894
1900
1920
1878
1920
1919
1905
1916
1892
1895
1926
1929
1902
1897
1907
1909
1903
1913
1913
1911
1904
1903
1886
1916
1890
1907
1907
1890
1909
1902
1888
1902
1910
1922
1913
1896
1924
1923
1902
1902
1907
1897
1913
1889
1920
1925
1896
1891
1895
1892
1897
1928
1902
1929
1907
1906
1928
1929
1885
1930
1926
1925
1926
1929
1926
1926
1904
1930
1926
1930
1924
1925
1929
1929
1926
1930
1915
1911
1910
1904
1927
1926
1903
1902
1924
1919
1931
1911
1888
1898
1928
1923
1920
1928
1926
1928
1923
1897
1897
1899
1896
1903
1895
1901
1895
1922
1927
1930
1887
1923
1920
1904
1917
1903
1896
1917
1898
1899
1890
1923
1917
1917
1924
1887
1910
1898
1914
1900
1896
1925
1929
1924
1926
1887
1927
1928
1890
1909
1894
1895
1922
1884
1907
1890
1912
1912
1913
1901
1906
1926
1928
1892
1909
1898
1910
1900
1909
1901
1925
1909
1908
1898
1905
1920
1896
1906
1891
1926
1895
1915
1911
1917
1905
1894
1900
