1905
1902
1914
1917
1895
1894
1890
1873
1922
1885
1873
1926
1898
1901
1881
1891
1925
1894
1891
1914
1881
1894
1922
1891
1897
1925
1875
1908
1894
1894
1897
1903
1906
1877
1924
1892
1916
1879
1890
1911
1905
1877
1886
1908
1937
1905
1901
1903
1898
1879
1890
1928
1900
1925
1913
1932
1922
1919
1888
1900
1889
1884
1880
1884
1893
1881
1921
1886
1879
1907
1926
1894
1880
1886
1914
1887
1898
1901
1874
1873
1873
1907
1916
1901
1874
1892
1879
1893
1917
1882
1900
1899
1887
1891
1930
1893
1882
1875
1888
1923
1931
1905
1873
1892
1919
1928
1901
1899
1893
1909
1899
1927
1938
1899
1897
1933
1936
1936
1940
1903
1917
1874
1896
1886
1887
1880
1910
1892
1907
1886
1895
1890
1921
1906
1886
1887
1884
1881
