1902
1902
1892
1892
1908
1908
1908
1908
1918
1918
1917
1917
1917
1917
1907
1907
1921
1921
1925
1925
1927
1927
1924
1924
1922
1922
1902
1902
1938
1938
1937
1937
1935
1935
1902
1902
1938
1938
1937
1937
1935
1935
1927
1927
1886
1886
1915
1915
1931
1931
1920
1920
1912
1912
1912
1912
1937
1937
1912
1912
1937
1937
1913
1913
1913
1913
1904
1904
1914
1914
1914
1914
1915
1915
1904
1904
1904
1904
1901
1901
1926
1926
1890
1890
1925
1925
1910
1910
1903
1903
1903
1903
1924
1924
1918
1918
1880
1880
1908
1908
1914
1914
1889
1889
1921
1921
1908
1908
1909
1909
1910
1910
1893
1893
1893
1893
1921
1921
1921
1921
1931
1931
1901
1901
1901
1901
1931
1931
1892
1892
1898
1898
1898
1898
1909
1909
1909
1909
1912
1912
1912
1912
1890
1890
1890
1890
1885
1885
1885
1885
1909
1909
1916
1916
1923
1923
1923
1923
1901
1901
1901
1901
1906
1906
1928
1928
1936
1936
1903
1903
1906
1906
1928
1928
1936
1936
1903
1903
1890
1890
1893
1893
1928
1928
1906
1906
1932
1932
1903
1903
1918
1918
1918
1918
1924
1924
1912
1912
1911
1911
1895
1895
1895
1895
1938
1938
1938
1938
1930
1930
1930
1930
1907
1907
1907
1907
1875
1875
1940
1940
1940
1940
1916
1916
1916
1916
1925
1925
1925
1925
1923
1923
1923
1923
1915
1915
1905
1905
1925
1925
1915
1915
1912
1912
1921
1921
1919
1919
1919
1919
1898
1898
1898
1898
1911
1911
1903
1903
1914
1914
1914
1914
1919
1919
1922
1922
1887
1887
