1934
1910
1912
1921
1892
1914
1889
1925
1920
1889
1897
1890
1942
1917
1921
1885
1921
1921
1891
1895
1924
1889
1926
1906
1910
1916
1907
1923
1919
1915
1916
1911
1905
1912
1919
1890
1924
1888
1925
1921
1930
1914
1939
1938
1909
1909
1918
1914
1925
1909
1927
1907
1908
1901
1930
1933
1924
1896
1920
1911
1941
1910
1933
1915
1927
1908
1939
1906
1921
1915
1921
1926
1894
1926
1923
1904
1895
1932
1920
1923
1922
1899
1940
1909
1871
1927
1925
1892
1927
1929
1895
1934
1909
1930
1933
1911
1917
1921
1877
1925
1875
1914
1896
1939
1908
1938
1932
1915
1904
1907
1944
1914
1925
1913
1884
1889
1909
1934
1871
1913
1897
1929
1916
1912
1907
1909
1938
1905
1932
1905
1931
1907
1940
1903
1911
1916
1901
1910
1911
1908
1932
1932
1939
1909
1924
1894
