1877
1877
1902
1902
1932
1932
1908
1908
1929
1929
1900
1900
1904
1900
1904
1900
1898
1898
1928
1928
1892
1892
1907
1907
1920
1920
1881
1881
1916
1916
1909
1909
1884
1884
1884
1884
1912
1912
1891
1891
1922
1922
1883
1883
1908
1908
1921
1921
1904
1904
1937
1937
1903
1903
1875
1875
1870
1870
1883
1883
1923
1923
1900
1900
1923
1923
1899
1899
1891
1891
1912
1912
1939
1939
1915
1915
1905
1905
1909
1909
1879
1879
1909
1909
1918
1918
1883
1883
1871
1871
1912
1912
1909
1909
1879
1879
1927
1927
1935
1935
1905
1905
1931
1931
1926
1926
1906
1906
1939
1939
1905
1905
1912
1912
1880
1904
1904
1932
1932
1904
1904
1910
1910
1900
1900
1895
1895
1927
1927
1900
1900
1885
1885
1877
1877
1915
1915
1892
1892
1889
1889
1924
1924
1921
1921
1919
1919
1937
1937
1904
1904
1900
1900
1896
1896
1897
1897
1924
1924
1880
1934
1934
1926
1926
1893
1893
1929
1929
1900
1900
1920
1920
1877
1877
1918
1918
1917
1917
1882
1882
