1924
1924
1900
1900
1910
1910
1925
1925
1930
1930
1893
1893
1927
1927
1914
1914
1912
1912
1906
1906
1924
1924
1883
1883
1927
1927
1914
1914
1903
1903
1912
1912
1914
1914
1930
1930
1932
1932
1900
1900
1928
1928
1914
1914
1909
1909
1905
1905
1944
1944
1937
1937
1873
1873
1925
1925
1936
1936
1923
1923
1885
1885
1885
1885
1917
1917
1907
1907
1900
1900
1919
1929
1929
1919
1937
1937
1908
1908
1905
1905
1907
1907
1899
1899
1929
1929
1934
1934
1911
1911
1907
1907
1923
1923
1929
1929
1887
1887
1924
1924
1911
1911
1922
1922
1907
1907
1937
1937
1911
1911
1923
1923
1926
1926
1921
1921
1934
1934
1910
1910
1908
1908
1923
1923
1886
1886
1923
1923
1923
1923
1936
1936
1880
1880
1914
1914
1887
1887
1912
1912
1915
1915
1937
1937
1877
1877
1917
1917
1926
1926
1923
1923
1896
1896
1906
1906
1925
1925
1898
1898
1918
1918
1909
1909
1914
1914
1920
1920
1890
1890
1926
1926
1896
1896
1929
1929
1935
1935
1911
1911
1922
1922
1922
1922
1920
1920
1902
1902
1907
1907
1909
1909
1932
1932
1936
1936
1902
1902
1931
1931
