1886
1922
1928
1899
1927
1895
1893
1920
1915
1912
1914
1873
1891
1923
1932
1898
1891
1891
1903
1907
1896
1935
1903
1928
1925
1922
1920
1913
1890
1884
1934
1924
1871
1909
1880
1895
1932
1927
1921
1924
1895
1929
1899
1894
1871
1917
1895
1895
1923
1902
1918
1924
1893
1924
1922
1894
1917
1925
1919
1938
1893
1889
1888
1895
1940
1934
1930
1909
1890
1924
1888
1920
1920
1910
1927
1911
1878
1925
1894
1921
1937
1912
1899
1912
1916
1915
1874
1908
1881
1912
1931
1930
1899
1902
1924
1925
1927
1896
1924
1936
1932
1917
1918
