1920
1920
1923
1923
1909
1909
1906
1906
1900
1900
1887
1887
1931
1931
1921
1927
1927
1921
1913
1913
1909
1909
1881
1881
1929
1929
1907
1907
1924
1924
1924
1924
1916
1916
1897
1897
1919
1919
1923
1923
1902
1902
1907
1907
1878
1878
1902
1902
1880
1880
1928
1928
1920
1920
1907
1907
1896
1896
1928
1928
1878
1878
1912
1912
1901
1901
1938
1938
1905
1905
1900
1900
1905
1905
1941
1941
1904
1904
1934
1934
1905
1905
1928
1928
1905
1905
1921
1921
1923
1923
1902
1902
1900
1900
1926
1926
1890
1890
1897
1897
1928
1928
1924
1924
1920
1920
1918
1918
1906
1906
1883
1883
1879
1879
1914
1914
1903
1903
1931
1931
1938
1938
1903
1903
1924
1924
1898
1898
1867
1867
1901
1901
1871
1871
1936
1936
1894
1894
1934
1934
1933
1933
1902
1902
1902
1902
1894
1894
1896
1896
1938
1938
1906
1906
1912
1912
1909
1909
1937
1937
1907
1907
1910
1910
1880
1880
1925
1925
1882
1882
1878
1878
1903
1903
1935
1935
1903
1903
1938
1938
1907
1907
1940
1940
1892
1892
1882
1882
1895
1895
1907
1907
1934
1934
1907
1907
1938
1938
1908
1908
1913
1913
1919
1919
1880
1880
1904
1904
1904
1904
1875
1875
1915
1915
1936
1936
1922
1922
1933
1933
1937
1937
1898
1898
1898
1898
1883
1883
1878
1878
1929
1929
1892
1892
1933
1933
1923
1923
1925
1925
1901
1901
1932
1932
1930
1930
1903
1903
1899
1899
1933
1933
1929
1929
1932
1932
1924
1924
1903
1903
1894
1894
1940
1940
1911
1911
1921
1921
1905
1905
1927
1927
1894
1894
1941
1941
1937
1937
1908
1908
1900
1900
1923
1923
1927
1927
1938
1938
1901
1901
1931
1931
1925
1925
1900
1900
1900
1900
1900
1900
1924
1924
1923
1923
1927
1927
1898
1898
1925
1925
1921
1921
1888
1888
1892
1892
1918
1918
1914
1914
1884
1884
1904
1904
1920
1920
1884
1884
1918
1918
1912
1912
1914
1914
1904
1904
1908
1908
1939
1939
1901
1901
1933
1933
1911
1911
1898
1898
1923
1923
1906
1906
1937
1937
1895
1895
1895
1895
1931
1931
1931
1931
1907
1907
1900
1900
1934
1934
1926
1926
1927
1927
1896
1896
1900
1900
1892
1892
1888
1888
1924
1924
1934
1934
1894
1894
1901
1901
1875
1875
1894
1894
1914
1914
1900
1900
1870
1870
1904
1904
1907
1907
1937
1937
1907
1907
1907
1907
1895
1895
1921
1921
1874
1874
1894
1894
1896
1896
1868
1868
1897
1897
1913
1913
1880
1880
1870
1870
1906
1906
1900
1900
1905
1905
1869
1869
1934
1934
1933
1933
1906
1906
1911
1911
1914
1914
1894
1894
1927
1927
1921
1921
1888
1888
1923
1923
1913
1913
1879
1879
1910
1910
1912
1912
1918
1918
1900
1900
1870
1870
1910
1910
1865
1865
1931
1931
1902
1902
1933
1933
1906
1906
1935
1935
1936
1936
1877
1877
1910
1910
1902
1902
1900
1900
1902
1902
1895
1895
1895
1895
1889
1889
1876
1876
1877
1877
1906
1906
1909
1909
1882
1882
1930
1930
1883
1883
1912
1912
1928
1928
1925
1925
1897
1897
1930
1939
1930
1939
1907
1907
1905
1905
1902
1902
1893
1893
1925
1925
1920
1920
1908
1908
1904
1904
1912
1912
1937
1937
1909
1909
1913
1913
1919
1919
1916
1916
1929
1929
1932
1932
1906
1906
1890
1890
1900
1900
1924
1924
1885
1885
1912
1912
1880
1880
1891
1891
1902
1902
1913
1913
1931
1931
1897
1897
1929
1929
1933
1933
1910
1910
1895
1895
1921
1921
1900
1900
1929
1929
1924
1924
1919
1919
1921
1921
1879
1879
1926
1926
1900
1900
1943
1943
1934
1934
1891
1891
1922
1922
1919
1919
1919
1919
1894
1894
1941
1941
1900
1900
1874
1874
1924
1924
1900
1900
1915
1915
1900
1900
1901
1901
1917
1914
1917
1914
1905
1905
1935
1935
1901
1901
1929
1929
1925
1925
1931
1931
1924
1924
1914
1914
1929
1929
1902
1902
1903
1903
1931
1931
1914
1914
1920
1920
1937
1937
1938
1938
1938
1938
1923
1923
1893
1893
1903
1903
1921
1921
1912
1912
1880
1880
1925
1925
1922
1922
1934
1934
1920
1920
1892
1892
1892
1892
1902
1902
1939
1939
1916
1916
1899
1899
1929
1929
1916
1916
1922
1922
1917
1917
1916
1916
1880
1880
1916
1916
1921
1921
1886
1886
1915
1915
1919
1919
1932
1932
1898
1898
1901
1901
1904
1904
1903
1903
1884
1884
1912
1912
1921
1921
1908
1908
1877
1877
1901
1901
1914
1914
1910
1910
1879
1892
1892
1879
1890
1890
1909
1909
1900
1900
1913
1913
1937
1937
1932
1932
1923
1923
1921
1921
1886
1886
1892
1892
1895
1895
1895
1923
1923
1895
1920
1920
1891
1891
1921
1921
1893
1893
1939
1939
1893
1893
1911
1911
1913
1913
1923
1923
1915
1915
1882
1882
1918
1918
1880
1880
1905
1905
1929
1929
1912
1912
1875
1875
1925
1925
1902
1902
1924
1924
1897
1897
1927
1927
1887
1887
1918
1918
1923
1923
1898
1898
1896
1896
1929
1929
1907
1907
1871
1871
1901
1901
1938
1938
1922
1922
1927
1927
1924
1924
1895
1895
1926
1926
1898
1898
1912
1912
1888
1888
1923
1923
1900
1900
1910
1910
1900
1900
1920
1920
1907
1907
1898
1898
1931
1931
1920
1920
1935
1935
1925
1925
1868
1868
1908
1908
1900
1900
1914
1914
1880
1880
1933
1933
1882
1882
1921
1921
1883
1883
1926
1926
1889
1889
1922
1922
1922
1922
1923
1923
1917
1917
1913
1913
1888
1888
1922
1922
1931
1931
1920
1920
1928
1928
1890
1890
1922
1922
1916
1916
1914
1914
1912
1912
1938
1938
1900
1900
1878
1878
1917
1917
1914
1914
1911
1911
1880
1880
1913
1913
1907
1907
1928
1928
1902
1902
1937
1937
1918
1918
1883
1883
1932
1932
1937
1937
1931
1931
1901
1901
1904
1904
1906
1906
1909
1909
1937
1937
1900
1900
1920
1920
1927
1927
1925
1925
1899
1899
1900
1900
1885
1885
1920
1920
1923
1923
1924
1924
1914
1914
1894
1894
1928
1928
1926
1926
1900
1900
1895
1895
1916
1916
1940
1940
1903
1903
1906
1906
1933
1933
