1910
1910
1937
1937
1940
1940
1908
1908
1909
1909
1912
1912
1898
1898
1896
1896
1889
1889
1892
1892
1895
1895
1929
1929
1923
1923
1887
1887
1923
1923
1923
1923
1919
1919
1914
1914
1923
1923
1935
1935
1913
1913
1933
1933
1893
1893
1915
1915
1922
1922
1924
1924
1913
1913
1939
1939
1903
1903
1923
1923
1931
1931
1888
1888
1886
1886
1913
1913
1908
1908
1909
1909
1906
1906
1906
1906
1931
1931
1931
1931
1928
1928
1926
1926
1923
1923
1884
1884
1884
1884
1891
1891
1891
1891
1914
1914
1940
1940
1907
1907
1907
1907
1914
1914
1913
1913
1913
1913
1913
1913
1913
1913
1894
1894
1894
1894
1906
1906
1931
1931
1906
1906
1920
1920
1929
1929
1891
1891
1921
1921
1921
1921
1896
1896
1896
1896
1925
1925
1925
1925
1884
1884
1884
1884
1900
1900
1897
1897
1920
1920
1878
1878
1906
1906
1918
1918
1880
1880
1903
1903
1903
1903
1904
1904
1896
1896
1931
1931
1929
1929
1928
1928
1915
1915
1922
1922
1919
1919
1917
1917
1901
1901
1901
1901
1932
1932
1887
1887
1883
1883
1897
1897
1916
1916
1919
1919
1887
1887
1904
1904
1937
1937
1909
1909
1909
1909
1894
1894
1932
1932
1921
1921
1904
1904
1933
1933
1907
1907
1907
1907
1908
1908
1913
1913
1877
1877
1925
1925
1925
1925
1878
1878
1920
1890
1890
1890
1920
1890
1886
1886
1892
1892
1892
1892
1912
1912
1921
1921
1907
1907
1910
1910
1927
1927
1899
1899
1900
1900
1930
1930
1927
1927
1930
1930
1924
1924
1894
1894
1924
1924
1908
1908
1907
1907
1909
1909
1908
1908
1901
1901
1910
1910
1925
1925
1898
1898
1917
1917
1910
1910
1917
1917
1913
1913
1896
1896
1920
1920
1914
1914
1908
1908
1914
1914
1915
1915
1922
1922
1921
1921
1921
1921
1918
1918
1918
1918
1919
1919
1922
1922
1927
1927
1920
1920
1894
1894
1892
1892
1936
1936
1912
1912
1903
1903
1912
1912
1941
1941
1914
1914
1907
1907
1906
1906
1914
1914
1916
1916
1885
1885
1944
1944
1936
1936
1890
1890
1923
1923
1910
1910
1879
1879
1921
1921
1918
1918
1924
1924
1899
1899
1903
1903
1909
1909
1896
1896
1896
1896
1926
1926
1926
1926
1929
1929
1929
1929
1903
1903
1903
1903
1906
1906
1919
1919
1913
1913
1944
1944
1921
1921
1923
1923
1913
1913
1913
1913
1938
1938
1938
1938
1907
1907
1907
1907
1933
1933
1933
1933
1893
1893
1893
1893
1937
1937
1937
1937
1915
1915
1893
1893
1894
1894
1923
1923
1928
1928
1921
1921
1892
1892
1892
1892
1921
1921
1924
1924
1921
1921
1888
1888
1912
1912
1912
1912
1888
1888
1918
1918
1937
1937
1914
1914
1926
1926
1924
1924
1902
1902
1932
1932
1910
1910
1929
1929
1901
1901
1902
1902
1929
1929
1899
1899
1927
1927
1899
1899
1930
1930
1924
1924
1924
1924
1902
1902
1902
1902
1900
1900
1900
1900
1932
1932
1932
1932
1932
1932
1932
1932
1910
1910
1902
1902
1930
1930
1902
1902
1934
1934
1912
1912
1909
1909
1911
1911
1938
1938
1908
1908
1914
1914
1919
1919
1917
1917
1912
1912
1923
1923
1927
1927
1925
1925
1923
1923
1900
1900
1920
1920
1873
1873
1891
1891
1891
1891
1919
1917
1917
1919
1923
1923
1923
1923
1889
1889
1889
1889
1922
1922
1922
1922
1883
1883
1909
1909
1910
1910
1937
1937
1916
1916
1880
1880
1880
1880
1908
1908
1932
1932
1934
1934
1911
1911
1885
1885
1881
1881
1881
1881
1885
1885
1902
1902
1926
1926
1888
1888
1888
1888
1922
1922
1886
1886
1895
1895
1880
1880
1906
1906
1943
1943
1923
1923
1918
1918
1894
1894
1895
1895
1920
1920
1896
1896
1889
1889
1886
1886
1919
1919
1912
1912
1917
1917
1928
1928
1928
1928
1919
1919
1913
1913
1872
1872
1900
1900
1937
1937
1905
1905
1918
1918
1894
1894
1894
1894
1893
1893
1893
1893
1911
1911
1926
1926
1929
1929
1884
1884
1924
1924
1902
1902
1901
1901
1926
1926
1929
1929
1884
1884
1924
1924
1909
1909
1940
1940
1904
1904
1902
1902
1905
1905
1932
1932
1938
1938
1900
1900
1906
1906
1934
1934
1910
1910
1902
1902
1919
1919
1879
1879
1916
1916
1932
1932
1905
1905
1903
1903
1887
1887
1911
1911
1903
1903
1939
1939
1910
1910
1925
1925
1924
1924
1931
1931
1903
1903
1903
1903
1906
1906
1912
1912
1914
1914
1917
1917
1888
1888
1888
1888
1939
1939
1907
1907
1872
1872
1870
1870
1935
1935
1930
1930
1906
1906
1893
1893
1928
1928
1894
1894
1916
1916
1913
1913
1913
1913
1912
1912
1937
1937
1905
1905
1908
1908
1906
1906
1912
1912
1934
1934
1929
1929
1906
1906
1935
1935
1926
1926
1902
1902
1928
1928
1894
1894
1894
1894
1926
1926
1926
1926
1895
1895
1895
1895
1911
1911
1914
1914
1883
1883
1927
1927
1925
1925
1891
1891
1920
1920
1908
1908
1908
1908
1923
1923
1909
1909
1930
1930
1904
1904
1910
1910
1924
1924
1916
1916
1907
1907
1925
1925
1892
1892
1920
1920
1922
1922
1890
1890
1912
1912
1918
1918
1918
1918
1921
1921
1934
1934
1896
1896
1904
1904
1896
1896
1904
1904
1937
1937
1924
1924
1922
1922
1909
1909
1907
1907
1900
1900
1910
1910
1910
1910
1934
1934
1907
1907
1906
1906
1899
1899
1935
1935
1929
1929
1932
1932
1928
1928
1902
1902
1927
1927
1923
1923
1896
1896
1926
1926
1929
1929
1920
1920
1905
1905
1909
1909
1933
1933
1910
1910
1939
1939
1924
1924
1883
1883
1922
1922
1920
1920
1916
1916
1901
1901
1901
1901
1925
1925
1925
1925
1931
1931
1914
1914
1873
1873
1943
1943
1883
1883
1883
1883
1923
1923
1923
1923
1926
1926
1924
1924
1915
1915
1922
1922
1885
1885
1907
1907
1931
1931
1905
1905
1923
1923
1879
1879
1922
1922
1920
1920
1894
1894
1894
1894
1924
1924
1942
1942
1922
1922
1895
1895
1905
1905
1900
1900
1924
1924
1924
1924
1929
1929
1933
1933
1906
1906
1913
1913
1887
1887
1938
1938
1910
1910
1904
1904
1904
1904
1916
1916
1905
1905
1905
1905
1908
1908
1908
1908
1878
1878
1878
1878
