1888
1910
1896
1920
1877
1922
1901
1926
1936
1917
1878
1896
1927
1885
1932
1922
1890
1890
1889
1882
1883
1882
1912
1916
1914
1894
1890
1882
1895
1895
1913
1874
1912
1920
1922
1899
1904
1891
1889
1908
1922
1890
1880
1910
1898
1889
1877
1897
1885
1937
1887
1914
1882
1894
1912
1884
1894
1907
1914
1908
1905
1874
1898
1888
1889
1887
1897
1897
1892
1927
1892
1895
1924
1918
1922
1894
1877
1883
1884
1885
1888
1920
1895
1916
1881
1886
1882
1918
1894
1932
1905
1880
1888
1914
1880
1873
1891
1902
1909
1883
1934
1902
1903
1902
1913
1897
1891
1905
1878
1883
1893
1907
1918
1900
1933
1909
1877
1894
1874
1886
1908
1916
1922
1894
1911
1917
1932
1900
1894
1886
1892
1908
1937
1892
1926
1939
1888
1899
1884
1922
1898
1928
1894
1883
1875
1901
1923
1895
1908
1908
1895
1878
1927
1901
1880
1933
1894
1925
1901
1907
1933
1922
1896
1901
1883
1905
1900
1894
1892
1896
1898
1883
1937
1915
1928
1903
1881
1896
1888
1923
1895
1891
1881
1909
1900
1880
1889
1891
1902
1908
1906
1898
1888
1894
1896
1884
1886
1885
1909
1900
1888
1904
1873
1905
1903
1876
1874
1889
1927
1910
1880
1880
1889
1878
1890
1885
