1895
1897
1903
1935
1891
1909
1910
1907
1911
1871
1905
1911
1934
1937
1932
1929
1891
1901
1907
1922
1885
1895
1939
1912
1929
1932
1892
1917
1915
1912
1895
1872
1912
1907
1918
1934
1872
1892
1930
1925
1927
1896
1892
1875
1910
1870
1873
1913
1925
1928
1936
1907
1932
1904
1930
1938
1907
1930
1910
1868
1875
1925
1901
1930
1928
1870
1903
1905
1876
1877
1881
1922
1913
1919
1940
1909
1910
1908
1910
1904
1905
1933
1938
1926
1924
1906
1879
1929
1906
1927
1887
1922
1917
1893
1927
1909
1863
1909
1897
1907
1932
1930
1900
1908
1891
1937
1932
1929
1901
1923
1917
1897
1923
1898
1930
1927
1918
1875
1875
1914
1885
1914
1904
1919
1939
1937
1886
1933
1910
1858
1910
1885
1940
1890
1924
1918
1889
1929
1892
1891
1923
1920
1916
1886
1939
1913
1907
1918
1872
1912
1886
1880
1920
1914
1915
1920
1913
1890
1888
1867
1906
1878
1888
1924
1885
1918
1915
1890
1927
1928
1921
1916
1891
1922
1925
1886
1871
1879
1910
1908
1895
1897
1902
1907
1914
1900
1870
1891
1895
1925
1921
1923
1919
1923
1913
1912
1931
1906
1907
1887
1914
1916
1890
1929
1904
1905
1940
1939
1902
1937
1909
1901
1867
1905
1939
1927
1932
1903
1882
1893
1894
1891
1883
1921
1910
1914
1912
1911
1939
1929
1906
1899
1928
1929
1925
1924
1898
1892
1889
1881
1883
1911
1937
1916
1915
1938
1926
1928
1939
1930
1903
1933
1902
1908
1894
1906
1905
1931
1935
1916
1903
1913
1891
1938
1903
1934
1932
1907
1932
1905
1907
1903
1934
1932
1868
1890
1867
1871
1886
1924
1919
1912
1883
1895
1927
1938
1899
1903
1936
1915
1905
1904
1882
1881
1933
1902
1937
1902
1865
1911
1935
1904
1901
1930
1892
1901
1880
1911
1907
1931
1897
1925
1927
1895
1873
1937
1911
1922
1909
1920
1880
1916
1909
1938
1865
1930
1904
1927
1905
1901
1893
1924
1889
1880
1926
1928
1889
1935
1908
1868
1867
1913
1884
1923
1884
1885
1924
1892
1927
1899
1921
1892
1932
1923
1893
1897
1876
1903
1890
1916
1893
1926
1908
1933
1936
1905
1897
1928
1896
1926
1900
1870
1875
1916
1929
1924
1888
1927
1898
1930
1921
1910
1914
1900
1928
1934
1931
1913
1925
1891
1922
1894
1933
1911
1908
1909
1907
1870
1910
1884
1921
1887
1924
1913
1895
1885
1907
1883
1883
1934
1908
1936
1909
1909
1932
1903
1938
1939
1903
1930
1889
1925
1916
1883
1884
1925
1937
1912
1940
1910
1937
1933
1900
1898
1928
1901
1905
1929
1930
1901
1926
1901
1930
1926
1928
1805
1901
1933
1912
1902
1883
1901
1935
1876
1912
1917
1924
1927
1923
1897
1900
1885
1937
1910
1936
1889
1889
1898
1931
1899
1926
1897
1860
1932
1901
1885
1913
1938
1881
1936
1902
1900
1928
1937
1921
1926
1885
1931
1902
1924
1929
1895
1897
1926
1898
1928
