1907
1907
1909
1909
1908
1908
1884
1884
1921
1921
1913
1913
1924
1924
1900
1900
1930
1930
1900
1900
1930
1930
1898
1898
1901
1901
1924
1924
1919
1919
1914
1914
1898
1898
1894
1894
1916
1916
1911
1911
1913
1913
1940
1940
1908
1908
1931
1931
1928
1928
1897
1897
1911
1911
1919
1919
1917
1917
1926
1926
1914
1914
1919
1919
1905
1905
1896
1896
1930
1930
1927
1927
1900
1900
1925
1925
1915
1915
1944
1944
1936
1936
1915
1915
1938
1938
1921
1921
1904
1904
1901
1901
1921
1921
1920
1920
1906
1906
1887
1887
1918
1918
1916
1916
1922
1922
1918
1918
1896
1896
1894
1894
1919
1919
1904
1904
1876
1876
1908
1908
1935
1935
1900
1900
1923
1923
1938
1938
1911
1911
1906
1906
1921
1921
1901
1901
1913
1913
1908
1908
1929
1929
1893
1893
1906
1906
1917
1917
1927
1927
1935
1935
1904
1904
1904
1904
1902
1902
1906
1906
1914
1914
1930
1930
1933
1933
1922
1922
1916
1916
1885
1885
1919
1919
1913
1913
1894
1894
1886
1886
1933
1933
1910
1910
1906
1906
1917
1917
1924
1924
1886
1886
1918
1918
1887
1887
1922
1922
1920
1920
1916
1916
1900
1900
1910
1910
1912
1912
1919
1919
1911
1911
1917
1917
1911
1911
1915
1915
1910
1910
1916
1916
1908
1908
1921
1921
1924
1924
1908
1908
1905
1905
1899
1899
1934
1934
1915
1915
1926
1926
1936
1936
1906
1906
1905
1905
1924
1924
1887
1887
1915
1915
1920
1920
1919
1919
1923
1923
1925
1925
1927
1927
1897
1897
1909
1909
1914
1914
