1889
1882
1943
1890
1888
1913
1925
1922
1916
1881
1919
1885
1909
1904
1875
1900
1929
1927
1885
1893
1895
1922
1928
1891
1917
1900
1894
1914
1918
1907
1896
1918
1925
1894
1930
1924
1920
1924
1895
1907
1899
1929
1935
1899
1942
1909
1912
1939
1911
1908
1933
1939
1904
1867
1899
1908
1942
1917
1913
1938
1943
1912
1872
1912
1913
1875
1914
1899
1887
1923
1920
1924
1889
1895
1896
1914
1913
1939
1899
1904
1932
1912
1927
1941
1908
1926
1893
1923
1895
1911
1937
1908
1940
1935
1923
1928
1920
1891
1900
1918
1923
1878
1942
1879
1880
1888
1903
1896
1933
1928
1910
1871
1864
1906
1934
1907
1938
1892
1911
1914
1905
1925
1870
1898
1905
1900
1892
1891
1892
1899
1926
1911
1899
1904
1910
1894
1885
1912
1895
