1928
1928
1929
1929
1932
1929
1929
1929
1928
1928
1929
1929
1930
1930
1930
1929
1930
1928
1928
1929
1929
1928
1930
1926
1928
1930
1929
1928
1930
1930
1930
1928
1930
1929
1930
1929
1930
1928
1930
1930
1929
1929
1929
1929
1930
1927
1930
1930
1929
1927
1930
1928
1928
1930
1928
1930
1929
1930
1929
1928
1929
1928
1929
1928
1928
1929
1928
1930
1929
1928
1930
1929
1930
1930
1929
1929
1929
1927
1929
1930
1927
1928
1929
1929
1930
1928
1927
1929
1930
1930
1928
1928
1928
1929
1929
1930
1930
1928
1930
1929
1929
1927
1928
1929
1930
1930
1928
1927
1930
1930
1929
1928
1927
1929
1928
1930
1929
1930
1928
1928
1927
1927
1929
1930
1928
1929
1927
1930
1928
1929
1929
1930
1930
1930
1929
1929
1931
1931
1929
1927
1926
1930
1928
1927
1928
1930
1930
1930
1929
1929
1930
1930
1931
1930
1926
1929
1928
1929
1928
1929
1930
1929
1929
1929
1930
1928
1930
1929
1929
1929
1927
1929
1930
1929
1930
1930
1931
1926
1928
1930
1928
1929
1927
1929
1928
1929
1928
1929
1929
1930
1929
1928
1930
1927
1929
1928
1931
1928
1929
1930
1928
1929
1930
1929
1930
1929
1928
1929
1928
1930
1929
1929
1930
1929
1929
1930
1928
1929
1929
1928
1929
1930
1928
1929
1931
1928
1928
1929
1929
1930
1929
1929
1930
1930
1930
1929
1928
1929
1929
1929
1930
1931
1928
1928
1928
1929
1927
1929
1930
1928
1929
1928
1930
1930
1931
1930
1930
1930
1928
1931
1929
1929
1929
1930
1928
1930
1930
1931
1929
1926
1930
1930
1930
1929
1930
1927
1931
1930
1928
1929
1929
1930
1928
1920
1929
1929
1930
1930
1929
1928
1928
1929
1929
1928
1928
1929
1928
1930
1927
1929
1930
1929
1928
1930
1927
1929
1928
1929
1929
1929
1930
1927
1930
1929
1929
1930
1930
1930
1929
1930
1929
1929
1929
1929
1929
1929
1930
1928
1928
1929
1929
1929
1929
1929
1929
1930
1930
1930
1930
1927
1929
1930
1930
1931
1927
1928
