1874
1932
1908
1905
1917
1926
1931
1902
1912
1908
1921
1932
1932
1933
1933
1927
1927
1910
1939
1916
1921
1944
1907
1915
1919
1923
1923
1909
1912
1925
1878
1923
1923
1916
1925
1938
1933
1930
1930
1926
1923
1912
1912
1909
1909
1920
1920
1922
1932
1886
1886
1927
1927
1913
1913
1925
1924
1928
1885
1908
1904
1914
1912
1889
1885
1917
1924
1931
1927
1889
1893
1924
1932
1929
1922
1926
1927
1914
1900
1905
1907
1910
1915
1922
1917
1920
1920
1881
1914
1933
1921
1933
1905
1885
1912
1917
1918
1935
1906
1906
1906
1906
1885
1885
1920
1920
1931
1931
1923
1914
1913
1917
1925
1911
1916
