1918
1913
1923
1921
1918
1911
1915
1903
1914
1911
1911
1914
1910
1908
1904
1916
1916
1922
1923
1923
1923
1919
1910
1907
1919
1922
1922
1943
1920
1902
1917
1904
1904
1909
1922
1922
1913
1907
1905
1922
1924
1922
1898
1904
1915
1920
1909
1904
1922
1923
1902
1921
1920
1924
1920
1891
1912
1915
1904
1913
1921
1922
1922
1915
1916
1909
1920
1921
1911
1914
1907
1923
1923
1903
1923
1919
1902
1922
1912
1921
1911
1894
1922
1912
1913
1904
1917
1906
1916
1907
1923
1912
1901
1902
1923
1900
1924
1921
1924
1923
1924
1921
1922
1904
1910
1924
1920
1904
1915
1904
1989
1907
1923
1923
1923
1916
1922
1923
1914
1896
1916
1923
1905
1920
1894
1907
1920
1924
1921
1923
1915
1921
1924
1912
1923
1918
1921
1911
1910
1909
1909
1912
1906
1901
1922
1910
1913
1924
1923
1905
1920
1925
1922
1920
1902
1919
1912
1912
1908
1923
1916
1921
1904
1914
1908
1921
1922
1920
1920
1910
1916
1912
1922
1920
1916
1908
1922
1917
1916
1922
1924
1906
1922
1924
1916
1911
1922
1916
1911
1919
1922
1925
1924
1921
1912
1901
1906
1921
1920
1921
1913
1922
1911
1893
1915
1923
1919
1923
1922
1922
1916
1911
1909
1919
1921
1925
1921
1924
1919
1915
1915
1922
1924
1906
1924
1916
1919
1920
1912
1911
1921
1920
1923
1925
1907
1917
1910
1908
1917
1904
1916
1923
1923
1907
1924
1914
1906
1909
1923
1921
1911
1905
1917
1909
1908
1912
1923
1905
1904
1917
1923
1923
1903
1923
1909
1915
1922
1917
1921
1923
1925
1923
1924
1905
1913
1921
1919
1911
1922
1916
1918
1897
1920
1912
1924
1914
1911
1917
1922
1919
1908
1912
1910
1921
1917
1910
1918
1923
1923
1917
1911
1920
1923
1923
1919
1923
1906
1919
1901
1920
1922
1906
1911
1923
1923
1923
1907
1923
1909
1910
1924
1922
1923
1922
1915
1905
1915
1922
1923
1922
1921
1989
1989
1905
1921
1917
1915
1916
1923
1918
1922
1916
1918
1900
1912
1912
1920
1917
1922
1922
1895
1921
1916
1920
1923
1918
1918
1920
1922
1920
1901
1922
1912
1904
1922
1922
1922
1915
1907
1909
1923
1923
1924
1921
1919
1910
1920
1919
1906
1917
1911
1924
1921
1912
1918
1924
1918
1910
1907
1919
1916
1924
1923
1916
1915
1915
1911
1911
1918
1905
1918
1915
1924
1924
1920
1905
1915
1921
1921
1923
1924
1913
1921
1930
1921
1911
1914
1917
1906
1920
1912
1920
1916
1911
1924
1915
1916
1920
1919
1908
1916
1910
1922
1905
1924
1923
1924
1913
1920
1922
1904
1924
1916
1917
1921
1911
1907
1909
1925
1915
1910
1912
1904
1923
1922
1921
1894
1924
1918
1914
1921
1916
1905
1921
1921
1905
1914
1914
1914
1916
1918
1901
1914
1921
1910
1916
1916
1914
1919
1921
1922
1919
1906
1924
1909
1921
1921
1922
1904
1916
