1882
1880
1878
1932
1925
1881
1900
1927
1885
1881
1894
1888
1894
1877
1884
1902
1908
1882
1890
1886
1887
1919
1920
1894
1921
1924
1889
1891
1890
1915
1878
1900
1891
1895
1895
1893
1879
1879
1906
1898
1914
1903
1882
1882
1880
1880
1894
1882
1883
1894
1882
1921
1883
1890
1885
1896
1899
1897
1917
1879
1902
1876
1896
1886
1937
1900
1881
1896
1894
1895
1886
1929
1900
1886
1911
1896
1911
1921
1878
1891
1880
1933
1887
1894
1934
1926
1896
1924
1923
1889
1898
1881
1885
1891
1885
1916
1922
1889
1922
1883
1887
1874
1900
1893
1881
1897
1891
1899
1895
1885
1913
1888
1930
1884
1883
1868
1886
