1919
1903
1903
1909
1907
1910
1905
1888
1910
1917
1910
1896
1896
1903
1909
1895
1907
1919
1892
1898
1903
1917
1904
1894
1889
1896
1903
1913
1903
1889
1883
1886
1897
1906
1903
1887
1894
1911
1909
1923
1905
1908
1901
1898
1897
1906
1893
1897
1904
1908
1909
1876
1889
1916
1896
1904
1898
1913
1916
1882
1886
1891
1884
1889
1895
1918
1904
1901
1891
1922
1895
1883
1910
1894
1890
1907
1908
1886
1924
1911
1917
1911
1899
1905
1919
1878
1890
1901
1913
1889
1901
1908
1893
1877
1904
1885
1912
1898
1899
1890
1919
1910
1908
1907
1891
1912
1891
1895
1887
1922
1884
1883
1899
1913
1896
1909
1886
1895
1901
1894
1898
1897
1884
1885
1913
1890
1917
1910
1901
1910
1896
1897
1902
1897
1901
1908
1907
1912
1910
1902
1901
1910
1906
1909
1912
1898
1906
1913
1883
1903
1911
1900
1895
1902
1914
1897
1906
1901
1913
1892
1895
1892
1882
1873
1912
1916
1920
1904
1890
1917
1893
1902
1909
1904
1913
1900
1904
1892
1911
1898
1894
1902
1899
1912
1909
1897
1906
1912
1897
1911
1899
1904
1901
1898
1887
1903
1911
1896
1908
1896
1904
1906
1904
1907
1904
1915
1895
1900
1901
1901
1915
1893
1896
1884
1913
1893
1910
