1896
1901
1938
1903
1934
1873
1890
1906
1905
1934
1938
1902
1916
1919
1926
1922
1924
1909
1917
1890
1885
1920
1924
1888
1923
1927
1912
1914
1937
1902
1927
1879
1914
1921
1879
1892
1887
1928
1890
1923
1875
1883
1893
1906
1936
1934
1938
1905
1895
1922
1924
1894
1902
1913
1909
1881
1911
1916
1883
1914
1922
1872
1928
1920
1924
1886
1928
1896
1924
1896
1916
1911
1878
1923
1928
1903
1903
1926
1895
1936
1904
1916
1883
1922
1877
1910
1874
1924
1922
1910
1888
1909
1903
1905
1932
1943
1926
1897
1900
1920
1878
1886
1892
1871
1919
1917
1886
1922
1890
1880
1940
1910
1897
1915
1917
1909
1876
1887
1923
1885
1928
1894
1924
1894
1922
1930
1906
1930
1936
1933
1905
1911
1882
1884
1920
1889
1920
1890
1912
1911
1886
1904
1936
1932
1909
1930
1898
1929
1885
1935
1921
1912
1938
1923
1899
1898
1913
1908
1887
1910
1906
1886
1918
1916
1906
1912
1919
1923
1926
1926
1898
1897
1934
1902
1872
1913
1895
1882
1881
1918
1924
1889
1915
1907
1938
1895
1934
1903
1910
1930
1924
1904
1900
1910
1914
1918
1889
1898
1918
1926
1916
1937
1908
1899
1904
1916
1912
1914
1882
1921
1884
1893
1911
1930
1898
1930
1927
1906
1939
1911
1913
1905
1919
1923
1923
1891
1864
1901
1929
1905
1865
1864
1929
1907
1930
1933
1920
1887
1900
1922
1902
1891
1890
1922
1925
1887
1901
1924
1929
1925
1916
1910
1931
1872
1872
1911
1939
