1915
1914
1910
1900
1924
1928
1927
1901
1931
1898
1894
1922
1933
1936
1904
1907
1930
1927
1862
1932
1915
1928
1887
1923
1925
1915
1920
1921
1917
1888
1915
1927
1909
1909
1935
1905
1930
1895
1912
1916
1924
1924
1926
1884
1884
1892
1892
1897
1905
1933
1921
1912
1924
1919
1930
1911
1924
1926
1926
1909
1900
1931
1888
1886
1891
1897
1894
1930
1928
1935
1902
1917
1923
1919
1922
1891
1924
1919
1907
1907
1937
1902
1924
1893
1891
1917
1929
1921
1900
1906
1915
1887
1925
1923
1901
1878
1907
1878
1911
1906
1892
1924
1917
1914
1923
1910
1927
1911
1904
1925
1899
1908
1906
1910
1917
1878
1924
1894
1925
1917
1881
1885
1882
1903
1937
1936
1859
1899
1888
1925
1890
1929
1882
1890
1899
1893
1925
1926
1894
1867
1872
1925
1929
1905
1899
1928
1892
1865
1908
1924
1898
1896
1925
1887
1895
1933
1909
1910
1924
1867
1887
1900
1917
1883
1901
1916
1912
1886
1889
1886
1885
1888
1885
