1900
1900
1904
1904
1940
1940
1907
1907
1904
1904
1910
1910
1935
1935
1885
1885
1939
1939
1933
1933
1914
1914
1936
1936
1876
1876
1914
1914
1880
1880
1912
1912
1884
1884
1922
1922
1937
1937
1899
1899
1891
1891
1910
1910
1917
1917
1918
1918
1928
1928
1913
1913
1898
1898
1898
1898
1926
1926
1924
1924
1878
1878
1922
1922
1916
1916
1914
1914
1912
1912
1913
1913
1927
1927
1892
1892
1925
1925
1921
1921
1912
1912
1900
1900
1909
1909
1934
1934
1911
1911
1915
1915
1919
1919
1882
1882
1882
1882
1928
1928
1914
1914
1924
1924
1933
1933
1926
1926
1870
1870
1895
1895
1918
1918
1899
1899
1877
1877
1881
1881
1918
1918
1886
1886
1919
1919
1923
1923
1916
1900
1916
1900
1886
1886
1922
1922
1927
1927
1921
1921
1900
1900
1912
1912
1914
1914
1882
1882
1912
1912
1891
1891
1893
1893
1918
1918
1923
1923
1905
1905
1936
1936
1905
1905
1900
1900
1898
1898
1902
1902
1902
1902
1933
1933
1929
1929
1901
1901
1929
1929
1912
1912
1916
1916
1921
1921
1915
1915
1880
1880
1890
1890
1921
1921
1924
1924
1939
1939
1902
1902
1907
1907
1933
1933
1907
1907
1904
1904
1902
1902
1893
1893
1928
1928
1934
1934
1911
1911
1937
1934
1937
1934
1939
1939
1898
1898
1903
1903
1909
1909
1874
1874
1928
1928
1900
1900
1931
1931
1924
1924
1868
1868
1925
1925
1889
1889
1886
1886
1922
1922
1884
1884
1919
1919
1914
1914
1926
1926
1928
1928
1929
1929
1916
1916
1924
1924
1915
1915
1918
1918
1888
1888
1922
1922
1900
1900
1900
1900
1906
1906
1905
1905
1931
1931
1936
1936
1903
1903
1915
1915
1928
1928
1893
1893
1922
1922
1931
1931
1929
1929
1904
1904
1927
1927
1903
1903
1932
1932
1904
1904
1921
1921
1912
1912
1931
1931
1899
1899
1937
1937
1901
1901
1911
1911
1920
1920
1911
1911
1869
1869
1895
1895
1921
1921
1902
1902
1880
1880
1918
1918
1931
1931
1902
1902
1900
1900
1888
1888
1919
1919
1917
1917
1923
1923
1884
1884
1925
1925
1903
1903
1937
1937
1904
1904
1938
1938
1910
1910
1903
1903
1895
1895
1891
1891
1880
1880
1915
1915
1917
1917
1913
1913
1872
1872
1919
1919
1887
1887
1923
1923
1925
1925
1919
1919
1925
1925
1918
1918
1889
1889
1923
1923
1894
1894
1914
1914
1924
1924
1886
1886
1901
1901
1910
1910
1913
1913
1920
1920
1891
1891
1935
1935
1927
1927
1923
1923
1923
1923
1898
1898
1922
1922
1928
1928
1925
1925
1941
1941
1900
1900
1929
1929
1886
1886
1924
1924
1922
1922
1892
1892
1921
1921
1908
1908
1900
1900
1930
1930
1900
1900
1898
1898
1895
1895
1924
1924
1893
1893
1930
1930
1894
1894
1912
1912
1881
1881
1922
1922
1935
1935
1937
1937
1903
1903
1939
1939
1925
1925
1877
1877
1940
1940
1900
1900
1880
1880
1904
1904
1931
1931
1922
1922
1894
1894
1924
1924
1896
1896
1933
1933
1927
1927
1891
1891
1926
1926
1924
1924
1936
1936
1930
1930
1883
1883
1934
1934
1895
1895
1921
1921
1926
1926
1890
1890
1894
1894
1891
1891
1895
1895
1895
1895
1922
1922
1924
1924
1914
1914
1926
1926
1921
1921
1886
1886
1884
1884
1923
1923
