1875
1871
1898
1901
1905
1934
1929
1925
1908
1875
1878
1883
1880
1940
1913
1867
1874
1909
1924
1901
1890
1910
1902
1929
1927
1933
1902
1875
1909
1908
1914
1934
1896
1910
1912
1914
1912
1911
1908
1908
1934
1908
1858
1934
1928
1922
1898
1924
1924
1894
1910
1870
1926
1912
1880
1913
1873
1916
1916
1914
1918
1910
1869
1872
1920
1890
1932
1929
1928
1926
1929
1901
1914
1924
1891
1886
1926
1917
1923
1920
1880
1881
1928
1904
1903
1884
1882
1920
1909
1930
1905
1880
1893
1932
1907
1909
1913
1937
1909
1895
1906
1911
1925
