1904
1904
1900
1900
1906
1906
1907
1907
1865
1865
1886
1886
1925
1925
1883
1883
1869
1869
1927
1927
1925
1925
1927
1927
1909
1909
1905
1905
1905
1905
1879
1879
1914
1914
1925
1925
1870
1870
1935
1935
1925
1925
1925
1925
1906
1906
1902
1902
1910
1910
1928
1928
1900
1900
1938
1938
1929
1929
1928
1928
1897
1897
1926
1926
1899
1899
1912
1912
1882
1882
1882
1882
1925
1925
1917
1917
1922
1922
1902
1902
1904
1904
1907
1907
1928
1928
1925
1925
1891
1891
1923
1923
1891
1891
1919
1919
1909
1909
1900
1900
1911
1911
1931
1931
1925
1925
1886
1886
1922
1922
1908
1908
1911
1911
1901
1901
1901
1901
1922
1922
1912
1912
1935
1935
1911
1911
1935
1935
1905
1905
1908
1908
1908
1908
1911
1911
1909
1909
1925
1925
1936
1936
1905
1905
1935
1935
1899
1899
1875
1875
1932
1932
1935
1935
1915
1915
1932
1932
1901
1901
1931
1931
1904
1904
1928
1928
1918
1918
1881
1881
1868
1868
1911
1911
1917
1917
1909
1909
1928
1928
1917
1917
1922
1922
1922
1922
1895
1895
1893
1893
1923
1923
1929
1929
1907
1907
1910
1910
1893
1893
1895
1895
1925
1925
1926
1926
1929
1929
1931
1931
1904
1904
1906
1906
1933
1933
1913
1913
1900
1900
1908
1908
1888
1888
1923
1923
1922
1922
1926
1926
1880
1880
1880
1880
1937
1937
1940
1940
1908
1908
1899
1899
1934
1934
1906
1906
1908
1908
1912
1912
1910
1910
1912
1912
1884
1884
1912
1912
1914
1914
1904
1904
1932
1932
1904
1904
1932
1932
1904
1904
1921
1921
1920
1920
1929
1929
1932
1932
1898
1898
1933
1933
1874
1874
1917
1917
1927
1927
1909
1909
1913
1913
1939
1939
1913
1913
1892
1892
1923
1923
1911
1911
1908
1908
1871
1871
1928
1928
1907
1907
1936
1936
1930
1930
1903
1903
1935
1935
1933
1933
1932
1932
1927
1927
1934
1934
1936
1936
1906
1906
1931
1931
1930
1930
1906
1906
1920
1920
1929
1929
1931
1931
1926
1926
1862
1862
1899
1899
1915
1915
1913
1913
1885
1885
1915
1915
1923
1923
1927
1927
1925
1925
1897
1897
1906
1906
1922
1922
1886
1886
1905
1905
1884
1884
1885
1885
1934
1934
1883
1883
1912
1912
1909
1909
1937
1937
1912
1912
1912
1912
1918
1918
1915
1915
1925
1925
1899
1899
1895
1895
1928
1928
1922
1922
1891
1891
1921
1921
1929
1929
1894
1894
1927
1927
1883
1883
1926
1926
1895
1895
1878
1878
1920
1920
1907
1907
1931
1931
1929
1929
1909
1909
1931
1931
1902
1902
1900
1900
1932
1932
1907
1907
1935
1935
1866
1866
1882
1882
1925
1925
1906
1906
1932
1932
1903
1903
1931
1931
1940
1940
1922
1922
1886
1886
1882
1882
1909
1909
1941
1941
1909
1909
1930
1930
1930
1930
1925
1925
1926
1926
1928
1928
1895
1895
1934
1934
1937
1937
1912
1912
1925
1925
1924
1924
1929
1929
1896
1896
1924
1924
1904
1904
1923
1923
1902
1902
1919
1919
1924
1924
1890
1890
1908
1908
1936
1936
1939
1939
1908
1908
1934
1934
1926
1926
1883
1883
1919
1919
1911
1911
1916
1916
1917
1917
1903
1903
1905
1905
1937
1937
1908
1908
1907
1907
1931
1931
1902
1902
1923
1923
1926
1926
1908
1908
1889
1889
1900
1900
1908
1908
1906
1906
1920
1920
1871
1871
1891
1891
1923
1923
1903
1903
1924
1924
1900
1900
1932
1932
1930
1930
1933
1933
1892
1892
1924
1924
1876
1876
1897
1897
1901
1901
1927
1927
