1938
1938
1911
1911
1937
1937
1908
1908
1933
1933
1895
1895
1929
1929
1925
1925
1930
1930
1898
1898
1922
1922
1927
1927
1865
1865
1910
1910
1907
1907
1878
1878
1872
1872
1908
1908
1920
1920
1932
1932
1934
1934
1908
1908
1935
1935
1907
1907
1932
1932
1904
1904
1907
1907
1898
1898
1906
1906
1902
1902
1939
1939
1919
1919
1876
1876
1885
1885
1937
1937
1934
1934
1935
1935
1912
1912
1938
1938
1933
1933
1910
1910
1916
1916
1885
1885
1924
1924
1875
1875
1873
1873
1916
1916
1888
1888
1875
1875
1909
1909
1875
1875
1907
1907
1879
1879
1915
1915
1913
1913
1909
1909
1902
1902
1937
1937
1910
1910
1886
1886
1929
1929
1885
1885
1924
1924
1922
1922
1908
1908
1918
1918
1896
1896
1912
1912
1934
1934
1937
1937
1910
1910
1890
1890
1925
1925
1926
1926
1896
1896
1926
1926
1897
1897
1929
1929
1931
1931
1896
1896
