1916
1912
1907
1920
1910
1914
1919
1912
1910
1914
1919
1920
1903
1924
1911
1894
1921
1919
1906
1915
1893
1904
1886
1911
1914
1908
1919
1907
1895
1923
1919
1905
1908
1907
1923
1921
1919
1901
1903
1919
1915
1922
1903
1905
1917
1908
1900
1908
1914
1895
1909
1919
1917
1895
1887
1904
1923
1923
1916
1920
1921
1906
1911
1917
1896
1897
1913
1896
1913
1900
1922
1913
1920
1906
1913
1897
1919
1891
1918
1919
1914
1908
1920
1913
1917
1910
1897
1912
1922
1904
1913
1916
1892
1905
1909
1883
1914
1909
1881
1913
1911
1888
1913
1917
1914
1915
1911
1899
1905
1911
1905
1907
1921
1889
1904
1917
1897
1908
1907
1906
1896
1919
1911
1913
1915
1892
1918
1914
1917
1914
1922
1897
1904
1919
1916
1899
1919
1909
1911
1907
1915
1913
1914
1910
1912
1923
1906
1913
1905
1904
1902
1911
1906
1904
1904
1906
1918
1918
1922
1913
1884
1902
1902
1905
1899
1921
1913
1920
1898
1921
1920
1895
1887
1913
1910
1890
1922
1909
1904
1911
1887
1915
1916
1901
1880
1912
1920
1902
1921
1922
1921
1914
1910
1912
1906
1905
1907
1919
1914
1921
1907
1924
1899
1914
1906
1920
1904
1904
1920
1909
1911
1901
1909
1913
1900
1912
1921
1920
1919
1920
1923
1920
1914
1910
1901
1917
1888
1916
1917
1888
1878
1910
1900
1913
1910
1900
1903
1917
1899
1888
1919
1921
1921
1922
1900
1919
1895
1915
1904
1920
1915
1922
1890
1896
1897
1908
1897
1889
1921
1892
1914
1907
1912
1921
1912
1911
1905
1911
1903
1903
1919
1918
1902
1922
1917
1919
1924
1920
1896
1899
1912
1900
1914
1911
1901
1921
1905
1890
1911
1895
1913
1915
1887
1917
1918
1903
1915
1911
1914
1889
1918
1921
1921
1906
1899
1902
1904
1920
1899
1909
1909
1920
1917
1921
1911
1922
1911
1917
1900
1905
1902
1921
1924
1914
1913
1906
1912
1914
1897
1921
1921
1904
1907
1900
1921
1922
1920
1878
1911
1922
1907
1902
1913
1903
1914
1921
1900
1898
1914
1899
1912
1923
1890
1919
1910
1915
1922
1918
1890
1917
1907
1920
1910
1922
1878
1894
1884
1914
1920
1919
1909
1901
1888
1904
1921
1900
1900
1909
1910
1903
1920
1896
1921
1921
1918
1920
1900
1908
1888
1883
1900
1894
1915
1921
1923
1916
1891
1909
1906
1909
1907
1894
1914
1919
1917
1921
1906
1902
1893
1922
