1913
1903
1896
1896
1896
1908
1883
1875
1922
1921
1923
1922
1916
1909
1917
1911
1901
1903
1900
1924
1922
1913
1905
1921
1899
1899
1892
1910
1890
1918
1918
1918
1918
1913
1908
1912
1919
1921
1913
1918
1901
1901
1901
1895
1903
1903
1903
1912
1917
1892
1894
1901
1910
1898
1898
1898
1898
1898
1906
1893
1893
1893
1910
1910
1910
1910
1910
1910
1919
1899
1922
1904
1904
1898
1896
1913
1905
1894
1922
1910
1912
1902
1902
1902
1902
1902
1902
1902
1910
1910
1909
1909
1910
1909
1909
1904
1904
1904
1904
1907
1926
1904
1909
1895
1923
1903
1912
1916
1908
1920
1914
1909
1897
1921
1904
1906
1906
1906
1912
1918
1927
1926
1908
1909
1922
1920
1905
1915
1921
1909
1879
1912
1892
1907
1907
1901
1923
1912
1897
1925
1926
1907
1912
1910
1913
1916
1898
1915
1917
1925
1909
1914
1900
1926
1917
1914
1921
1912
1912
1923
1873
1911
1891
1921
1904
1910
1919
1907
1910
1915
1928
1899
1917
1919
1919
1919
1919
1919
1919
1919
1907
1913
1904
1904
1904
1904
1904
1920
1911
1908
1908
1908
1911
1906
1904
1895
1917
1894
1894
1893
1896
1896
1896
1896
1915
1909
1904
