1908
1906
1932
1939
1907
1934
1882
1916
1890
1921
1923
1927
1930
1865
1890
1925
1906
1937
1932
1899
1920
1924
1897
1926
1894
1928
1900
1873
1884
1863
1898
1926
1930
1928
1905
1932
1909
1931
1900
1901
1928
1879
1913
1917
1912
1924
1880
1913
1880
1905
1908
1940
1869
1869
1917
1884
1893
1923
1889
1897
1910
1865
1900
1928
1930
1926
1898
1925
1934
1930
1928
1900
1900
1937
1936
1905
1932
1901
1939
1881
1920
1925
1882
1903
1878
1907
1898
1928
1922
1935
1890
1873
1924
1897
1876
1905
1895
1905
1902
1931
1924
1900
1926
1894
1894
1900
1930
1920
1935
1892
1898
