1917
1919
1886
1914
1919
1939
1910
1915
1919
1915
1915
1916
1916
1911
1914
1913
1918
1911
1913
1917
1908
1911
1913
1917
1914
1911
1915
1912
1921
1915
1913
1918
1916
1918
1912
1917
1914
1914
1913
1920
1920
1913
1911
1915
1914
1908
1909
1915
1906
1914
1914
1914
1915
1920
1921
1903
1912
1916
1912
1920
1920
1912
1916
1919
1919
1914
1911
1919
1917
1911
1904
1910
1903
1915
1911
1915
1912
1914
1919
1914
1907
1916
1916
1917
1909
1918
1922
1918
1919
1915
1910
1907
1913
1914
1912
1917
1896
1914
1919
1918
1920
1917
1918
1916
1910
1933
1910
1916
1910
1917
1920
1919
1918
1918
1916
1917
1913
1915
1919
1908
1892
1919
1918
1910
1914
1916
1905
1916
1911
1908
1919
1908
1917
1919
1939
1915
1910
1914
1916
1914
1907
1913
1918
1912
1916
1910
1920
1912
1908
1912
1916
1916
1899
1895
1912
1907
1918
1916
1918
1908
1908
1915
1915
1919
1905
1914
1914
1914
1908
1913
1910
1916
1914
1909
1904
1919
1919
1911
1918
1910
1920
1916
1911
1914
1914
1914
1905
1914
1906
1916
1913
1916
1908
1914
1915
1909
1922
1913
1907
1914
1917
1939
1910
1911
1912
1909
1918
1916
1922
1915
1919
1917
1917
1903
1913
1911
1903
1911
1909
1917
1919
1912
1917
1912
1920
1913
1915
1912
1904
1918
1916
1917
1919
1908
1913
1915
1909
1912
1914
1919
1915
1920
1913
1910
1914
1916
1913
1913
