1938
1897
1902
1923
1913
1919
1884
1928
1928
1925
1917
1916
1902
1902
1907
1907
1904
1893
1893
1924
1893
1892
1892
1918
1912
1906
1911
1911
1911
1917
1917
1912
1939
1930
1888
1929
1895
1925
1910
1905
1907
1932
1932
1907
1908
1922
1878
1878
1880
1880
1930
1899
1920
1920
1913
1913
1915
1915
1908
1900
1900
1936
1915
1915
1897
1913
1886
1896
1924
1909
1910
1893
1893
1856
1856
1893
1925
1863
1917
1889
1923
1885
1893
1913
1911
1883
1883
1883
1879
1934
1893
1929
1934
1882
1907
1911
1876
1920
1924
1924
1940
1940
1916
1915
1915
1894
1922
1901
1925
1922
1918
1908
1902
1925
1928
1927
1939
1911
1909
1935
1937
1913
1909
1935
1906
1937
1933
1914
1909
1910
1916
1911
1911
1915
1921
1889
1889
1909
1911
1903
1897
1933
1909
1918
1918
1923
1891
1891
1896
1896
1920
1920
1904
1921
1896
1937
1903
1914
1905
1933
1860
1924
1920
1916
1916
1915
1915
1915
1915
1915
1897
1897
1930
1895
1896
1898
1861
1898
1920
1906
1910
1888
1888
1924
1919
1919
1908
1908
1883
1911
1914
1902
1916
1895
1907
1904
1906
1938
1938
1907
1933
1935
1897
1927
1897
1923
1925
1916
1921
1883
1893
1912
1926
1886
1908
1872
1918
1911
1874
1871
1911
1895
1871
1911
1903
1931
1895
1922
1930
1893
1898
1922
1930
1893
1898
1904
1910
1906
1932
1926
1900
1929
1870
1878
1879
1878
1911
1934
1929
1912
1926
1892
1921
1887
1911
1921
1915
1881
1881
1924
1924
1917
1909
1909
1917
1866
1887
1887
1928
1928
1890
1890
1923
1923
1923
1908
1908
1879
1919
1922
1890
1896
1904
1934
1932
1937
1929
1930
1906
1906
1911
1885
1908
1909
1939
1910
1881
1915
1911
1870
1907
1909
1905
1916
1909
1909
1909
1909
1895
1928
1933
1904
1936
1931
1903
1903
1925
1925
1927
1894
1922
1916
1892
1910
1917
1927
1925
1927
1894
1892
1922
1916
1922
1912
1929
1925
1927
1884
1892
1922
1916
1938
1938
1910
1910
1910
1910
1921
1911
1907
1906
1882
1875
1926
1926
1926
1919
1919
1903
1919
1920
1915
1911
1917
1883
1909
1909
1907
1911
1927
1897
1897
1909
1914
1882
1901
1901
1931
1908
1910
1921
1939
1913
1910
1937
1913
1912
1921
1914
1930
1899
1902
1907
1931
1892
1911
1911
1916
1911
1896
1896
1898
1880
1904
1904
1910
1908
1893
1909
1909
1888
1922
1922
1924
1924
1896
1920
1920
1888
1896
1896
1927
1909
1916
1912
1918
1914
1923
1880
1906
1906
1906
1880
1916
1877
1915
1914
1923
1917
1893
1879
1937
1919
1919
1884
1884
1939
1937
1915
1915
1916
1916
1915
1911
1911
1912
1912
1886
1923
1923
1911
1914
1884
1915
1911
1861
1870
1892
1900
1911
1902
1909
1909
1882
1924
1924
1907
1910
1922
1929
1887
1883
1930
1924
1915
1919
1926
1926
1896
1896
1922
1922
1908
1908
1920
1920
1921
1921
1891
1891
1918
1893
1923
1914
1896
1932
1932
1891
1910
1876
1905
1866
1914
1870
1869
1908
1931
1929
1934
1903
1905
1906
1869
1895
1910
1914
1874
1916
1880
1880
1937
1939
1932
1934
1934
1939
1930
1907
1907
1937
1904
1902
1919
1898
1898
1898
1924
1924
1924
1927
1927
1924
1913
1928
1928
1928
1901
1939
1901
1901
1904
1876
1894
1928
1928
1920
1899
1920
1891
1926
1904
1918
1914
1911
1909
1918
1908
1908
1928
1931
1898
1924
1907
1882
1902
1932
1906
1903
1912
1887
1940
1919
1883
1917
1926
1905
1935
1939
1935
1909
1909
1939
1907
1927
1894
1916
1896
1896
1910
1910
1909
1909
1908
1910
1907
1906
1934
1923
1925
1910
1934
1880
1921
1928
1892
1923
1924
1923
1925
1923
1899
1910
1910
1914
1888
1905
1902
1927
1934
1907
1907
1939
1934
1939
1910
1910
1897
1897
1897
1924
1898
1898
1898
1858
1906
1906
1906
1927
1927
1935
1935
1935
1930
1930
1886
1930
1909
1909
1895
1902
1906
1883
1882
1923
1912
1883
1882
1923
1912
1905
1905
1938
1938
1908
1901
1901
1933
1936
1901
1901
1914
1914
1903
1903
1936
1915
1915
1872
1881
1909
1913
1880
1880
1927
1927
1907
1936
1880
1922
1922
1901
1901
1896
1884
1924
1872
1872
1939
1867
1854
1904
1904
1869
1908
1917
1913
1934
1944
1936
1938
1905
1931
1862
1901
1863
1896
1896
1853
1853
1886
1909
1909
1939
1939
1926
1909
1913
1913
1866
1866
1910
1910
1874
1915
1881
1895
1926
1925
1863
1919
1884
1883
1911
1920
1913
1872
1908
1928
1886
1923
1923
1859
1913
1913
1909
1901
1872
1872
1864
1864
1892
1886
1928
1923
1863
1937
1901
1904
1907
1909
1899
1935
1937
1931
1901
1915
1884
1905
1910
1912
1875
1898
1926
1910
1913
1875
1877
1885
1912
1930
1930
1911
1913
1913
1899
1926
1926
1899
1899
1915
1915
1915
1899
1911
1902
1907
1907
1904
1872
1872
1872
1900
1895
1913
1899
1902
1902
1924
1922
1893
1878
1905
1905
1883
1919
1931
1907
1901
1935
1912
1910
1895
1902
1931
1902
1917
1928
1920
1919
1908
1908
1890
1917
1878
1906
1903
1914
1910
1907
1907
1874
1915
1931
1931
1904
1874
1907
1922
1920
1919
1927
1931
1858
1916
1916
1914
1921
1913
1913
1880
1916
1916
1917
1914
1914
1880
1904
1887
1907
1929
1880
1923
1917
1879
1905
1920
1880
1880
1880
1925
1925
1925
1926
1912
1929
1924
1922
1914
1892
1910
1890
1915
1910
1910
1937
1937
1905
1905
1932
1932
1891
1909
1891
1881
1881
1891
1902
1911
1920
1920
1892
1890
1914
1914
1890
1926
1899
1923
1919
1909
1895
1904
1877
1920
1920
1931
1908
1910
1922
1917
1906
1925
1923
1923
1915
1915
1929
1929
1895
1911
1911
1919
1925
1925
1893
1918
1883
1880
1919
1922
1922
1924
1922
1910
1910
1927
1897
1896
1890
1895
1916
1921
1918
1933
1919
1902
1877
1912
1897
1932
1911
1912
1901
1929
1927
1882
1882
1919
1924
1910
1910
1941
1919
1919
1919
1912
1912
1912
1914
1914
1914
1899
1910
1882
1880
1884
1884
1882
1926
1926
