1926
1903
1902
1925
1924
1903
1932
1904
1927
1930
1928
1903
1934
1907
1907
1909
1913
1904
1933
1940
1912
1915
1917
1913
1928
1926
1923
1917
1911
1916
1920
1888
1910
1907
1914
1935
1907
1933
1908
1895
1927
1895
1926
1890
1909
1909
1926
1927
1922
1911
1920
1918
1918
1889
1942
1883
1944
1944
1911
1911
1936
1932
1921
1925
1907
1906
1911
1944
1937
1905
1925
1929
1897
1926
1924
1937
1920
1892
1894
1908
1887
1913
1923
1884
1886
1910
1929
1907
1908
1924
1918
1892
1943
1911
1911
1904
1920
1932
1909
1906
1905
1919
1918
1926
1928
1887
1894
1925
1931
1906
1933
1904
1912
1941
1911
1909
1890
1922
1892
1926
1926
1921
1935
1902
1928
1920
1927
1926
1917
1920
1916
1928
1923
1900
1923
1915
1920
1929
1926
