1934
1934
1927
1927
1934
1934
1913
1913
1913
1913
1938
1938
1870
1870
1897
1897
1936
1936
1902
1902
1885
1885
1905
1905
1910
1910
1941
1941
1896
1896
1905
1905
1924
1924
1892
1892
1889
1889
1930
1930
1915
1915
1885
1885
1875
1875
1886
1886
1918
1918
1928
1928
1930
1930
1909
1909
1924
1924
1891
1891
1927
1927
1889
1889
1925
1925
1901
1901
1921
1921
1894
1894
1924
1924
1928
1928
1900
1900
1911
1911
1902
1902
1937
1937
1897
1897
1919
1919
1912
1912
1874
1874
1927
1927
1903
1903
1938
1938
1869
1869
1911
1911
1925
1925
1920
1920
1929
1929
1893
1893
1892
1892
1922
1922
1904
1904
1923
1923
1923
1923
1939
1939
1914
1914
1937
1937
1908
1908
1896
1896
1926
1926
1897
1897
1873
1873
1902
1902
1891
1891
1928
1928
1925
1925
1918
1918
1907
1907
1937
1937
1934
1934
1929
1929
1927
1927
1906
1906
1932
1932
1905
1905
1939
1939
1917
1917
1911
1911
1895
1895
1920
1920
1884
1884
1894
1894
1919
1919
1935
1935
1939
1939
1908
1908
1921
1921
1907
1907
1908
1908
1922
1922
1888
1888
1894
1894
1938
1938
1931
1931
1938
1938
1906
1906
1905
1905
1936
1936
1911
1911
1928
1928
1892
1892
1933
1933
1900
1900
1921
1921
1921
1921
1936
1936
1941
1941
1887
1887
1913
1913
1921
1921
1887
1887
1918
1918
1916
1916
1918
1918
1889
1889
1922
1922
1910
1910
1923
1923
1913
1913
1909
1909
1914
1914
1906
1906
1935
1935
1905
1905
1903
1903
1921
1921
1907
1907
1906
1906
1900
1900
1906
1906
1938
1938
1906
1906
1924
1924
1895
1895
1889
1889
1900
1900
1940
1940
1919
1919
1916
1916
1885
1885
1909
1909
1910
1910
1876
1876
1927
1927
1899
1899
1874
1874
1930
1930
1936
1936
1899
1899
1911
1911
1940
1940
1905
1905
1918
1918
1897
1897
1923
1923
1927
1927
1927
1927
1924
1924
1900
1900
1923
1923
1897
1897
1923
1923
1923
1923
1928
1928
1928
1928
1941
1941
1925
1925
1933
1933
1911
1911
1911
1911
1922
1922
1940
1940
1913
1913
1942
1942
1915
1915
1916
1916
1900
1900
1922
1922
1929
1929
1924
1924
1923
1923
1925
1925
1923
1923
1899
1899
1919
1919
1912
1912
1941
1941
1923
1923
1927
1927
1889
1889
1929
1929
1875
1875
1919
1919
1931
1931
1867
1867
1892
1892
1894
1894
1932
1932
1922
1922
1919
1919
1925
1925
1904
1904
1902
1902
1937
1937
1927
1927
1925
1925
1901
1901
1926
1926
1929
1929
1928
1928
1893
1893
1923
1923
1902
1902
1902
1902
1925
1925
1912
1912
1923
1923
1918
1918
1913
1913
1913
1913
1918
1918
1928
1928
1901
1901
1895
1895
1885
1885
1924
1924
1928
1928
1930
1930
1906
1906
1907
1907
1931
1931
1934
1934
1895
1895
1924
1924
1926
1926
1899
1899
1931
1931
1928
1928
1895
1895
1913
1913
1923
1923
1869
1869
1908
1908
1941
1941
1928
1928
1929
1929
1897
1897
1900
1900
1913
1913
1911
1911
1882
1882
1939
1939
1899
1899
1932
1932
1927
1927
1935
1935
1924
1924
1932
1932
1900
1900
1900
1900
1935
1935
1896
1896
1912
1912
1905
1905
1934
1934
1884
1884
1920
1920
1917
1917
1907
1907
1903
1903
1934
1934
1915
1915
1940
1940
1913
1913
1936
1936
1901
1901
1900
1900
1879
1879
1929
1929
1929
1929
1909
1909
1931
1931
1905
1905
1927
1927
1916
1916
1891
1891
1875
1875
1887
1887
1915
1915
1936
1936
1910
1910
1939
1939
1904
1904
