1917
1910
1885
1927
1898
1898
1888
1916
1920
1913
1885
1901
1913
1906
1874
1914
1938
1927
1906
1907
1936
1904
1907
1929
1927
1916
1873
1873
1905
1918
1892
1909
1907
1913
1926
1925
1922
1930
1923
1933
1897
1927
1940
1905
1926
1929
1905
1927
1883
1870
1917
1917
1869
1893
1893
1894
1863
1911
1934
1908
1878
1876
1928
1895
1926
1895
1881
1894
1893
1885
1882
1932
1920
1916
1923
1889
1918
1927
1893
1931
1898
1927
1909
1930
1933
1911
1932
1923
1893
1900
1926
1920
1917
1907
1938
1913
1903
1913
1900
1928
1911
1905
1886
1925
1941
1921
1922
1893
1892
1900
1930
1919
1943
1924
1914
1908
1904
1935
1914
1922
1922
1892
1889
1893
1924
1926
1889
1928
1917
1924
1936
1906
1937
1913
1921
1933
1886
1920
1924
1924
1934
1907
1909
1937
1906
1912
1938
1911
1937
1929
1909
1895
1915
1924
1878
1917
1910
1876
1936
1897
1925
1907
1938
1913
1914
1900
1922
1924
1921
1927
1891
1932
1927
1899
1912
1910
1904
1930
1910
1939
1874
1906
1910
1939
1886
1914
1898
1929
1887
1917
1884
1905
1892
1879
1890
1886
1911
1942
1902
1902
1923
1915
1924
1915
1926
1941
1901
1918
1877
1865
1912
1921
1937
1880
1935
1918
1926
1919
1921
1923
1917
1888
1873
1894
1924
1920
1914
1923
1879
1924
1883
1912
