1881
1881
1881
1881
1913
1913
1913
1913
1919
1919
1875
1875
1923
1923
1927
1927
1923
1923
1917
1917
1920
1920
1920
1920
1921
1921
1921
1921
1905
1905
1905
1905
1898
1898
1898
1898
1925
1925
1925
1925
1930
1930
1909
1909
1902
1902
1910
1910
1908
1908
1908
1908
1913
1913
1913
1913
1919
1919
1919
1919
1910
1910
1896
1896
1896
1896
1914
1914
1914
1914
1907
1907
1907
1907
1903
1903
1903
1903
1923
1923
1923
1923
1933
1933
1933
1933
1896
1896
1896
1896
1930
1930
1930
1930
1928
1928
1928
1928
1925
1925
1925
1925
1935
1935
1916
1916
1897
1897
1902
1902
1925
1925
1934
1934
1897
1897
1902
1902
1925
1925
1934
1934
1924
1924
1924
1924
1923
1923
1923
1923
1895
1895
1895
1895
1914
1914
1917
1917
1887
1887
1887
1887
1924
1924
1924
1924
1902
1902
1902
1902
1931
1931
1922
1922
1919
1919
1924
1924
1924
1924
1908
1908
1908
1908
1908
1908
1908
1908
1880
1880
1910
1910
1920
1920
1898
1898
1898
1898
1928
1928
1928
1928
1930
1930
1930
1930
1900
1900
1900
1900
1902
1902
1902
1902
1928
1928
1928
1928
1928
1928
1928
1928
1933
1933
1902
1902
1902
1902
1899
1899
1901
1901
1901
1901
1899
1899
1883
1883
1883
1883
1907
1907
1939
1939
1939
1939
1910
1910
1910
1910
1911
1911
1922
1922
1887
1887
1915
1915
1911
1911
1922
1922
1887
1887
1915
1915
1885
1885
1885
1885
1913
1913
1913
1913
1922
1922
1922
1922
1924
1924
1924
1924
1918
1918
1918
1918
1918
1918
1918
1918
1879
1879
1927
1927
1927
1927
1916
1916
1919
1919
1928
1928
1925
1925
1891
1891
1891
1891
1925
1925
1941
1941
1908
1908
1904
1904
1939
1939
1901
1901
1903
1903
1936
1936
1904
1904
1938
1938
1938
1938
1925
1925
1925
1925
1921
1921
1921
1921
1918
1918
1918
1918
1916
1916
1916
1916
1939
1939
1904
1904
1943
1943
1943
1943
1908
1908
1935
1935
1910
1910
1910
1910
1933
1933
1933
1933
1938
1938
1938
1938
1908
1908
1908
1908
1905
1905
1905
1905
1905
1905
1905
1905
1930
1930
1909
1909
1909
1909
1926
1926
1926
1926
1923
1923
1923
1923
1905
1905
1905
1905
1912
1912
1912
1912
1930
1930
1930
1930
1908
1908
1939
1939
1923
1923
1923
1923
1909
1909
1924
1924
1924
1924
1924
1924
1920
1920
1920
1920
1927
1927
1928
1928
1928
1928
1913
1913
1913
1913
1902
1902
1902
1902
1893
1893
1893
1893
1924
1924
1924
1924
1910
1910
1910
1910
1906
1906
1906
1906
1898
1898
1928
1928
1914
1914
1883
1883
1930
1930
1930
1930
1933
1933
1933
1933
1937
1937
1937
1937
1904
1904
1904
1904
1932
1932
1932
1932
1912
1912
1912
1912
1919
1919
1919
1919
1913
1913
1904
1904
1904
1904
1914
1914
1912
1912
1890
1890
1918
1918
1925
1925
1918
1918
1925
1925
1902
1902
1917
1914
1914
1914
1914
1917
1914
1914
1889
1889
1921
1921
1919
1919
1902
1902
1902
1902
1932
1932
1937
1937
1908
1908
1909
1909
1913
1913
1920
1920
1920
1920
1893
1893
1893
1893
1887
1887
1887
1887
1926
1926
1926
1926
1926
1926
1926
1926
1922
1922
1922
1922
1910
1910
1914
1914
1912
1912
1902
1902
1934
1934
1909
1909
1906
1906
1940
1940
1918
1918
1912
1912
1910
1910
1910
1910
1904
1904
1930
1930
1930
1930
1904
1904
