1940
1936
1928
1903
1894
1907
1908
1903
1931
1899
1900
1925
1929
1887
1931
1906
1866
1917
1937
1911
1905
1871
1938
1911
1879
1890
1908
1916
1932
1906
1911
1872
1907
1911
1919
1938
1908
1942
1868
1912
1920
1884
1871
1875
1918
1902
1904
1911
1868
1915
1914
1880
1920
1892
1886
1925
1912
1896
1900
1935
1925
1928
1873
1878
1901
1917
1919
1915
1902
1930
1925
1906
1897
1904
1922
1886
1879
1903
1896
1916
1900
1874
1865
1905
1885
1923
1926
1918
1921
1937
1911
1938
1911
1912
1911
1940
1913
1925
1925
1896
1896
1915
1874
1874
1930
1898
1902
1903
1937
1910
1916
1887
1888
1919
1924
1922
1874
1890
1919
1923
1925
1915
1880
1929
1930
1902
1872
1886
1882
1912
1903
1902
1939
1864
1906
1897
1930
1926
1904
1926
1924
1924
1896
1929
1894
