1891
1891
1912
1912
1912
1912
1922
1922
1896
1896
1924
1924
1917
1917
1888
1888
1879
1879
1908
1908
1872
1872
1916
1916
1888
1888
1906
1906
1923
1923
1887
1887
1906
1906
1910
1910
1907
1907
1918
1918
1884
1884
1913
1913
1917
1917
1928
1928
1882
1882
1891
1891
1896
1896
1902
1902
1928
1928
1889
1889
1914
1914
1892
1892
1918
1918
1924
1924
1924
1924
1926
1926
1922
1922
1899
1899
1909
1909
1939
1939
1916
1916
1908
1908
1912
1912
1885
1885
1925
1925
1878
1878
1936
1936
1931
1931
1904
1904
1900
1900
1926
1926
1925
1925
1925
1925
1884
1884
1932
1932
1877
1877
1906
1906
1857
1857
1890
1890
1925
1925
1885
1885
1894
1894
1912
1912
1882
1882
1918
1918
1925
1925
1883
1883
1929
1929
1906
1906
1932
1932
1904
1904
1906
1906
1900
1900
1929
1929
1927
1927
1905
1905
1921
1921
1889
1889
1897
1897
1917
1917
1887
1887
1906
1906
1906
1906
1934
1934
1906
1906
1900
1900
1934
1934
1879
1879
1930
1930
1919
1919
1899
1899
1925
1925
1930
1930
