1918
1885
1910
1929
1929
1910
1900
1904
1924
1924
1900
1935
1922
1911
1933
1907
1926
1927
1938
1929
1897
1935
1904
1909
1933
1910
1907
1910
1918
1907
1907
1906
1906
1910
1928
1925
1913
1933
1928
1921
1894
1926
1897
1923
1921
1874
1919
1910
1909
1913
1913
1924
1913
1895
1924
1912
1900
1914
1914
1923
1922
1931
1895
1895
1930
1921
1917
1890
1893
1931
1931
1909
1913
1913
1909
1903
1933
1933
1882
1882
1872
1872
1907
1907
1931
1919
1914
1890
1924
1895
1897
1924
1932
1911
1934
1926
1928
1894
1905
1923
1904
1900
1897
1901
1929
1923
1897
1897
1928
1935
1928
1935
1916
1916
1916
1928
1927
1931
1923
1898
1904
1924
1926
1904
1925
1904
1927
