1885
1878
1887
1888
1889
1884
1899
1884
1899
1887
1871
1937
1884
1881
1922
1873
1900
1873
1893
1865
1886
1896
1900
1929
1920
1925
1883
1879
1913
1887
1878
1915
1923
1887
1894
1885
1911
1876
1872
1880
1885
1893
1883
1872
1889
1895
1921
1931
1895
1886
1885
1910
1901
1891
1886
1882
1878
1901
1905
1930
1932
1900
1889
1908
1911
1915
1878
1872
1908
1875
1908
1884
1893
1885
1875
1889
1924
1899
1869
1922
1882
1879
1876
1877
1883
1879
1909
1914
1915
1916
1887
1918
1919
1901
1916
1886
1891
1889
1890
1878
1898
1874
1880
1896
1885
1868
1877
1910
1913
1881
1877
1897
1940
1907
1938
1912
1878
1907
1909
1875
1909
1880
1903
1875
1933
1877
1888
1909
1889
1877
1928
1919
1885
1901
1887
1877
1870
1881
1883
1898
1892
1873
1882
