1922
1890
1883
1912
1922
1896
1932
1910
1932
1919
1907
1908
1879
1891
1903
1905
1931
1932
1903
1913
1926
1885
1913
1935
1910
1907
1910
1912
1915
1913
1930
1907
1908
1939
1900
1896
1901
1898
1925
1930
1939
1902
1903
1910
1879
1919
1922
1882
1925
1900
1898
1930
1940
1934
1937
1932
1902
1923
1929
1924
1936
1932
1907
1932
1905
1924
1913
1916
1921
1908
1885
1884
1915
1872
1930
1892
1921
1888
1903
1906
1939
1925
1919
1902
1943
1917
1914
1884
1916
1935
1931
1937
1907
1907
1872
1916
1908
1913
1910
1873
1911
1923
1906
1920
1918
1923
1930
1891
1898
1916
1904
1895
1912
1912
1909
1895
1899
1923
1903
1929
1897
1927
1933
1895
1912
1913
1868
1904
1920
1914
1882
1914
1939
1920
1884
1853
1894
1911
1901
1905
1887
1929
1894
1904
1906
1906
1910
1896
1931
1928
1931
1902
1895
1896
1929
1924
1915
1920
1919
1900
1884
1912
1936
1911
1920
1885
1885
1900
1897
1905
1908
1903
1885
1914
1944
1899
1896
1909
1944
1911
1905
1892
1927
1890
1896
1911
1932
1933
1893
1893
1894
1880
1920
1912
1874
1873
1936
1910
1921
1931
1927
1925
1923
1931
1908
1908
1906
1920
1932
1888
1888
1918
1926
1937
1914
1911
1917
1944
1930
1936
1905
1901
1940
1929
1905
1919
1921
1905
1887
1918
1915
1918
1892
1892
1925
1924
1918
1875
1908
1904
1898
1905
1908
1905
1884
1894
1926
1923
