1915
1877
1912
1910
1936
1929
1900
1924
1900
1935
1910
1916
1880
1920
1918
1882
1925
1938
1914
1905
1922
1876
1911
1933
1901
1884
1926
1927
1938
1929
1897
1877
1896
1935
1904
1909
1883
1886
1914
1933
1910
1907
1910
1908
1876
1907
1906
1923
1905
1886
1925
1923
1921
1903
1938
1936
1891
1933
1928
1921
1894
1920
1930
1880
1925
1912
1927
1930
1896
1899
1878
1898
1874
1919
1910
1909
1913
1884
1924
1903
1903
1888
1895
1924
1912
1919
1914
1922
1931
1917
1895
1896
1895
1930
1918
1874
1921
1884
1912
1940
1912
1917
1940
1886
1921
1890
1893
1931
1909
1913
1888
1903
1933
1882
1872
1907
1931
1917
1895
1890
1927
1921
1914
1890
1925
1887
1913
1895
1897
1924
1932
1934
1911
1923
1922
1920
1939
1925
1938
1910
1904
1900
1897
1886
1925
1917
1906
1871
1923
1897
1904
1928
1935
1916
1909
1928
1927
1879
1911
1933
1931
1887
1925
1901
1929
1898
1933
1895
1927
1929
1915
1876
1927
1893
1931
1923
1904
1924
1926
1909
1925
1927
1934
1904
1931
1928
