1922
1922
1925
1929
1886
1891
1916
1923
1923
1925
1929
1904
1911
1911
1927
1927
1895
1895
1898
1928
1916
1925
1925
1900
1900
1897
1897
1914
1913
1909
1910
1912
1887
1887
1917
1917
1925
1925
1892
1892
1921
1921
1898
1923
1925
1930
1930
1925
1896
1897
1928
1916
1916
1910
1910
1924
1884
1917
1926
1923
1923
1905
1905
1915
1915
1917
1917
1907
1907
1909
1909
1920
1920
1922
1922
1922
1922
1886
1886
1926
1926
1892
1892
1930
1930
1922
1893
1927
1929
1929
1932
1932
1939
1939
1904
1904
1929
1929
1930
1930
1915
1917
1883
1883
1927
1927
1918
1918
1924
1924
1929
1929
