1930
1903
1899
1890
1905
1904
1928
1902
1883
1926
1882
1892
1886
1909
1924
1895
1910
1935
1905
1877
1904
1877
1910
1905
1912
1877
1900
1911
1910
1913
1920
1920
1893
1917
1924
1897
1925
1924
1909
1914
1937
1908
1939
1899
1914
1931
1921
1900
1925
1934
1898
1912
1924
1919
1931
1925
1929
1906
1912
1938
1927
1905
1900
1894
1888
1889
1928
1897
1923
1921
1911
1890
1936
1895
1928
1923
1918
1926
1930
1911
1916
1891
1915
1877
1884
1884
1883
1917
1913
1915
1914
1917
1903
1897
1902
1909
1939
1906
1889
1912
1916
1896
1912
1926
1924
1922
1919
1905
1906
1912
1940
1906
1907
1879
1909
1873
1912
1917
1879
1879
1916
1895
1920
1932
1902
1929
1930
1904
1936
1903
1895
1914
1916
1908
1917
1908
1901
1917
1934
1902
1915
1889
1919
1927
1922
1888
1863
1912
1924
1931
1901
1877
1875
1884
1898
1919
1867
1901
1916
1915
1905
1903
1913
1921
1914
1920
1887
1886
1880
1912
1915
1939
1882
1882
1910
1907
1941
1918
1910
1913
1890
1929
1923
1893
1888
1919
1921
1891
1916
1893
1923
1872
1922
1920
1917
1894
1918
1868
1864
1932
1908
1939
1918
1909
1906
1903
1932
1937
1905
1900
1905
1909
1911
1916
1885
1916
1873
1892
1920
1899
1908
1941
1932
1905
1915
1905
1929
1890
1892
1925
1914
1939
1876
1894
1876
1920
1901
1921
1891
1905
1928
1890
1934
1909
1907
1913
1914
1914
1912
1919
1910
1919
1908
1935
1937
1920
1911
1886
1909
1869
1912
1912
1929
1890
1920
1926
1918
1887
1889
1882
1930
1935
1906
1909
1902
1865
1935
1940
1933
1902
