1909
1909
1915
1913
1942
1921
1935
1910
1903
1927
1895
1887
1921
1923
1897
1916
1915
1891
1915
1909
1902
1942
1914
1908
1915
1872
1904
1906
1903
1896
1911
1921
1898
1907
1900
1928
1925
1872
1921
1881
1912
1883
1916
1883
1919
1883
1909
1938
1932
1935
1884
1880
1877
1892
1928
1930
1926
1915
1935
1930
1908
1905
1932
1938
1866
1890
1909
1908
1916
1914
1901
1926
1925
1893
1923
1895
1942
1913
1937
1915
1914
1881
1883
1917
1889
1890
1917
1919
1900
1914
1939
1931
1876
1915
1929
1896
1923
1921
1900
1938
1926
1932
1902
1888
1913
1907
1933
1917
1905
1908
1927
1921
1900
1923
1903
1909
1933
1895
1929
1895
1927
1914
1912
1903
1899
1916
1902
1904
1917
1933
1896
