1890
1890
1892
1892
1939
1939
1909
1909
1937
1937
1877
1877
1916
1916
1877
1877
1892
1892
1901
1901
1905
1905
1933
1933
1896
1896
1930
1930
1902
1902
1878
1878
1878
1878
1920
1920
1900
1900
1914
1914
1915
1915
1923
1923
1896
1896
1901
1901
1924
1924
1928
1928
1926
1926
1929
1929
1913
1913
1898
1898
1929
1929
1901
1901
1914
1914
1903
1903
1928
1928
1932
1932
1902
1902
1883
1883
1910
1910
1920
1920
1918
1918
1881
1881
1904
1904
1931
1931
1900
1900
1918
1918
1913
1913
1900
1900
1914
1914
1917
1917
1872
1872
1935
1935
1907
1907
1907
1907
1928
1928
1929
1929
1902
1902
1902
1902
1891
1891
1891
1891
1920
1920
1888
1888
1888
1888
1925
1925
1915
1915
1937
1937
1914
1914
1912
1912
1895
1895
1934
1934
1885
1885
1878
1878
1888
1888
1924
1924
1928
1928
1897
1897
1900
1900
1903
1903
