1904
1929
1933
1894
1912
1888
1879
1890
1884
1917
1904
1930
1899
1927
1895
1880
1920
1916
1894
1895
1914
1919
1910
1899
1936
1908
1922
1897
1918
1896
1931
1895
1902
1876
1872
1889
1914
1893
1914
1894
1931
1871
1895
1902
1876
1877
1938
1892
1923
1873
1884
1882
1925
1907
1927
1891
1906
1893
1884
1898
1880
1895
1910
1904
1931
1937
1942
1902
1903
1903
1932
1892
1931
1909
1884
1885
1892
1938
1903
1884
1915
1884
1908
1908
1905
1941
1904
1910
1912
1939
1896
1923
1886
1919
1881
1887
1921
1926
1891
1920
1923
