1903
1903
1909
1909
1918
1918
1909
1909
1906
1906
1877
1877
1919
1919
1921
1921
1913
1913
1910
1910
1883
1883
1924
1924
1929
1929
1929
1929
1900
1900
1926
1926
1919
1919
1916
1916
1924
1924
1922
1922
1921
1921
1912
1912
1879
1879
1907
1907
1939
1939
1890
1890
1916
1916
1911
1911
1900
1900
1926
1926
1925
1925
1895
1895
1929
1929
1893
1893
1922
1922
1928
1928
1915
1915
1919
1919
1925
1925
1890
1890
1930
1930
1891
1891
1926
1926
1903
1903
1936
1936
1925
1925
1893
1893
1908
1908
1872
1872
1902
1902
1870
1870
1932
1932
1901
1901
1901
1901
1930
1930
1893
1893
1871
1871
1886
1886
1921
1921
1908
1908
1915
1915
1888
1888
1890
1890
1914
1914
1913
1913
1931
1931
1907
1907
1920
1920
1926
1926
1895
1895
1927
1927
1933
1933
1911
1911
1883
1883
1902
1902
1903
1903
1902
1902
1902
1902
1904
1904
1933
1933
1884
1884
1923
1923
1877
1877
1914
1914
1917
1917
1923
1923
1930
1930
1918
1918
1922
1922
1885
1885
1925
1925
1903
1903
1904
1904
1918
1918
1908
1908
1934
1934
1906
1906
1931
1931
1925
1925
1920
1920
1922
1922
