1906
1933
1907
1932
1887
1914
1880
1918
1915
1924
1887
1898
1891
1923
1925
1927
1880
1884
1921
1926
1924
1887
1928
1893
1885
1926
1924
1885
1917
1918
1922
1880
1920
1930
1920
1884
1894
1885
1922
1914
1914
1885
1914
1921
1889
1927
1923
1911
1909
1939
1917
1880
1878
1915
1922
1921
1923
1891
1881
1882
1893
1923
1893
1902
1901
1910
1940
1938
1909
1916
1918
1878
1910
1911
1884
1884
1872
1903
1939
1918
1893
1895
1921
1915
1916
1914
1921
1893
1896
1924
1924
1928
1895
1925
1895
1929
1922
1888
1888
1919
1930
1911
1870
1906
1940
1914
1916
1924
1891
1888
1903
1937
1902
