1878
1878
1888
1888
1933
1933
1904
1904
1924
1924
1926
1926
1888
1888
1937
1937
1912
1912
1914
1914
1908
1908
1883
1883
1887
1887
1908
1908
1910
1910
1937
1937
1938
1938
1919
1919
1895
1895
1890
1890
1923
1923
1871
1871
1916
1916
1928
1928
1908
1908
1914
1914
1913
1913
1921
1921
1912
1912
1860
1860
1881
1881
1915
1915
1919
1919
1929
1929
1908
1908
1909
1909
1888
1888
1938
1938
1927
1927
1872
1872
1897
1897
1904
1904
1929
1929
1897
1897
1910
1910
1923
1923
1913
1913
1904
1904
1920
1920
1890
1890
1888
1888
1905
1905
1901
1901
1916
1916
1904
1904
1932
1932
1902
1902
1914
1914
1925
1925
1934
1934
1904
1904
1918
1918
1930
1930
1878
1878
1872
1872
1927
1927
1902
1902
1923
1923
1917
1917
1911
1911
1917
1917
1891
1891
1895
1895
1932
1932
1908
1908
1934
1934
1904
1904
1917
1917
1913
1913
1884
1884
1889
1889
1918
1918
1896
1896
1928
1928
1925
1925
1910
1910
1896
1896
1879
1879
1912
1912
1879
1879
1889
1889
1899
1899
1892
1892
1913
1913
1915
1915
1927
1927
1884
1884
1870
1870
1898
1898
1901
1901
1905
1905
1932
1932
1939
1939
1934
1934
1880
1880
1873
1873
1919
1919
1881
1881
1893
1893
1939
1939
1906
1906
1909
1909
1934
1934
1922
1922
1878
1878
1883
1883
1882
1882
1880
1880
1901
1901
1908
1908
1901
1901
1931
1931
1901
1901
1852
1852
1912
1912
1906
1906
1910
1910
1934
1934
1938
1938
1906
1906
1900
1900
1929
1929
1916
1916
1936
1936
1906
1906
1874
1874
1903
1903
1930
1930
1878
1878
1900
1900
1935
1935
1905
1905
1911
1911
1897
1897
1938
1938
1934
1934
1892
1892
1938
1938
1905
1905
1874
1874
1940
1940
1905
1905
1908
1908
1932
1932
1905
1905
1939
1939
1919
1919
1910
1910
1936
1936
1893
1893
1896
1896
1927
1927
1931
1931
1931
1931
1901
1901
1896
1896
1922
1922
1898
1898
1912
1912
1878
1878
1880
1880
1890
1890
1929
1929
1939
1939
1912
1912
1911
1911
