1911
1906
1894
1886
1875
1922
1921
1889
1889
1926
1934
1905
1938
1940
1907
1936
1932
1939
1896
1862
1884
1880
1921
1908
1875
1879
1912
1935
1908
1914
1893
1889
1934
1904
1852
1937
1912
1899
1937
1881
1906
1931
1927
1923
1908
1939
1942
1913
1915
1936
1887
1937
1886
1927
1909
1888
1907
1938
1892
1927
1926
1894
1925
1896
1920
1922
1927
1921
1880
1875
1916
1922
1914
1910
1930
1910
1907
1940
1914
1939
1911
1912
1912
1886
1884
1919
1884
1886
1895
1880
1877
1882
1915
1930
1929
1923
1902
1925
1888
1928
1903
1935
1899
1928
1899
1934
1907
1930
1905
1915
1918
1923
1882
1925
1919
1921
1913
1886
1919
1899
1931
1920
1930
1927
1905
1920
1924
1917
1899
1898
1912
1913
1890
1919
1922
1924
1894
1922
1925
1920
1905
1881
1914
1934
1910
1877
1916
1939
1925
1886
1941
1931
1902
1924
1902
1907
1906
1892
1907
1915
1915
1875
1875
1914
1929
1927
1897
1900
1929
1917
1912
1886
1885
1914
1896
1902
1891
1894
1928
1934
1927
1930
1900
1891
1928
1916
1909
1924
1925
1879
1906
1895
1939
1900
1915
1906
1908
1927
1894
1926
1886
1909
1908
1903
1923
1893
1897
1934
1894
1932
1921
1925
1927
1919
1884
1915
1937
1908
1902
1910
1920
1879
1877
1911
1925
1930
1935
1899
1933
1921
1919
1924
1916
1919
1922
1886
1915
1886
1880
1938
1905
1930
1909
1899
1890
1902
1899
1921
1888
1926
1891
1920
1895
1913
1908
1925
1927
1895
1903
1901
1902
1907
1920
1918
1927
1922
1925
1896
1893
1928
1892
1867
1893
1925
1911
1933
1906
1936
1916
1907
1919
1913
1916
1913
1894
1881
1896
1920
1897
1921
1918
1929
1923
1926
1908
1906
1891
1892
1917
1937
1931
1899
1934
1885
1922
1888
1895
1907
1938
1910
1919
1918
1922
1907
1873
1904
1933
1903
1935
1929
1906
1926
1910
1884
1909
1883
1929
1914
1913
1914
1907
1921
1927
1931
1890
1887
1918
1889
1917
1925
1882
1913
1939
1875
1922
1887
1926
1915
1888
1899
1875
1907
1938
1907
1903
1930
1903
1911
1883
1918
1915
1922
1917
1893
1893
1907
1922
1920
1878
1925
1918
1922
1939
1923
1894
1920
1925
1879
1896
1912
1927
1935
1920
1883
1900
1902
1931
1928
1894
1922
1892
1901
1890
1923
1902
1918
1892
1931
1915
1929
1932
1906
1901
1903
1939
1910
1934
1905
1910
1899
1935
1931
1925
1922
1901
1892
1916
1912
1913
1917
1887
1922
1901
1929
1892
1917
1915
1919
1910
1925
1926
1908
1873
1925
1917
1879
1907
