1880
1913
1922
1884
1910
1925
1913
1886
1924
1906
1874
1923
1910
1889
1937
1906
1929
1903
1931
1931
1925
1879
1877
1908
1927
1886
1929
1881
1897
1930
1923
1882
1917
1914
1886
1931
1899
1897
1924
1919
1904
1890
1930
1926
1920
1907
1912
1919
1883
1938
1920
1892
1917
1929
1924
1888
1934
1924
1898
1898
1937
1912
1913
1881
1928
1909
1898
1889
1895
1928
1907
1911
1937
1938
1902
1905
1876
1906
1912
1901
1935
1937
1887
1898
1875
1875
1882
1914
1888
1917
1923
1924
1928
1911
1900
1898
1925
1929
1863
1908
1940
1909
1932
1907
1903
1905
1907
1902
1885
1909
1883
1912
1912
1939
1928
1906
1917
1910
1877
1907
1875
1907
1879
1880
1882
1909
1909
1874
1906
1930
1937
1905
1910
1912
1938
1891
1916
1888
1903
1904
1892
1926
1927
1920
1889
1931
1897
1929
1905
1896
1924
1929
1932
1890
1922
1935
1920
1918
1890
1921
1912
1903
1892
1939
1909
1928
1927
1890
1935
1925
1927
1929
1890
1908
1937
1906
1906
1881
1919
1887
1867
1914
1937
1912
1910
1907
1879
1931
1910
1929
1906
1914
1922
1887
1886
1939
1917
1919
1919
1918
