1919
1919
1906
1906
1890
1890
1922
1922
1886
1886
1929
1929
1920
1920
1905
1905
1937
1937
1908
1908
1874
1874
1933
1933
1906
1906
1874
1874
1923
1923
1926
1926
1930
1930
1923
1923
1900
1900
1912
1912
1885
1885
1921
1921
1917
1917
1888
1888
1903
1903
1928
1928
1903
1903
1904
1904
1924
1924
1922
1922
1921
1921
1899
1899
1924
1924
1926
1926
1898
1898
1920
1920
1884
1884
1906
1906
1924
1924
1925
1925
1912
1912
1900
1900
1900
1900
1901
1901
1938
1938
1909
1909
1916
1916
1879
1879
1923
1923
1921
1921
1925
1925
1885
1885
1911
1911
1917
1917
1921
1921
1894
1894
1917
1917
1923
1923
1927
1927
1889
1889
1920
1920
1925
1925
1907
1907
1910
1910
1926
1926
1888
1888
1888
1888
1925
1925
1924
1924
1912
1912
1912
1912
1883
1883
1927
1927
1917
1917
1939
1939
1921
1921
1886
1886
1926
1926
1913
1913
