1883
1888
1931
1928
1905
1905
1886
1911
1911
1944
1893
1930
1892
1919
1908
1906
1880
1919
1882
1923
1889
1899
1898
1931
1897
1930
1900
1935
1912
1921
1901
1917
1926
1931
1930
1904
1896
1899
1900
1928
1896
1902
1896
1889
1882
1910
1927
1918
1892
1924
1887
1943
1907
1885
1901
1897
1916
1895
1923
1891
1926
1930
1909
1894
1924
1896
1907
1910
1909
1887
1914
1922
1887
1924
1903
1914
1907
1887
1897
1889
1919
1921
1920
1915
1904
1926
1895
1919
1931
1923
1926
1891
1879
1883
1920
1881
1928
1919
1922
1914
1906
1906
