1890
1916
1916
1884
1890
1926
1889
1922
1932
1925
1923
1902
1887
1910
1904
1927
1897
1894
1924
1906
1887
1909
1909
1938
1879
1920
1915
1923
1908
1905
1915
1884
1886
1904
1914
1915
1926
1931
1900
1905
1936
1911
1914
1912
1912
1890
1898
1905
1893
1932
1932
1907
1939
1937
1891
1906
1927
1924
1922
1901
1914
1908
1881
1903
1880
1905
1934
1909
1928
1891
1923
1892
1924
1878
1911
1942
1909
1915
1938
1905
1920
1910
1922
1912
1921
1925
1931
1923
1912
1935
1909
1911
1907
1899
1914
1899
1913
1896
1931
1899
1925
1875
1912
1928
1885
1887
1920
1911
1916
1907
1918
1884
1919
1896
1908
1938
1911
1916
1927
1894
1928
1923
1921
1925
1898
1918
1906
1932
1909
1908
1908
1905
1929
1888
1921
1886
1923
1918
1927
1926
1915
1914
1941
1913
1916
1880
1901
1885
1881
1910
1892
