1924
1929
1926
1924
1924
1922
1926
1928
1931
1927
1925
1927
1927
1925
1927
1929
1924
1928
1927
1925
1925
1929
1935
1926
1932
1929
1925
1922
1922
1928
1929
1924
1930
1922
1925
1923
1924
1925
1929
1926
1924
1928
1931
1923
1923
1934
1923
1926
1925
1929
1928
1929
1928
1931
1928
1923
1922
1921
1924
1926
1932
1930
1928
1924
1926
1924
1922
1926
1922
1923
1924
1928
1935
1927
1921
1925
1931
1927
1931
1922
1926
1922
1923
1931
1929
1929
1929
1933
1922
1924
1926
1924
1931
1931
1930
1926
1929
1932
1928
1930
1922
1922
1924
1926
1931
1923
1925
1923
1929
1925
1926
1933
1931
1929
1927
1929
1924
1928
1923
1930
1924
1926
1927
1921
1924
1923
1923
1921
1926
1926
1923
1923
1924
1922
1927
1926
1933
1922
1927
1933
1930
1921
1928
1926
1923
1925
1927
1923
1928
1935
1929
1930
1928
1924
1923
1925
1926
1921
1926
1924
1924
1929
1926
1925
1929
1922
1925
1927
1923
1923
1928
1924
1928
1933
1924
1926
1925
1930
1931
1923
1925
1936
1926
1922
1925
