1894
1925
1903
1895
1908
1902
1895
1880
1888
1902
1886
1881
1872
1904
1891
1906
1886
1897
1902
1894
1910
1886
1874
1891
1903
1899
1883
1869
1896
1888
1894
1904
1901
1888
1907
1881
1894
1909
1911
1887
1881
1881
1885
1906
1932
1892
1893
1907
1871
1895
1899
1890
1901
1928
1931
1927
1887
1915
1906
1914
1923
1889
1903
1883
1910
1901
1907
1933
1903
1909
1914
1885
1903
1865
1875
1875
1870
1907
1859
1908
1892
1909
1901
1911
1892
1897
1909
1870
1892
1903
1868
1893
1912
1914
1904
1883
1884
1891
1890
1891
1896
1886
1901
1932
1876
1901
1911
1907
1904
1936
1900
1936
1907
