1911
1896
1874
1904
1876
1911
1891
1895
1933
1898
1905
1912
1942
1916
1905
1886
1926
1911
1910
1912
1912
1902
1932
1901
1926
1897
1930
1932
1935
1909
1902
1926
1933
1937
1907
1899
1902
1921
1926
1936
1894
1924
1928
1927
1891
1923
1860
1930
1932
1895
1929
1923
1887
1926
1925
1919
1928
1915
1939
1928
1924
1900
1906
1875
1892
1898
1900
1935
1897
1926
1896
1903
1933
1884
1889
1886
1915
1930
1912
1918
1921
1920
1878
1920
1908
1902
1912
1939
1910
1916
1884
1890
1913
1904
1899
1927
1924
1897
1890
1904
1908
1882
1883
1914
1928
1901
1914
1866
1893
1895
1914
1912
1920
1923
1917
1906
1865
1885
1890
1918
1894
1929
1932
1909
1882
1904
1905
1915
1925
1899
1921
1928
1891
1889
1914
1877
1882
1925
1916
1926
1920
1922
1890
1893
1879
1923
1884
1915
1894
1903
1891
1924
1922
1899
1926
1896
1910
1915
1901
1902
1933
1914
1916
1908
1910
1906
1908
1917
1898
1881
1879
1906
1938
1891
1931
1926
1924
1935
1901
1929
1905
1909
1891
1930
1924
1884
1917
1876
1875
1910
1930
1901
1900
1926
1925
1900
1902
1880
1922
1889
1878
1921
1884
1923
1920
1920
1910
1919
1905
1911
1940
1923
1925
1933
1928
1904
1941
1914
1926
1938
1912
1941
1927
1896
1930
1901
1905
1906
1916
1918
1924
1885
1920
1890
1918
1916
1912
1905
1935
1934
1905
1881
1913
1924
1914
1912
1886
1925
1889
1920
1927
1917
1925
1901
1889
1889
1940
1906
1938
1922
1896
1915
1892
1902
1933
1930
1897
1924
1889
1896
1926
1894
1902
1926
1928
1899
1934
1928
1902
1890
1893
1913
1902
1925
1931
1897
1926
1910
1903
1927
1919
1892
1896
1925
1931
1896
1898
1892
1931
1926
1924
1896
1895
1922
1919
1878
1927
1927
1904
1910
1919
1907
1928
1902
1927
1906
1939
1902
1931
1934
1908
1866
1891
1909
1911
