1906
1925
1873
1896
1907
1938
1927
1894
1920
1919
1893
1899
1897
1906
1940
1932
1931
1935
1933
1905
1937
1938
1903
1905
1942
1912
1917
1924
1897
1890
1932
1926
1930
1931
1933
1902
1928
1884
1919
1923
1922
1909
1884
1908
1874
1903
1927
1926
1899
1896
1918
1934
1933
1898
1892
1927
1904
1900
1931
1926
1893
1904
1939
1910
1937
1914
1878
1879
1881
1909
1912
1914
1900
1933
1908
1904
1909
1907
1920
1923
1912
1903
1868
1868
1930
1908
1906
1936
1903
1902
1887
1919
1876
1881
1921
1924
1893
1916
1892
1895
1888
1925
1936
1919
1893
1932
1895
1929
1910
1938
1937
1906
1902
1935
1914
1937
1920
1899
1924
1924
1928
1930
1888
1908
1911
1886
1917
1917
1923
1917
1907
1870
1913
1910
1897
1920
1927
1933
1898
1917
1902
1929
1932
1898
1903
1928
1880
1906
1937
1923
1878
1907
1885
1886
1897
1900
1929
1925
1913
1916
1887
1943
1882
1902
1931
1901
1899
1897
1929
1927
1900
1917
1874
1907
1894
1904
1932
1917
1914
1916
1913
1920
1927
1906
1915
1930
1906
1939
1904
1909
1909
1894
1911
1896
1907
1920
1929
1896
1925
1931
1894
1927
1922
1915
1884
1888
1894
1875
1923
1919
1924
1907
1915
1926
1899
1917
1939
1907
1931
1926
1923
1895
1932
1921
1896
1924
1928
1928
1903
1900
1926
1899
1924
1939
1935
1934
1904
1926
1931
1906
1928
1929
1923
1896
1895
1927
1938
1902
1871
1934
1904
1923
1898
1903
1932
1903
1925
1906
1896
1929
1899
1923
1926
1919
1924
1914
1902
1915
1915
1918
1938
1938
1916
1940
1936
1919
1915
1909
1937
1922
1923
1905
1926
1900
1912
1910
1881
1897
1892
1891
1909
1911
1914
1910
1923
1924
1926
1897
1922
1921
1910
1871
1897
1896
1922
1891
1916
1911
1910
1886
1939
1916
1920
1894
1873
1914
1877
1918
1891
1927
1925
1917
1886
1886
1914
1920
1923
1887
1912
1917
1914
1907
1891
1869
1919
1888
1890
1919
1924
1929
1915
1918
1932
1890
1924
1896
1922
1889
1906
1872
1877
1902
