1909
1934
1906
1937
1928
1899
1901
1930
1930
1932
1908
1902
1907
1904
1940
1911
1908
1906
1877
1899
1898
1924
1930
1881
1876
1875
1886
1921
1925
1884
1909
1876
1910
1915
1927
1904
1903
1925
1913
1916
1907
1884
1883
1918
1887
1920
1912
1916
1914
1910
1912
1925
1927
1895
1890
1902
1941
1887
1923
1894
1894
1931
1935
1903
1904
1937
1929
1902
1907
1903
1880
1878
1915
1920
1914
1908
1937
1910
1899
1923
1924
1920
1928
1931
1899
1885
1875
1928
1931
1897
1900
1901
1937
1908
1898
1931
1935
1888
1930
1912
1911
1914
1935
1919
1905
1933
1888
1934
1877
1924
1879
1896
1889
1901
1878
1900
1906
1906
1937
1907
1888
1907
1889
1899
1926
1922
1900
1888
1928
1928
1901
1920
1928
1890
1899
1922
1910
1914
1915
1897
1878
1886
1887
1919
1909
1928
1895
1934
1935
1911
1881
1908
1918
1914
1909
1929
1903
1937
1938
1909
1936
1908
1890
1903
1937
1928
1904
1934
1940
1903
1891
1901
1915
1882
1915
1882
1894
1920
1929
1897
1923
1891
1937
1900
1884
1924
1889
1897
1925
1909
1939
1908
1921
1917
1894
1911
1911
1914
1914
1914
1917
1942
1930
1923
1874
1888
1876
1931
1880
1879
1911
1908
1925
1892
1882
1899
1901
1876
1906
1871
1910
1875
1886
1923
1925
1885
1930
1920
1918
1913
1914
1910
1896
1876
1907
1939
1875
1903
1908
1902
1931
1934
1902
1938
1926
1901
1939
1909
1909
1900
1936
1922
1930
1910
1904
1895
1906
1939
1898
1913
1922
1878
1879
1920
1912
1915
1917
1922
1924
1888
1925
1900
1922
1878
1937
1907
1905
1921
1872
1935
1936
1910
1906
1930
1927
1891
1909
1912
1885
1934
1938
1905
1930
1901
1927
1926
1939
1929
1901
1929
1897
1897
1901
1900
1936
1931
1911
1935
1884
1909
1937
1910
1900
1906
1940
1924
1902
1928
1900
1883
1937
1922
1934
1911
1921
1928
1931
1885
1928
1927
1882
1888
1932
1915
1888
1883
1884
1894
1899
1924
1920
1908
1882
1914
1908
1902
1913
1911
1870
1904
1884
1884
1885
1908
1928
1921
1885
1914
1933
1932
1934
1907
1937
1912
1917
1908
1897
1924
1904
1877
1900
1902
1894
1883
1918
1886
1887
1899
1893
1912
1874
1918
1915
1889
1887
1912
1909
1874
1881
1878
1931
1899
1905
1910
1939
1911
1881
1922
1918
1882
1882
1886
1889
1926
1925
1895
1907
1885
1914
1912
1909
1875
1903
1879
1882
1911
1940
1911
1904
1888
1916
1919
1922
1895
1881
1928
1926
1893
1918
1893
1908
1932
1902
1937
1925
1903
1900
1928
1926
1896
1893
1925
1935
1876
1910
1887
1879
1905
1930
1915
1909
1874
1924
1885
1910
1884
1911
1884
1922
1926
1936
1924
1886
1920
1892
1909
1901
1927
1892
1874
1903
1914
1938
1941
1912
1923
1898
1926
1886
1890
1906
1931
1937
1906
1921
1890
1897
1927
1923
1896
1894
1876
1909
1904
1882
1880
1909
1933
1905
1908
1938
1912
1910
1935
1924
1927
1879
1894
1932
1910
1938
1927
1887
1884
1899
1928
1912
1910
1940
1916
1913
1938
1927
1921
1919
1916
1889
1893
1899
1897
1894
1924
1909
1926
1922
1886
1919
1911
1939
1912
1924
1928
1881
1918
1924
1898
1898
1927
1900
1866
1926
