1925
1923
1883
1890
1919
1914
1917
1908
1921
1880
1930
1883
1888
1906
1874
1926
1895
1911
1913
1894
1934
1939
1929
1907
1870
1929
1901
1896
1923
1927
1934
1912
1877
1905
1907
1903
1908
1873
1875
1913
1880
1912
1913
1912
1896
1927
1921
1906
1873
1889
1922
1922
1899
1924
1930
1894
1887
1885
1935
1876
1876
1932
1901
1908
1916
1904
1876
1906
1904
1937
1912
1935
1906
1938
1936
1903
1907
1939
1936
1932
1899
1901
1906
1907
1914
1920
1923
1907
1878
1880
1900
1940
1912
1911
1928
1921
1887
1913
1919
1890
1917
1924
1893
1918
1872
1924
1884
1919
1890
