1940
1912
1937
1884
1915
1912
1918
1914
1929
1908
1883
1883
1882
1931
1893
1910
1889
1927
1900
1930
1924
1925
1940
1930
1903
1907
1938
1933
1932
1910
1903
1920
1925
1927
1930
1921
1921
1923
1927
1923
1931
1905
1904
1938
1911
1927
1923
1919
1916
1927
1924
1914
1909
1918
1927
1922
1892
1892
1924
1915
1884
1917
1928
1926
1889
1888
1882
1902
1937
1927
1925
1901
1923
1934
1930
1901
1931
1874
1872
1877
1882
1897
1878
1901
1923
1880
1906
1906
1925
1891
1911
1906
1874
1876
1900
1895
1928
1924
1925
1922
1910
1906
1917
1878
1887
1882
1876
1913
1901
1930
1928
1903
1931
1879
1880
1897
1922
1907
1930
1890
1886
1925
1929
1924
1929
1910
1879
1920
1908
1878
1934
1905
1938
1910
1914
1880
1876
1924
1888
1892
1921
1886
1925
1924
1918
1909
1914
1914
1941
1913
1879
1878
1943
1907
1907
1932
1918
1890
1883
1920
1923
1920
1917
1919
1912
1940
1888
1880
1923
1908
1920
1912
1916
1909
1912
1940
1920
1928
1911
1931
1886
1934
1925
1922
1935
1871
1912
1908
1918
1911
1898
1919
1927
1909
1898
1901
1904
1910
1931
1933
