1931
1923
1918
1889
1913
1889
1926
1915
1923
1931
1929
1916
1904
1930
1927
1889
1923
1919
1895
1882
1928
1913
1908
1877
1893
1939
1892
1924
1904
1923
1900
1905
1886
1922
1894
1869
1902
1917
1913
1937
1920
1926
1890
1896
1922
1926
1924
1924
1906
1926
1922
1897
1923
1898
1928
1925
1928
1910
1899
1930
1904
1927
1878
1926
1920
1927
1899
1927
1907
1895
1904
1898
1923
1923
1898
1906
1904
1910
1915
1901
1939
1905
1933
1929
1906
1930
1926
1916
1918
1918
1924
1926
1886
1927
1926
1908
1906
1939
1911
1934
1927
1931
1899
1931
1893
1924
1927
1922
1928
1894
1892
1929
1922
