1921
1921
1924
1924
1894
1894
1936
1936
1898
1898
1894
1894
1928
1928
1892
1892
1896
1896
1933
1933
1903
1903
1903
1903
1888
1888
1922
1922
1939
1939
1918
1918
1939
1939
1907
1907
1928
1928
1903
1903
1909
1909
1916
1916
1940
1940
1875
1875
1916
1916
1914
1914
1883
1883
1869
1869
1892
1892
1888
1888
1869
1869
1926
1926
1896
1896
1933
1933
1905
1905
1933
1933
1937
1937
1905
1905
1907
1907
1933
1933
1940
1940
1903
1903
1890
1890
1914
1914
1893
1893
1867
1867
1940
1940
1906
1906
1938
1938
1907
1907
