1895
1897
1892
1895
1924
1922
1927
1894
1835
1876
1893
1886
1879
1883
1875
1902
1886
1884
1880
1925
1922
1883
1884
1922
1930
1929
1883
1939
1904
1883
1893
1885
1910
1882
1882
1890
1893
1899
1897
1883
1882
1880
1923
1887
1893
1891
1935
1892
1925
1900
1891
1922
1886
1920
1877
1894
1881
1886
1893
1882
1929
1930
1896
1899
1894
1878
1924
1900
1882
1883
1922
1896
1923
1882
1883
1892
1885
1882
1887
1888
1891
1886
1883
1885
1907
1924
1897
1888
1901
1930
1898
1905
1881
1889
1885
1930
1891
1896
1889
1880
1923
1881
1874
1889
1885
1892
1891
1887
1885
1881
1886
1883
1887
1899
1921
1926
1920
1873
1883
1882
1877
1891
1892
1887
1899
1925
1886
1894
1940
1921
1900
1876
1891
1882
1888
1915
1879
1879
1883
1883
1885
1878
1903
1888
1928
1931
1886
1902
1884
1881
1886
1885
1910
1921
1884
1900
1922
1899
1882
1926
1886
1894
1891
1878
1893
1883
1923
1895
1888
1925
1891
1880
1926
1894
1928
1869
1900
1895
1880
1885
1892
1882
1877
1906
1893
1929
1886
1880
1891
1878
1888
1895
1888
1900
1939
1905
1919
1888
1925
1886
1892
1879
1879
1882
1896
1924
1895
1913
1890
1881
1906
1889
1902
1880
1893
1900
1889
1879
1895
1877
1898
1929
1907
1936
1932
1901
1891
1888
1884
1894
1897
1879
1887
1891
1895
1890
1885
1880
1898
1880
1877
1880
1886
1880
1903
1895
1892
1891
1886
1884
1883
1889
1919
1895
1896
1923
1878
1885
1877
1908
1921
1914
1887
1892
1884
1903
1880
1884
1925
1899
1885
1883
1878
1883
1889
1888
1877
1884
1929
1898
1891
1878
1891
1873
1901
1890
1923
1882
1884
1925
1889
1885
1880
1927
1898
1886
1887
1890
1879
1889
1883
1895
1890
1882
1869
1893
1879
1881
1882
1880
1895
1884
1904
1890
1885
1905
1927
1895
1894
1898
1884
1934
1890
1903
1884
1895
1899
1888
1895
1886
1881
1892
1884
1882
1891
1897
1929
1927
1880
1888
1868
1907
1912
1939
1907
1897
1881
1933
1929
1902
1890
1897
1880
1883
1885
1892
1883
1889
1889
1918
1880
1913
1878
1907
1904
1926
1893
1907
1901
1884
1932
1886
1901
1898
1881
1888
1893
1884
1880
1902
1882
1885
1921
1891
1897
1886
1885
1884
1926
1894
1939
1901
1894
1889
1882
1887
1883
1881
1936
1934
1898
1940
1897
1880
1931
1891
1908
1894
1932
1885
1888
1886
1888
1888
1875
1930
1934
1903
1884
1902
1895
1891
1904
1880
1878
1884
1885
1894
1899
1924
1903
1892
1934
1892
1885
1895
1871
1896
1884
1929
1912
1887
1876
1891
1889
1881
1894
1894
1923
1884
1886
1890
1880
1880
1882
1882
1885
1887
1884
1934
1897
1884
1907
1898
1922
1923
1900
1887
1924
1935
1883
1893
1888
1900
1880
1910
1889
1911
1935
1879
1926
1890
1938
1892
1878
1878
1883
1886
1890
1902
1896
1879
1933
1902
1879
1919
1924
1888
1882
1912
1895
1938
1890
1882
1883
1887
1889
1926
1881
1931
1898
1898
1933
1894
1881
1890
1874
1882
1897
1910
1892
1910
1886
1884
1902
1895
1879
1925
1895
1881
1887
1910
1876
1878
1879
1890
1900
1919
1894
1896
1932
1919
1939
1885
1891
1883
1882
1871
1922
1882
1919
1892
1894
1887
1893
1885
1884
1894
1895
1930
1925
1894
1893
1891
1902
1881
1883
1879
1903
1925
1891
1898
1919
1875
1881
1887
1891
1880
1888
1883
1881
1887
1919
1890
1874
1891
1893
1882
1898
1898
1926
1883
1891
1885
1894
1881
1887
1885
1902
1900
1885
1884
1885
1895
1888
1901
1891
1883
1893
1883
1885
1890
1885
1924
1880
1864
1889
1885
1906
1895
1920
1916
1883
1906
1880
1909
1874
1881
1894
1881
1896
1893
1882
1896
1882
1877
1911
1876
1888
1879
1879
1882
1901
1894
1904
1892
1890
1932
1928
1906
1883
1881
1898
1936
1898
1897
1872
1901
1897
1928
1879
1880
1913
1932
1900
1936
1934
1925
1891
1884
1928
1886
1922
1932
1883
1889
1882
1890
1877
1891
1897
1892
1882
1889
1922
1925
1890
1923
1889
1886
1880
1880
1882
1928
1928
1890
1925
1884
1886
1889
1895
1921
1892
1927
1897
1885
1862
1894
1899
1887
1884
1887
1884
1877
1889
1927
1887
1928
1886
1921
1893
1902
1904
1934
1903
1911
1880
1884
1888
1890
1927
1898
1878
1911
1923
1884
1939
1892
1880
1896
1926
1896
1886
1895
1926
1921
1889
1926
1898
1888
1891
1894
1881
1883
1889
1890
1925
1890
1882
1879
1887
1884
1880
1885
1885
1879
1897
1897
1881
1898
1887
1879
1875
1887
1881
1890
1886
1890
1879
1885
1886
1904
1890
1913
1896
1901
1895
1888
1925
1890
1891
1873
1877
1898
1879
1912
1884
1882
1885
1883
1893
1884
1877
1922
1877
1921
1881
1889
1898
1893
1923
1891
1889
1893
1875
1897
1902
1894
1922
1925
1889
1897
1892
1879
1923
1892
1897
1925
1889
1885
1882
1879
1881
1922
1889
1924
1890
1877
1881
1887
1878
1882
1893
1884
1882
1895
1884
1892
1924
1896
1927
1880
1897
1893
1885
1905
1908
1930
1896
1930
1894
1909
1884
1925
1894
1923
1927
1903
1870
1912
1877
1877
1905
1885
1921
1891
1926
1882
1915
1887
1928
1880
1876
1881
1888
1881
1880
1887
1894
1880
1903
1895
1888
1884
1878
1891
1880
1882
1888
1893
1890
1921
1896
1928
1894
1925
1886
1893
1890
1901
1882
1905
1878
1879
1879
1883
1891
1883
1887
1884
1916
1905
1874
1892
1908
1914
1881
1870
1896
1883
1890
1879
1900
1897
1904
1879
1899
1883
1884
1878
1881
1907
1894
1892
1891
1923
1893
1887
1898
1891
1920
1899
1936
1930
1900
1882
1902
1924
1885
1884
1894
1939
1886
1885
1896
1893
1897
1895
1885
1897
1890
1885
1891
1888
1925
1896
1891
1890
1894
1928
1929
1928
