1890
1924
1928
1931
1922
1922
1927
1927
1930
1927
1925
1932
1923
1898
1907
1926
1924
1894
1926
1901
1908
1901
1923
1936
1926
1928
1899
1922
1914
1908
1905
1910
1933
1881
1929
1898
1933
1924
1893
1927
1926
1935
1924
1930
1928
1906
1913
1912
1899
1906
1929
1926
1904
1919
1911
1928
1922
1926
1923
1893
1925
1909
1921
1928
1893
1920
1918
1894
1903
1903
1924
1901
1922
1930
1924
1928
1922
1915
1910
1906
1919
1885
1920
1898
1896
1931
1929
1932
1920
1889
1913
1925
1917
1937
1923
1888
1915
1927
1920
1903
1909
1939
1911
1918
1876
1923
1929
1920
1891
1897
1905
1927
1937
1912
1906
1931
1900
1926
1918
1923
1929
1897
