1882
1880
1925
1887
1896
1882
1882
1897
1886
1911
1870
1937
1912
1880
1887
1939
1879
1876
1881
1869
1891
1867
1899
1920
1879
1868
1883
1897
1911
1876
1895
1878
1890
1874
1871
1907
1892
1924
1900
1901
1873
1875
1887
1900
1922
1887
1880
1911
1903
1876
1882
1902
1893
1874
1892
1878
1890
1870
1896
1924
1906
1919
1868
1904
1891
1900
1893
1904
1862
1878
1872
1885
1922
1907
1880
1922
1920
1897
1864
1880
1874
1924
1865
1864
1885
1863
1867
1883
1906
1902
1913
1925
1902
1914
1877
1905
1886
1941
1915
1888
1873
1893
1873
1894
1891
1886
1896
1868
1886
1893
1923
1928
1912
1919
