1904
1932
1907
1898
1929
1925
1923
1923
1921
1892
1894
1938
1929
1932
1901
1903
1929
1894
1892
1935
1903
1934
1907
1874
1902
1927
1930
1938
1896
1912
1869
1888
1900
1927
1891
1907
1889
1922
1889
1931
1926
1890
1897
1929
1910
1911
1866
1920
1882
1875
1899
1929
1923
1900
1929
1896
1920
1924
1922
1940
1902
1913
1887
1899
1899
1887
1921
1924
1893
1935
1908
1898
1928
1876
1898
1925
1939
1912
1878
1880
1910
1895
1931
1890
1898
1924
1908
1911
1934
1911
1938
1914
1917
1911
1867
1914
1914
1926
1895
1923
1892
1887
1916
1929
1922
1881
1864
1865
1936
1897
1902
1905
1933
1937
1910
1924
1920
1885
1918
1893
1917
1893
1882
1917
1914
1916
1926
1890
1897
1875
1916
1910
1909
1918
1930
1896
1903
1931
1901
1902
1931
1897
1890
1914
1883
1929
1925
