1920
1918
1899
1921
1923
1880
1934
1902
1878
1866
1907
1935
1933
1931
1903
1897
1900
1905
1908
1900
1906
1937
1913
1903
1938
1909
1895
1900
1927
1902
1933
1923
1888
1906
1926
1906
1884
1914
1865
1905
1867
1936
1908
1906
1911
1882
1920
1881
1886
1878
1938
1890
1906
1932
1906
1885
1870
1912
1889
1894
1929
1929
1902
1917
1924
1902
1928
1894
1918
1888
1888
1926
1924
1898
1918
1927
1928
1930
1895
1909
1937
1933
1905
1928
1898
1870
1898
1877
1891
1888
1925
1862
1897
1927
1897
1923
1926
1893
1923
1912
1918
1879
1920
1917
1887
1908
1903
1933
1904
1884
1888
1923
1916
1911
1934
1910
1939
1903
1902
1915
1895
1920
1909
1935
1882
1886
1876
1914
1937
1908
1911
1909
1916
1914
1910
1880
1915
1911
1885
1913
1880
1910
1910
1911
1866
1879
1899
1901
1909
1877
1907
1916
1879
1908
1883
1939
1909
1855
1901
1897
1916
1930
1870
1934
1873
1908
1932
1937
1929
1934
1902
1899
1927
1913
1924
1894
1891
1887
1924
1893
1905
1877
1877
1905
1894
1926
1895
1928
1923
1906
1886
1922
1885
1919
1889
1893
1923
1915
1887
1924
1887
1920
1896
1891
1875
1889
1921
1895
1926
1894
1890
1901
1907
1933
1906
1929
1893
1922
1897
1918
1919
1924
1927
1932
1892
1929
1907
1930
1933
1886
1926
1900
1928
1900
1928
1896
1930
1903
1915
1922
1912
1917
1918
1919
1925
1892
1937
1862
1903
1896
1927
