1940
1912
1905
1870
1881
1929
1924
1895
1893
1927
1923
1895
1922
1926
1898
1922
1878
1917
1916
1890
1922
1895
1914
1930
1897
1890
1930
1929
1894
1907
1930
1904
1922
1925
1895
1934
1910
1915
1911
1921
1914
1883
1865
1896
1888
1923
1908
1883
1915
1921
1910
1917
1920
1880
1886
1913
1920
1874
1881
1909
1921
1929
1905
1934
1904
1870
1909
1900
1910
1924
1889
1929
1922
1933
1891
1924
1897
1895
1927
1930
1937
1930
1896
1916
1918
1894
1894
1907
1912
1873
1910
1897
1910
1885
1887
1913
1906
1895
1905
1903
1888
1888
1925
1929
1894
1901
1886
1921
1914
1886
1916
1923
1894
1914
1874
1915
1916
1907
1933
1930
1937
1912
1909
1913
1895
1900
1922
1928
1886
1933
1920
1929
1892
1885
1861
1889
1926
1872
1906
1903
1907
1939
1909
1875
1929
1890
1920
1923
1894
1929
1884
1888
1912
1915
1904
1875
1883
1923
1885
1924
1925
1892
1893
1927
1900
1914
1857
1910
1892
1922
1887
1913
1910
1887
1914
1915
1914
1882
1891
1893
1920
1933
1895
1921
1893
1919
1931
1935
1924
1926
1895
1914
1908
