1910
1908
1910
1928
1931
1929
1900
1934
1924
1893
1878
1915
1880
1917
1923
1912
1928
1925
1898
1919
1917
1897
1900
1919
1880
1910
1914
1879
1887
1928
1889
1898
1940
1935
1926
1932
1932
1937
1902
1898
1912
1904
1916
1898
1929
1925
1933
1932
1920
1931
1931
1896
1896
1929
1902
1925
1902
1895
1914
1912
1871
1899
1926
1890
1891
1929
1917
1924
1922
1908
1912
1881
1884
1901
1892
1917
1935
1913
1910
1906
1932
1928
1903
1934
1940
1927
1902
1938
1896
1889
1887
1930
1927
1938
1895
1907
1905
1935
1904
1916
1924
1886
1889
1921
1922
1931
1938
1919
1913
1913
1875
1900
1901
1908
1869
1934
1928
1926
1891
1932
1935
1929
1932
1930
1903
1908
1926
1895
1928
