1920
1920
1920
1920
1917
1917
1917
1917
1901
1901
1913
1913
1913
1913
1925
1925
1914
1914
1937
1937
1912
1912
1910
1910
1878
1878
1885
1885
1919
1919
1898
1898
1898
1898
1911
1911
1938
1938
1915
1915
1938
1938
1896
1896
1896
1896
1930
1930
1899
1899
1936
1936
1928
1928
1895
1895
1927
1927
1915
1915
1929
1929
1903
1903
1890
1890
1885
1885
1885
1885
1922
1922
1922
1922
1914
1914
1914
1914
1915
1915
1915
1915
1877
1877
1877
1877
1894
1894
1891
1891
1880
1880
1904
1904
1908
1908
1929
1929
1911
1911
1937
1937
1888
1888
1880
1880
1929
1929
1909
1909
1890
1890
1893
1893
1909
1909
1917
1917
1940
1940
1909
1909
1861
1861
1881
1881
1897
1897
1928
1928
1928
1928
1903
1903
1903
1903
1903
1903
1903
1903
1924
1924
1900
1900
1888
1888
1888
1888
1920
1920
1920
1920
1921
1921
1921
1921
1894
1894
1894
1894
1920
1920
1923
1923
1896
1896
1886
1886
1913
1913
1887
1887
1915
1915
1922
1922
1900
1900
1900
1900
1875
1875
1875
1875
1859
1859
1900
1900
1891
1891
1876
1876
1876
1876
1909
1909
1907
1907
1935
1935
1910
1910
1906
1906
1934
1934
1934
1934
1932
1932
1932
1932
1894
1894
1896
1896
1922
1922
1927
1927
1855
1855
1913
1913
1891
1891
1926
1926
1891
1891
1920
1920
1928
1928
1938
1938
1904
1904
1907
1907
1927
1927
1901
1901
1927
1927
1889
1889
1889
1889
1901
1901
1896
1896
1896
1896
1898
1898
1898
1898
1934
1934
1939
1939
1927
1927
1927
1927
1900
1900
1908
1908
1908
1908
1939
1939
1922
1922
1880
1880
1907
1907
1907
1907
1885
1885
1885
1885
1924
1924
1900
1900
1900
1900
1928
1928
1914
1914
1914
1914
1936
1936
1936
1936
1905
1905
1905
1905
1931
1931
1931
1931
1939
1939
1913
1913
1912
1912
1912
1912
1903
1903
1903
1903
1914
1914
1926
1926
1926
1926
1901
1901
1901
1901
1898
1898
1898
1898
1922
1922
1925
1925
1911
1911
1904
1904
1915
1915
1909
1909
1927
1927
1891
1891
1926
1926
1896
1896
1928
1928
1921
1921
1913
1913
1876
1876
1919
1919
1907
1907
1877
1877
1923
1923
1923
1923
1910
1910
1900
1900
1908
1908
1912
1912
1905
1905
1877
1877
1893
1893
1882
1882
1913
1913
1907
1907
1900
1900
1909
1909
1928
1928
1904
1904
1924
1924
1924
1924
1900
1900
1900
1900
1923
1923
1890
1890
1899
1899
1920
1920
1927
1927
1911
1911
1874
1874
1924
1924
1893
1893
1910
1910
1912
1937
1912
1937
1904
1904
1904
1904
1888
1888
1891
1891
1908
1908
1915
1915
1927
1927
1929
1929
1887
1887
1892
1892
1927
1927
1894
1894
