1910
1894
1926
1923
1929
1899
1924
1933
1915
1912
1940
1877
1878
1905
1940
1886
1925
1926
1921
1914
1886
1884
1915
1892
1891
1914
1919
1928
1902
1902
1914
1933
1896
1898
1915
1907
1871
1897
1938
1873
1924
1931
1875
1900
1884
1916
1925
1915
1909
1878
1911
1925
1926
1934
1923
1888
1929
1892
1921
1901
1912
1910
1932
1900
1904
1897
1897
1895
1921
1909
1925
1894
1918
1926
1935
1903
1926
1929
1937
1904
1934
1880
1914
1906
1880
1923
1901
1876
1874
1898
1885
1905
1931
1905
1879
1925
1880
1922
1919
1880
1880
1913
1917
1909
1881
1928
1906
1891
1935
1898
1927
1933
1898
1867
