1925
1900
1904
1917
1925
1922
1885
1920
1907
1909
1881
1910
1940
1927
1887
1855
1917
1929
1892
1891
1923
1925
1889
1916
1890
1883
1879
1917
1920
1890
1885
1932
1910
1936
1891
1922
1916
1925
1928
1888
1913
1920
1881
1882
1933
1929
1898
1939
1910
1926
1883
1904
1932
1916
1877
1914
1929
1911
1918
1931
1935
1908
1907
1913
1939
1900
1912
1885
1892
1922
1885
1912
1880
1922
1931
1928
1892
1901
1931
1906
1929
1902
1913
1915
1909
1932
1939
1909
1868
1912
1911
1914
1910
1937
1880
1922
1896
1920
1926
1928
1925
1919
1895
1903
1905
1913
1924
1882
1926
1911
1908
1911
1911
1935
1902
1931
1929
1903
1904
