1906
1901
1890
1916
1914
1929
1908
1905
1939
1881
1884
1895
1884
1899
1924
1894
1927
1921
1898
1932
1920
1897
1867
1909
1910
1940
1937
1910
1870
1882
1895
1895
1929
1932
1874
1931
1897
1923
1925
1889
1918
1938
1932
1903
1923
1890
1925
1886
1920
1880
1915
1920
1914
1915
1897
1929
1907
1885
1896
1930
1922
1883
1878
1890
1935
1916
1903
1910
1924
1917
1901
1901
1928
1930
1906
1917
1902
1940
1913
1935
1906
1905
1932
1901
1907
1917
1922
1922
1883
1917
1884
1929
1929
1920
1926
1926
1907
1923
1895
1894
1933
1877
1915
1890
1919
1922
1910
1877
1909
1925
1884
1894
1920
1924
1930
1926
1924
1922
1887
1902
1902
1926
1933
1894
1897
1903
1926
1905
1928
1937
1930
1927
1895
1939
1908
1916
1915
1918
1926
1928
1880
1921
