1925
1925
1925
1925
1921
1921
1921
1921
1916
1916
1916
1916
1924
1924
1890
1890
1896
1896
1923
1923
1923
1923
1880
1880
1880
1880
1925
1925
1925
1925
1927
1927
1904
1904
1925
1925
1930
1930
1886
1886
1886
1886
1925
1925
1925
1925
1890
1890
1890
1890
1912
1912
1912
1912
1913
1913
1910
1910
1910
1910
1901
1901
1924
1924
1928
1928
1933
1933
1936
1936
1899
1899
1924
1924
1900
1900
1923
1923
1913
1913
1913
1913
1904
1904
1904
1904
1928
1928
1928
1928
1933
1933
1933
1933
1900
1900
1900
1900
1920
1920
1920
1920
1897
1897
1897
1897
1927
1927
1927
1927
1902
1902
1902
1902
1928
1928
1928
1928
1923
1923
1895
1895
1895
1895
1923
1923
1923
1923
1923
1923
1907
1907
1907
1907
1931
1931
1931
1931
1908
1908
1922
1922
1897
1897
1928
1928
1928
1928
1875
1875
1925
1925
1922
1922
1897
1897
1928
1928
1928
1928
1875
1875
1925
1925
1922
1922
1917
1917
1917
1917
1914
1914
1914
1914
1912
1912
1912
1912
1912
1912
1942
1942
1942
1942
1909
1909
1909
1909
1907
1907
1907
1907
1893
1893
1921
1921
1923
1923
1894
1894
1894
1894
1932
1932
1932
1932
1927
1927
1927
1927
1925
1925
1925
1925
1920
1920
1920
1920
1925
1925
1925
1925
1909
1909
1909
1909
1905
1905
1905
1905
1893
1893
1893
1893
1924
1924
1924
1924
1893
1893
1893
1893
1924
1924
1924
1924
1921
1921
1921
1921
1942
1942
1942
1942
1893
1893
1923
1923
1921
1921
1901
1901
1924
1924
1933
1933
1899
1899
