1884
1895
1929
1885
1884
1913
1891
1918
1918
1923
1925
1901
1928
1930
1906
1907
1903
1933
1937
1910
1908
1897
1929
1891
1923
1891
1922
1914
1916
1919
1919
1923
1883
1923
1897
1931
1908
1900
1894
1920
1905
1937
1924
1892
1891
1940
1908
1881
1912
1882
1922
1912
1940
1910
1915
1910
1909
1914
1909
1927
1892
1898
1917
1899
1896
1925
1897
1874
1905
1902
1905
1910
1905
1903
1897
1888
1924
1885
1926
1922
1903
1908
1883
1913
1890
1888
1913
1920
1883
1918
1912
1924
1901
1894
1910
1914
1909
1913
1913
1903
1911
1913
1881
1907
1936
1905
1919
1887
1891
1923
1923
1924
1926
1923
1931
1915
1891
1918
1920
1892
1934
1898
1924
1928
1893
1938
1871
