1920
1920
1891
1891
1915
1915
1921
1921
1929
1929
1927
1927
1921
1921
1894
1894
1913
1913
1925
1925
1942
1942
1939
1939
1887
1887
1933
1933
1905
1905
1913
1913
1861
1861
1907
1907
1912
1912
1944
1944
1897
1897
1927
1927
1901
1901
1902
1902
1935
1935
1933
1933
1932
1932
1910
1910
1919
1919
1930
1930
1905
1905
1908
1908
1928
1928
1923
1923
1891
1891
1894
1894
1931
1931
1920
1920
1928
1928
1910
1910
1917
1917
1922
1922
1913
1913
1908
1908
1925
1925
1906
1906
1884
1884
1900
1900
1902
1902
1901
1901
1910
1910
1912
1912
1905
1905
1899
1899
1925
1925
1922
1922
1884
1884
1923
1923
1925
1925
1890
1890
1915
1915
1923
1923
1920
1920
1921
1921
1912
1912
1920
1920
1917
1917
1916
1916
1880
1880
1922
1922
1910
1910
1925
1925
1927
1927
1889
1889
1890
1890
1924
1924
1928
1928
1915
1915
1905
1905
1912
1912
1920
1920
1879
1879
1882
1882
1880
1880
1879
1879
1918
1918
1931
1931
1895
1895
1920
1920
1929
1929
1931
1931
1938
1938
1909
1909
1906
1906
1919
1919
1941
1941
1943
1943
1914
1914
