1911
1910
1933
1928
1935
1937
1899
1885
1888
1895
1897
1940
1894
1928
1930
1918
1894
1876
1880
1925
1901
1923
1924
1883
1917
1893
1906
1910
1939
1938
1911
1901
1928
1913
1910
1893
1912
1921
1910
1878
1894
1899
1899
1925
1899
1929
1920
1924
1908
1909
1931
1877
1926
1906
1925
1880
1890
1914
1885
1901
1929
1935
1939
1901
1927
1924
1919
1925
1883
1888
1931
1927
1930
1901
1929
1904
1938
1892
1898
1931
1874
1894
1882
1889
1891
1931
1924
1916
1929
1926
1916
1894
1900
1880
1876
1880
1925
1872
1879
1903
1926
1911
1924
1893
1910
1908
1896
1897
1931
1927
1899
1925
1920
1888
1880
1888
1924
1936
1938
1911
1927
1896
1914
1934
1892
1930
1892
1921
1938
1925
1893
1922
1893
1918
1928
1924
1894
1912
1916
1911
1918
1893
1893
1932
1925
1935
1923
1928
1871
1891
1928
1895
1940
1900
1929
1937
1919
1895
1900
1926
1904
1933
1887
1919
1884
1889
1900
1909
1931
1906
1928
1925
1917
1921
1889
1919
1890
1883
1911
1882
1885
1889
1907
1894
1912
1894
1880
1906
1932
1923
1919
1918
1901
1904
1932
1925
1898
1925
1938
1935
1897
1925
1922
1916
1878
1876
1887
1867
1880
1902
1923
1925
1926
1901
1930
1924
1926
1877
1924
1915
1924
1920
1900
1934
1899
