1913
1938
1884
1921
1916
1925
1916
1891
1883
1918
1891
1912
1867
1918
1923
1939
1914
1907
1939
1877
1915
1905
1902
1882
1883
1911
1915
1884
1879
1918
1927
1884
1902
1928
1926
1932
1909
1910
1922
1891
1893
1930
1906
1935
1934
1937
1912
1910
1865
1897
1899
1926
1899
1898
1929
1923
1922
1934
1885
1924
1918
1882
1884
1915
1883
1903
1914
1907
1907
1934
1903
1936
1902
1930
1930
1869
1901
1911
1872
1927
1899
1889
1894
1917
1923
1919
1929
1927
1895
1928
1923
1895
1931
1898
1899
1899
1873
1873
1932
1901
1929
1897
1912
1939
1872
1911
1903
1875
1908
1909
1878
1872
1892
1927
1931
1918
1938
1922
1893
1872
1925
1898
1933
1939
1913
1865
1929
1899
1922
1915
1924
1927
1925
1921
1882
