1923
1910
1908
1897
1909
1888
1910
1888
1866
1917
1918
1909
1913
1896
1887
1901
1892
1890
1903
1913
1938
1907
1912
1885
1903
1913
1904
1907
1897
1929
1935
1905
1885
1899
1908
1908
1897
1908
1901
1896
1893
1897
1915
1901
1884
1923
1891
1897
1927
1903
1910
1895
1895
1921
1902
1886
1931
1894
1905
1910
1912
1901
1906
1883
1899
1904
1911
1906
1892
1882
1914
1887
1895
1892
1905
1920
1910
1903
1886
1896
1917
1904
1909
1906
1898
1905
1898
1902
1899
1901
1864
1895
1896
1896
1892
1915
1895
1900
1901
1915
1906
1904
1866
1893
1914
1886
1874
1895
1911
1899
1859
1894
1901
1919
1889
1879
1914
1915
1888
1888
1892
1899
1902
