1908
1908
1933
1933
1905
1905
1915
1915
1909
1909
1913
1913
1909
1909
1933
1933
1911
1911
1892
1892
1926
1926
1925
1925
1923
1923
1898
1898
1903
1903
1932
1932
1919
1919
1916
1916
1925
1925
1923
1923
1924
1924
1914
1914
1921
1921
1925
1925
1907
1907
1903
1903
1917
1917
1911
1911
1909
1909
1907
1907
1912
1912
1938
1938
1925
1925
1919
1919
1924
1924
1943
1943
1895
1895
1922
1922
1893
1893
1925
1925
1915
1915
1912
1912
1942
1942
1943
1943
1911
1911
1921
1921
1923
1923
1929
1929
1892
1892
1908
1908
1912
1912
1923
1923
1907
1907
1887
1887
1923
1923
1897
1897
1914
1914
1923
1923
1914
1914
1906
1906
1915
1915
1913
1913
1892
1892
1943
1943
1916
1916
1897
1897
1871
1871
1903
1903
1922
1922
1927
1927
1901
1901
1898
1898
1922
1922
1914
1914
1890
1890
1921
1921
1915
1915
1900
1900
1869
1869
1907
1907
1932
1932
1907
1907
1923
1923
1897
1897
1877
1877
1917
1917
1915
1915
1915
1915
1908
1908
1922
1922
1932
1932
1910
1910
1932
1932
1920
1920
1923
1923
1924
1924
1924
1924
1879
1879
1874
1874
1918
1918
1893
1893
1920
1920
1923
1923
1899
1899
1926
1926
1924
1924
1912
1912
1910
1910
1924
1924
1923
1923
1919
1919
1920
1920
1924
1924
1926
1926
1922
1922
1922
1922
1925
1925
1890
1890
1915
1915
1929
1929
1904
1904
1886
1886
1903
1903
1935
1935
1926
1926
1900
1900
1928
1928
