1903
1905
1891
1896
1904
1926
1934
1918
1899
1924
1924
1930
1896
1930
1902
1922
1924
1903
1904
1924
1931
1891
1928
1904
1906
1906
1912
1939
1903
1919
1903
1905
1880
1880
1894
1937
1913
1897
1923
1926
1915
1887
1909
1907
1892
1920
1912
1915
1917
1922
1924
1898
1925
1920
1890
1890
1921
1919
1917
1903
1904
1924
1899
1895
1911
1912
1920
1924
1922
1908
1908
1937
1909
1932
1925
1899
1928
1926
1923
1907
1920
1911
1883
1918
1919
1920
1916
1911
1937
1915
1917
1910
1901
1876
1906
1926
1892
1895
1926
1942
1918
1907
1902
1939
1898
1913
1907
1886
1923
1887
1919
1908
1898
1903
1931
1932
1907
1932
1900
1914
1906
1882
1933
1886
1903
1936
1909
1910
1909
1894
1921
1892
1877
1905
1903
1911
1891
1929
1901
1933
1914
1890
1892
1890
