1879
1879
1905
1905
1937
1937
1932
1932
1942
1942
1907
1907
1911
1911
1936
1936
1931
1931
1925
1925
1895
1895
1891
1891
1870
1870
1869
1869
1879
1879
1877
1877
1942
1942
1894
1894
1875
1875
1927
1927
1866
1866
1870
1870
1875
1875
1897
1897
1940
1940
1912
1912
1916
1916
1912
1912
1907
1907
1930
1930
1934
1934
1907
1907
1917
1917
1914
1914
1887
1887
1917
1917
1913
1913
1905
1905
1940
1940
1929
1929
1904
1904
1909
1909
1921
1921
1927
1927
1925
1925
1872
1872
1912
1912
1885
1885
1894
1894
1920
1920
1898
1898
1920
1920
1914
1914
1918
1918
1916
1916
1906
1906
1867
1867
1868
1868
1919
1919
1900
1900
1900
1900
1914
1914
1900
1900
1939
1939
1912
1912
1884
1884
1871
1871
1920
1920
1917
1917
1889
1889
1883
1883
1905
1905
1919
1919
1886
1886
1884
1884
1917
1917
1900
1900
1909
1909
1907
1907
1907
1907
1937
1937
1913
1913
1934
1934
1901
1901
1903
1903
1876
1876
1897
1897
1902
1902
1915
1915
1942
1942
1942
1942
1924
1924
1909
1909
1921
1921
1918
1918
1920
1920
1914
1914
1889
1889
1907
1907
1904
1904
1884
1884
1922
1922
1913
1913
1906
1906
1939
1939
1918
1918
1906
1906
1909
1909
1907
1907
1933
1933
1939
1939
1924
1924
1897
1897
1931
1931
1900
1900
1927
1927
1926
1926
1905
1905
1911
1911
1890
1890
1887
1887
1905
1905
1931
1931
1904
1904
1895
1895
1897
1897
1888
1888
1900
1900
1886
1886
1914
1914
1879
1879
1887
1887
1875
1875
1893
1893
1879
1879
1879
1879
1900
1900
1897
1897
1927
1927
1895
1895
1934
1934
1924
1924
1922
1922
1912
1912
1909
1909
1921
1921
1909
1909
1906
1906
1939
1939
1908
1908
1906
1906
1914
1914
1870
1870
1912
1912
1920
1920
1912
1912
1920
1920
1938
1938
1920
1920
1909
1909
1908
1908
1940
1940
1895
1895
1908
1908
1888
1888
1905
1905
1919
1919
1908
1908
1918
1918
1910
1910
1914
1914
1923
1923
1884
1884
1923
1923
1882
1882
1916
1916
1885
1885
1911
1911
1878
1878
1905
1905
1908
1908
1925
1925
1909
1909
1914
1914
1913
1913
1896
1896
1916
1916
1941
1941
1900
1900
1937
1937
1903
1903
1909
1909
1900
1900
1890
1890
1894
1894
1924
1924
1879
1879
1914
1914
1881
1881
1920
1920
1886
1886
1922
1922
1894
1894
1924
1924
1901
1901
1902
1902
1906
1906
1934
1934
1905
1905
1902
1902
1917
1917
1929
1929
1935
1935
1899
1899
1874
1874
1875
1875
1898
1898
1892
1892
1905
1905
1882
1882
1900
1900
1913
1913
1923
1923
1904
1904
1899
1899
1932
1932
1935
1935
1903
1903
1930
1930
1933
1933
1870
1870
1897
1897
1928
1928
1894
1894
1927
1927
1916
1916
1903
1903
1933
1933
1903
1903
1939
1939
1901
1901
1909
1909
1930
1930
1906
1906
1919
1919
1920
1920
1879
1879
1882
1882
1937
1937
1910
1910
1884
1884
1890
1890
1892
1892
1923
1923
1882
1882
1889
1889
1927
1927
1911
1911
1926
1926
1916
1916
1916
1916
1932
1932
1930
1930
1913
1913
1913
1913
1884
1884
1900
1900
1930
1930
1933
1933
1911
1911
1910
1910
1933
1933
1885
1885
1896
1896
1890
1890
1901
1901
1877
1877
1918
1918
1889
1889
1879
1879
1929
1929
1917
1917
1893
1893
1899
1899
1905
1905
1905
1905
1881
1881
1905
1905
1925
1925
1917
1917
1885
1885
1914
1914
1929
1929
1905
1905
1903
1903
1924
1924
1903
1903
1899
1899
1894
1894
1922
1922
1919
1919
1894
1894
1924
1924
1921
1921
1932
1932
1930
1930
1927
1927
1911
1911
1899
1899
1926
1926
1907
1907
1899
1899
1905
1905
1901
1901
1912
1912
1909
1909
1935
1935
1934
1934
1939
1939
1903
1903
1906
1906
1910
1910
1910
1910
1909
1909
1885
1885
1922
1922
1943
1943
1921
1921
1920
1920
1924
1924
1914
1914
1900
1900
1941
1941
1919
1919
1880
1880
1883
1883
1912
1912
1886
1886
1917
1917
1919
1919
1920
1920
1906
1906
1903
1903
1905
1905
1930
1930
1921
1921
1878
1878
1928
1928
1907
1907
