1907
1905
1913
1909
1914
1911
1904
1911
1921
1896
1906
1902
1915
1921
1896
1899
1899
1895
1887
1904
1881
1918
1918
1910
1921
1902
1912
1892
1896
1895
1885
1904
1892
1900
1911
1919
1890
1909
1922
1891
1892
1892
1896
1900
1914
1897
1883
1894
1890
1892
1903
1893
1895
1897
1910
1895
1894
1901
1912
1900
1902
1895
1888
1922
1912
1882
1892
1879
1859
1882
1899
1900
1903
1919
1908
1910
1883
1888
1910
1917
1897
1896
1905
1890
1919
1892
1892
1897
1924
1898
1920
1893
1896
1894
1889
1874
1919
1894
1897
1901
1898
1903
1915
1914
1912
1889
1915
1906
1898
1893
1889
1900
1908
1889
1911
1897
1919
1903
1893
1891
1892
1894
1894
1905
1901
1891
1900
1887
1867
1902
1902
1892
1888
1902
1900
1908
1912
1896
1892
1913
1885
1887
1903
1902
1901
1896
1889
1896
1888
1913
1885
1897
1900
1905
1886
1897
1889
1886
1911
1910
1919
1912
1888
1887
1898
1887
1919
1891
1913
1902
1892
1911
1914
1915
1896
1919
1903
1887
1899
1886
1885
1918
1911
1897
1907
1910
1903
1916
1912
1900
1911
1914
1887
1907
1884
1886
1898
1903
1899
1904
1892
1896
1912
1919
1892
1906
1898
1913
1905
1907
1898
1900
1916
1921
1917
1915
1908
1913
1914
1904
1923
1900
1902
1895
1892
1893
1885
1921
1887
1918
1890
1902
1909
1921
1913
1914
1898
1895
1910
1893
1898
1898
1903
1899
1889
1904
1906
1889
1902
1915
1906
1905
1888
1886
1897
1881
1897
1893
1899
1916
1917
1891
1899
1893
1890
1917
1901
1909
1890
1892
1920
1893
1887
1910
1900
1896
1884
1939
1914
1917
1894
1891
1886
1898
1888
1905
1915
1903
1893
1905
1901
1903
1895
1885
1894
1917
1902
1907
1887
1890
1924
1900
1907
1897
1895
1893
1881
1891
1920
1898
1886
1899
1905
1901
1893
1895
1917
1909
1884
1896
1894
1906
1902
1902
1893
1892
1889
1918
1886
1904
1904
1899
1893
1908
1902
1898
1891
1920
1900
1895
1909
1896
1903
1876
1884
1884
1892
1939
1909
1881
1915
1905
1913
1914
1913
1886
1892
1907
1918
1921
1908
1921
1913
1899
1912
1909
1912
1900
1905
1894
1897
1889
1896
1898
1908
1909
1921
1891
1919
1883
1921
1883
1897
1917
1901
1891
1923
1902
1908
1910
1882
1890
1919
1906
1895
1920
1914
1908
1912
1914
1894
1894
1891
1902
1913
1894
1906
1901
1897
1885
1904
1911
1896
1894
1891
1902
1888
1903
1890
1895
1894
1921
1899
1893
1907
1884
1894
1884
1905
1888
1901
1908
1916
1897
1893
1921
1911
1909
1885
1903
1881
1904
1892
1890
1915
1901
1914
1896
1892
1896
1893
1898
1916
1909
1887
1902
1918
1913
1896
1893
1892
1900
1901
1891
1921
1888
1921
1883
1919
1892
1890
1914
1896
1899
1902
1903
1898
1919
1908
1913
1916
1907
1914
1893
1888
1910
1891
1906
1891
1914
1911
1897
1920
1878
1882
1890
1893
1914
1911
1898
1910
1901
1897
1896
1939
1906
1895
1888
1895
1900
1892
1914
1896
1892
1906
1909
1905
1910
1902
1918
1885
1890
1910
1895
1897
1886
1906
1887
1908
1894
1902
1906
1888
1896
1910
1901
1910
1902
1912
1890
1890
1891
1900
1896
1894
1882
1910
1905
1891
1898
1882
1916
1900
1891
1892
1901
1903
1908
1909
1918
1891
1890
1909
1914
1897
1917
1888
1912
1888
1906
1920
1912
1897
1907
1888
1918
1923
1909
1913
1885
1881
1920
1916
1900
1889
1912
1907
1897
1886
1909
1905
1919
1902
1912
1915
1903
1891
1889
1886
1901
1898
1920
1895
1900
1884
1889
1907
1889
1902
1909
1882
1913
1904
1900
1911
1906
1914
1919
1889
1911
1915
1910
1888
1886
1907
1882
1909
1913
1909
1899
1898
1890
1890
1891
1902
1902
1921
1890
1884
1918
1889
1897
1889
1892
1905
1884
1886
1891
1911
1899
1902
1904
1893
1903
1903
1918
1930
1904
1894
1893
1888
1887
1914
1907
1912
1900
1896
1887
1894
1907
1904
1888
1901
1893
1922
1891
1895
1920
1933
1877
1889
1911
1902
1890
1906
1905
1913
1906
1915
1906
1906
1903
1883
1909
1892
1904
1903
1898
1898
1901
1894
1898
1890
1909
1900
1913
1915
1915
1894
1879
1891
1895
1895
1894
1891
1899
1876
1885
1908
1884
1900
1886
1880
1905
1894
1894
1912
1905
1915
1905
1894
1914
1900
1875
1887
1916
1900
1905
1901
1901
1898
1900
1904
1887
1858
1889
1878
1897
1913
1919
1887
1893
1888
1892
1900
1906
1888
1898
1895
1891
1906
1894
1899
1894
1897
1906
1892
1908
1903
1909
1897
1896
1908
1900
1898
1893
1899
1916
1904
1902
1898
1911
1889
1896
1895
1897
1915
1914
1892
1884
1919
1892
1886
1913
1928
1884
1906
1905
1892
1889
1896
1919
1893
1907
1894
1909
1890
1897
1900
1903
1917
1913
1912
1923
1888
1901
1906
1903
1895
1907
1898
1903
1877
1905
1912
1915
1891
1889
1889
1922
1911
1911
1910
1902
1894
1896
1899
1902
1899
1904
1910
1888
1898
1896
1902
1887
1886
1888
1906
1899
1899
1890
1898
1913
1890
1886
1884
1896
1898
1915
