1919
1905
1904
1910
1880
1904
1919
1896
1904
1908
1915
1913
1908
1937
1906
1931
1900
1908
1928
1909
1931
1928
1904
1893
1932
1901
1882
1881
1923
1894
1923
1923
1904
1885
1885
1926
1922
1913
1881
1924
1900
1895
1870
1925
1925
1920
1886
1924
1909
1938
1905
1907
1881
1887
1876
1909
1932
1936
1914
1919
1927
1916
1920
1923
1914
1902
1920
1909
1890
1923
1890
1926
1907
1901
1915
1913
1907
1935
1926
1938
1931
1913
1941
1930
1925
1910
1879
1913
1905
1899
1913
1906
1920
1883
1889
1905
1927
1924
1897
1917
1904
1932
1894
1897
1904
1910
1933
1905
1921
1921
1908
1917
1937
1925
1928
1889
1888
1923
1926
1903
1903
1906
1932
1919
1920
1893
1925
1920
1901
1925
1927
1923
1887
1930
1904
1920
1909
1918
1886
1921
1916
1928
1900
1930
1910
1906
1919
1887
1906
1922
1930
1898
1928
1899
1924
1919
1885
1889
1911
1943
1872
1910
1871
1937
1914
1939
1930
1922
1924
