1900
1900
1900
1900
1900
1900
1900
1900
1900
1900
1900
1900
1900
1900
1917
1917
1900
1900
1900
1900
1900
1900
1900
1900
1900
1900
1900
1900
1900
1900
1900
1900
1900
1900
1900
1900
1918
1918
1900
1900
1900
1900
1900
1900
1900
1900
1876
1876
1900
1900
1925
1925
1900
1900
1900
1900
1900
1900
1900
1900
1900
1900
1900
1900
1900
1900
1900
1900
1900
1900
1900
1900
1900
1900
1900
1900
1900
1900
1919
1919
1900
1900
1916
1916
1909
1909
1900
1900
1914
1914
1900
1900
1860
1860
1900
1900
1900
1900
1935
1935
1900
1900
1900
1900
1900
1900
