1864
1865
1863
1881
1860
1878
1860
1858
1870
1868
1878
1864
1866
1863
1864
1871
1868
1865
1860
1865
1870
1862
1872
1870
1868
1866
1867
1862
1860
1868
1862
1865
1864
1867
1866
1872
1872
1855
1865
1867
1866
1871
1868
1866
1866
1862
1871
1857
1887
1868
1875
1875
1870
1868
1876
1873
1872
1864
1859
1878
1871
1874
1877
1868
1865
1875
1870
1866
1860
1879
1876
1870
1854
1866
1867
1871
1869
1874
1864
1866
1883
1869
1871
1861
1878
1856
1867
1868
1865
1862
1870
1877
1863
1872
1871
1868
1864
1869
1872
1873
1870
1868
1874
1876
1870
1874
1863
1868
1875
1872
1857
1871
1874
1870
1871
1872
1870
1872
1862
1867
1860
1868
1875
1873
1863
1882
1865
1865
1887
1868
1872
1867
1872
