1888
1888
1924
1924
1925
1925
1927
1927
1927
1927
1905
1905
1905
1905
1931
1931
1933
1933
1912
1912
1890
1890
1929
1929
1916
1916
1927
1927
1915
1915
1920
1920
1925
1925
1911
1911
1926
1926
1919
1919
1883
1883
1897
1897
1928
1928
1859
1859
1896
1896
1880
1880
1900
1900
1911
1911
1929
1929
1924
1924
1896
1896
1929
1929
1924
1924
1923
1923
1907
1907
1907
1907
1883
1883
1931
1931
1919
1919
1928
1928
1918
1918
1925
1925
1926
1926
1893
1893
1900
1900
1926
1926
1894
1894
1925
1925
1923
1923
1887
1887
1925
1925
1890
1890
1940
1940
1897
1897
1873
1873
1874
1874
1897
1897
1910
1910
1932
1932
1906
1906
1940
1940
1930
1930
1899
1899
1918
1918
1879
1879
1931
1931
1901
1901
1900
1900
1929
1929
1908
1908
1895
1895
1895
1895
1924
1924
1934
1934
1944
1944
1905
1905
1908
1908
1910
1910
1907
1907
1938
1938
1904
1904
1908
1908
1891
1891
1887
1887
1923
1923
1907
1907
1917
1917
1908
1908
1933
1933
1908
1908
1909
1909
1942
1942
1915
1915
1931
1931
1927
1927
1906
1906
1936
1936
1927
1927
1885
1885
1910
1910
1920
1920
1914
1914
1918
1918
1905
1905
1937
1937
1919
1919
1894
1894
1900
1900
1932
1932
1930
1930
1907
1907
1919
1919
1900
1900
1938
1938
1903
1903
1920
1920
