1947
1914
1900
1933
1940
1934
1940
1947
1910
1908
1913
1925
1934
1936
1921
1888
1913
1945
1905
1929
1918
1920
1924
1942
1948
1910
1945
1907
1948
1928
1928
1940
1923
1917
1923
1947
1910
1908
1941
1933
1936
1917
1939
1930
1924
1948
1912
1916
1909
1860
1938
1940
1913
1907
1946
1921
1928
1911
1920
1927
1925
1921
1939
1948
1912
1946
1908
1925
1899
1941
1942
1909
1920
1919
1920
1928
1941
1940
1936
1921
1948
1918
1909
1938
1915
1908
1919
1938
1930
1933
1942
1939
1937
1937
1914
1942
1898
1940
1917
1932
1913
1906
1949
1927
1923
1918
1922
1934
1936
1927
1900
1931
1929
1913
1948
1910
1904
1946
1900
1945
1910
1947
1908
1918
1915
1947
1910
1901
1923
1942
1932
1928
1893
1915
1943
1948
1933
1938
1940
1942
1912
1947
1950
1936
1932
1932
1894
1905
1909
1907
1931
1934
1940
1940
1912
1919
1923
1889
1912
1925
1940
1920
1943
1912
1923
1924
1918
1925
1938
1919
1942
1918
1920
1889
1892
1926
1908
1895
1915
1913
1908
1910
1942
1896
1947
1908
1920
1918
1932
1913
1943
1920
1907
1905
1940
1906
1936
1936
1936
1902
1903
1907
1947
1918
1916
1931
1933
1941
1913
1947
1908
1869
1888
1925
1933
1940
1937
1913
1947
1948
1915
1932
1918
1914
1917
1935
1927
1923
1918
1918
1916
1948
1941
1925
1936
1902
1935
1909
1936
1913
1921
1939
1934
1942
1907
1940
1919
1918
1931
1905
1929
1936
1938
1900
1908
1919
1910
1907
1908
1940
1937
1919
1948
1940
1926
1906
1943
1937
1910
1917
1941
1908
1941
1934
1909
1941
1930
1935
1909
1946
1883
1884
1901
1933
1931
1909
1911
1904
1947
1940
1911
1942
1937
1922
1930
1888
1941
1908
1949
1926
1946
1911
1910
1925
1902
1910
1910
1925
1946
1913
1883
1941
1941
1934
1949
1908
1918
1919
1936
1903
1911
1940
1934
1941
1923
1921
1925
1927
1917
1927
1941
1918
1945
1936
1941
1914
1885
1920
1945
1914
1946
1905
1946
1925
1922
1941
1875
1914
1913
1948
1896
1910
1910
1944
1944
1942
1942
1918
1910
1945
1947
1912
1912
1918
1922
1908
1914
1920
1934
1927
1911
1945
1919
1937
1919
1936
1899
1908
1920
1927
1923
1917
1918
1916
1948
1917
1888
1905
1911
1915
1940
1940
1935
1940
1910
1918
1934
1925
1948
1905
1940
1906
1919
1914
1925
1913
1919
1876
1934
1926
1914
1905
1899
1931
1902
1936
1893
1929
1918
1941
1905
1924
1897
1938
1876
1876
1908
1926
1925
1915
1901
1923
1943
1918
1920
1945
1939
1945
1915
1916
1916
1949
1914
1937
1948
1895
1915
1918
1909
1946
1949
1920
1926
1942
1915
1888
1929
1947
1939
1908
1932
1915
1941
1928
1914
1948
1925
1913
1947
1925
1929
1923
1931
1944
1915
1915
1945
1909
1949
1912
1944
1917
1942
1910
1941
1947
1909
1913
1917
1922
1946
1915
1925
1918
1874
1937
1929
1895
1868
1910
1913
1945
1913
1924
1929
1901
1905
1941
1935
1908
1920
1918
1918
1942
1944
1904
1940
1907
1938
1940
1905
1916
1924
1914
1943
1941
1908
1882
1934
1941
1949
1911
1919
1947
1905
1947
1917
1899
1905
1932
1925
1919
1947
1934
1940
1932
1924
1908
1940
1940
1947
1948
1945
1919
1914
1915
1943
1910
1930
1913
1943
1906
1934
1899
1930
1932
1942
1895
1938
1888
1904
1932
1927
1929
1901
1922
1923
1927
1947
1934
1941
1926
1912
1940
1948
1918
1918
1918
1899
1916
1939
1912
1932
1941
1903
1933
1939
1900
1947
1933
1905
1907
1934
1948
1904
1906
1903
1912
1909
1913
1910
