1888
1888
1888
1888
1888
1888
1888
1888
1912
1912
1912
1912
1917
1917
1917
1917
1906
1906
1908
1908
1939
1939
1909
1909
1911
1911
1900
1900
1943
1943
1925
1925
1923
1923
1892
1892
1927
1927
1897
1897
1906
1906
1920
1920
1915
1915
1900
1900
1897
1897
1929
1929
1889
1889
1885
1885
1887
1887
1897
1897
1897
1897
1927
1927
1895
1895
1928
1928
1897
1897
1919
1919
1929
1929
1896
1896
1916
1916
1916
1916
1910
1910
1911
1911
1923
1923
1908
1908
1894
1894
1894
1894
1925
1925
1925
1925
1894
1894
1894
1894
1902
1902
1911
1911
1899
1899
1898
1898
1926
1926
1906
1906
1928
1928
1923
1923
1920
1920
1902
1902
1902
1902
1912
1912
1896
1896
1922
1922
1895
1895
1936
1936
1901
1901
1929
1929
1932
1932
1911
1911
1924
1924
1925
1925
1896
1896
1898
1898
1923
1923
1904
1904
1924
1924
1926
1926
1934
1934
1894
1894
1939
1939
1906
1906
1929
1929
1893
1893
1898
1898
1910
1910
1911
1911
1896
1896
1914
1914
1929
1929
1900
1900
1923
1923
1908
1908
1924
1924
1926
1926
1926
1926
1925
1925
1925
1925
1897
1897
1897
1897
1912
1912
1903
1903
1910
1910
1931
1931
1906
1906
1907
1907
1909
1909
1901
1901
1880
1880
1902
1902
1905
1905
1901
1901
1928
1928
1901
1901
1929
1929
1909
1909
1917
1917
1903
1903
1904
1904
1888
1888
1888
1888
1920
1920
1920
1920
1910
1910
1892
1892
1924
1924
1913
1913
1915
1915
1915
1915
1904
1904
1908
1908
1904
1904
1920
1920
1892
1892
1882
1882
1918
1918
1909
1909
1910
1910
1902
1902
1871
1871
1907
1907
1900
1900
1915
1915
1907
1907
1916
1916
1910
1910
1936
1936
1932
1932
1909
1909
1931
1931
1934
1934
1910
1910
1923
1923
1925
1925
1915
1915
1909
1909
1937
1937
1893
1893
1904
1904
1909
1909
1911
1911
1919
1919
1889
1889
1919
1919
1944
1944
1939
1939
1898
1898
1919
1919
1895
1895
1923
1923
1916
1916
1895
1895
1926
1926
1914
1914
1894
1894
1926
1926
1922
1922
1909
1909
1903
1903
1901
1901
1926
1926
1896
1896
1924
1924
1898
1898
1892
1892
1927
1927
1899
1899
1877
1877
1914
1914
1910
1910
1915
1915
1905
1905
1906
1906
1934
1934
1905
1905
1932
1932
1932
1932
1908
1908
1909
1909
1909
1909
1934
1934
1934
1934
1913
1913
1913
1913
1909
1909
1909
1909
1879
1879
1879
1879
1933
1933
1897
1897
1925
1925
1905
1905
1905
1905
1933
1933
1907
1907
1911
1911
1904
1904
1936
1936
1879
1879
1893
1893
1927
1927
1925
1925
1894
1894
1898
1898
1937
1937
1896
1896
1916
1916
1915
1915
1887
1887
1920
1920
1887
1887
1925
1925
1883
1883
1925
1925
