1920
1927
1911
1914
1917
1913
1911
1913
1916
1902
1909
1915
1904
1899
1933
1898
1940
1940
1930
1891
1928
1908
1892
1925
1878
1881
1915
1921
1921
1939
1939
1878
1878
1911
1911
1888
1888
1929
1929
1916
1916
1880
1916
1923
1925
1886
1914
1875
1877
1922
1931
1942
1904
1904
1902
1907
1916
1907
1922
1892
1901
1929
1871
1931
1905
1908
1893
1924
1928
1916
1929
1929
1926
1901
1934
1932
1908
1905
1933
1938
1905
1912
1872
1919
1900
1924
1901
1909
1909
1900
1923
1868
1898
1930
1933
1937
1900
1900
1934
1898
1896
1896
1918
1882
1905
1882
1926
1932
1908
1906
1938
1935
1908
1909
1917
1918
1904
1904
1910
1910
1933
1933
1917
1908
1880
1922
1919
1922
1939
1912
1883
1882
1913
1939
1914
1937
1897
1919
1898
1924
1932
1898
1929
1937
1897
1901
1888
1923
1928
1900
1903
1904
1938
1914
1915
1890
1893
1926
1924
1918
1879
1928
1899
1912
1904
1942
1898
1898
1914
1896
1893
1926
1915
1915
1925
1922
1904
1909
1932
1931
1893
1862
1922
1921
1930
1930
1891
1916
1910
1905
1900
1915
1820
1925
1927
1914
1901
1935
1928
1903
1891
1934
1896
1914
1906
1894
1935
1911
1922
1919
1924
1917
1913
1911
1919
1883
1890
1939
1908
1908
1942
1894
1919
1919
1914
1922
1940
1908
1900
1905
1926
1890
1925
1909
1911
1927
1904
1930
1914
1884
1932
1904
1926
1929
1893
1893
1921
1924
1884
1892
1913
1897
1926
1897
1915
1902
1917
1927
1929
1897
1923
1918
1893
1920
1906
1898
1921
1929
1920
1926
1925
1905
1895
1924
1890
1905
1928
1905
1899
1900
1929
1927
1900
1924
1937
1937
1937
1909
1909
1932
1932
1928
1902
1934
1932
1936
1930
1888
1913
1918
1900
1891
1900
1891
1928
1917
1932
1911
1912
1907
1873
1914
1905
1924
1891
1890
1922
1912
1938
1909
1911
1903
1905
1928
1902
1898
1900
1896
1909
1912
1911
1911
1893
1888
1913
1913
1920
1911
1919
1916
1921
1921
1928
1932
1897
1930
1912
1921
1917
1930
1893
1886
1914
1919
1914
1909
1925
1887
1908
1922
1908
1937
1907
1935
1933
1905
1935
1902
1927
1933
1904
1902
1904
1902
1930
1897
1926
1925
1914
1929
1922
1876
1876
1895
1920
1918
1889
1917
1926
1908
1908
1912
1909
1890
1890
1916
1910
1914
1939
1908
1908
1914
1886
1882
1924
1935
1892
1929
1925
1902
