1878
1873
1882
1893
1910
1934
1873
1886
1876
1888
1886
1893
1877
1894
1875
1895
1905
1908
1884
1876
1913
1907
1885
1880
1911
1882
1919
1906
1872
1869
1882
1885
1890
1895
1875
1887
1916
1888
1887
1923
1914
1886
1932
1931
1889
1907
1886
1884
1872
1882
1883
1896
1873
1876
1927
1921
1878
1889
1926
1892
1874
1880
1906
1928
1893
1879
1925
1923
1893
1888
1893
1889
1896
1871
1912
1877
1897
1916
1921
1887
1895
1930
1895
1922
1928
1869
1893
1893
1926
1892
1932
1895
1929
1894
1927
1897
1876
1880
1887
1881
1884
1929
1889
1918
1891
1914
1880
1883
1928
1888
1904
1910
1891
1884
1878
1897
1894
1884
1865
1875
1877
1882
1934
1899
1884
1908
1868
1894
1888
1891
1870
1894
1928
1932
1883
1882
1937
1904
1874
1874
1907
1884
1881
1876
1895
1881
1903
1884
1879
1894
1873
1886
1878
1891
1898
1886
1882
1896
1899
1930
1898
1931
1896
1893
1882
1930
1875
1895
1897
1892
1929
1905
1873
1893
1879
1895
1877
1931
1884
1890
1920
1888
1890
1890
1893
1882
1877
1880
1894
1869
1901
1892
1872
1889
1886
1872
1882
1881
1872
1875
1882
1893
1880
1882
1878
1877
1868
1896
1872
1868
1898
1884
1876
1921
1886
1896
1929
1920
1934
1894
1926
1872
1885
1922
1895
1895
1879
1904
1886
1882
1873
1876
1877
1899
1892
1877
1897
1900
1926
1881
1928
1865
1890
1882
1874
1882
1890
1886
1885
1872
1888
1887
1879
1872
1877
1899
1930
1880
1876
1882
1905
1885
1889
1890
1900
1888
1879
1881
1874
1877
1889
1880
1877
1888
1879
1878
1892
1881
1876
1906
1890
1884
1885
1882
1870
1895
1870
1866
1888
1876
1882
1873
1903
1872
1870
1878
1872
1878
1891
1879
1872
1873
1907
1874
1883
1877
1878
1882
1893
1870
1880
1930
1924
1896
1891
1879
1878
1885
1926
1880
1877
1882
1893
1891
1891
1873
1879
1902
1876
1875
1874
1887
1900
1884
1875
1874
1871
1876
1878
1869
1890
1896
1879
1897
1890
1886
1879
1899
1895
1892
1890
1885
1887
1875
1894
1887
1882
1896
1930
1885
1926
1897
1901
1884
1890
1876
1880
1887
1885
1873
1884
1888
1880
1875
1885
1869
1876
1889
1874
1880
1929
1891
1873
1878
1889
1877
1870
1873
1872
1877
1876
1879
1879
1873
1879
1879
1897
1898
1880
1886
1879
1878
1923
1926
1890
1874
1872
1903
1891
1876
1875
1879
1878
1904
1873
1870
1874
1874
1896
1880
1874
1914
1882
1868
1871
1876
1884
1870
1870
1880
1889
1883
1897
1877
1886
1922
1878
1878
1880
1892
1879
1905
1885
1929
1920
1894
1877
1881
1905
1885
1878
1874
1892
1895
1864
1919
1917
1895
1926
1893
1877
1886
1886
1890
1894
1890
1869
1883
1882
1877
1897
1874
1880
1898
1926
1899
1930
1900
1887
1877
1886
1888
1879
1874
1875
1879
1877
1895
1890
1882
1881
1898
1870
1899
1902
1862
1874
1912
1899
1914
1893
1893
1881
1876
1939
1932
1897
1899
1885
1890
1933
1926
1869
1871
1877
1880
1877
1864
1889
1874
1870
1891
1868
1909
1871
1939
1881
1903
1896
1881
1884
1880
1896
1928
1896
1888
1901
1889
1888
1888
1935
1897
1884
1877
1897
1881
1882
1882
1873
1877
1888
1884
1878
1904
1876
1869
1875
1882
1889
1883
1896
1889
1886
1888
1878
1895
1899
1868
1892
1896
1900
1876
1893
1874
1897
1870
1864
1906
1880
1885
1894
1903
1903
1897
1923
1880
1882
1888
1888
1874
1930
1870
1907
1892
1905
1923
1924
1926
1888
1884
1897
1880
1869
1872
1879
1888
1882
1885
1892
1897
1896
1925
1928
1931
1894
1879
1875
1880
1884
1905
1927
1874
1877
1932
1898
1901
1872
1876
1896
1877
1883
1892
1883
1882
1877
1876
1869
1876
1880
1872
1879
1879
1885
1916
1889
1882
1890
1879
1875
1881
1888
1923
1886
1893
1871
1886
1879
1880
1880
1876
1892
1914
1883
1876
1887
1884
1895
1876
1875
1877
1862
1921
1883
1871
1862
1908
1872
1881
1893
1891
1929
1894
1930
1875
1901
1871
1871
1936
1936
1880
1880
1888
1888
1882
1882
1925
1925
1929
1929
1899
1899
1878
1878
1921
1921
1866
1874
1866
1874
1899
1899
1880
1880
1874
1874
1891
1891
1899
1899
1885
1885
1929
1929
1881
1881
1880
1880
1916
1916
1878
1891
1891
1878
1890
1890
1895
1895
1875
1875
1880
1880
1922
1922
1886
1886
1926
1926
1885
1885
1890
1890
1868
1868
1874
1874
1896
1896
1871
1871
1878
1878
1863
1863
1871
1871
1875
1875
1874
1874
1875
1875
1882
1884
1889
1881
1890
1892
1891
1874
1877
1892
1895
1875
1883
1883
1875
1879
1893
1886
1893
1880
1859
1864
1879
1893
1896
1927
1906
1900
1894
1877
1904
1886
1869
1913
1903
1886
1874
1885
1879
1889
1881
1924
1881
1896
1887
1891
1892
1926
1887
1922
1895
1879
1870
1890
1878
1886
1891
1878
1875
1902
1872
1871
1872
1871
1880
1894
1911
1880
1880
1880
1881
1885
1911
1876
1878
1885
1879
1929
1884
1897
1896
1932
1873
1900
1886
1889
1878
1884
1887
1875
1881
1892
1885
1870
1911
1897
1876
1888
1887
1906
1891
1884
1875
1878
1868
1899
1881
1907
1882
1894
1880
1903
1875
1905
1890
1881
1879
1878
1895
1924
1895
1892
1900
1869
1877
1890
1878
1885
1926
1887
1876
1872
1873
1883
1882
1879
1891
1883
1889
1876
1876
1875
1876
1874
1877
1875
1884
1868
1877
1885
1891
1869
1893
1875
1897
1878
1879
1929
1895
1899
1872
1928
1887
1925
1897
1870
1877
1875
1913
1889
1894
1880
1879
1880
1880
1901
1874
1884
1897
1897
1871
1878
1894
1887
1885
1889
1875
1881
1926
1877
1902
1877
1896
1890
1892
1923
1886
1885
1884
1876
1887
1919
1891
1925
1880
1884
1878
1877
1879
1892
1888
1895
1922
1885
1885
1878
1888
1880
1880
1895
1886
1873
1879
1873
1874
1876
1874
1873
1875
1871
1871
1908
1884
1856
1884
1877
1878
1893
1882
1888
1901
1879
1885
1888
1878
1887
1885
1890
1877
1905
1886
1874
1881
1878
1870
1899
1875
1876
1888
1891
1880
1882
1858
1900
1882
1895
1899
1909
1915
1909
1899
1883
