1926
1940
1906
1906
1907
1935
1859
1879
1925
1933
1908
1906
1904
1908
1934
1933
1924
1924
1874
1876
1928
1926
1923
1901
1933
1928
1935
1892
1923
1928
1894
1910
1915
1914
1880
1887
1905
1909
1938
1912
1884
1884
1934
1920
1936
1922
1890
1935
1905
1907
1903
1912
1904
1883
1928
1918
1892
1928
1920
1931
1929
1889
1895
1927
1924
1902
1933
1905
1934
1930
1924
1904
1908
1937
1929
1888
1923
1927
1887
1904
1931
1904
1935
1903
1919
1897
1887
1906
1912
1935
1927
1925
1895
1895
1921
1930
1930
1922
1875
1894
1932
1879
1916
1904
1941
1905
1877
1917
1916
1886
1934
1890
1924
1942
1912
1901
1905
1928
1924
1925
1895
1900
1904
1925
1928
1904
1917
1922
1922
1924
1867
1926
1913
1887
1913
1927
1912
1907
1910
1940
1889
1918
1933
1940
1906
1911
1911
1912
1896
1892
1914
1913
1911
1906
1875
1909
1898
1902
1908
1912
1873
1900
1907
1932
1934
1905
1941
1912
1907
1933
1929
1905
1940
1936
1891
1920
1890
1926
1923
1890
1920
1918
1893
1893
1898
1911
1928
1897
1889
1911
1889
1939
1918
1912
1942
1906
1905
1890
1927
1922
1928
1899
1934
1894
1900
1895
1930
1933
1911
1923
1900
1913
1924
1923
1892
1920
1923
