1904
1906
1883
1909
1897
1925
1886
1912
1921
1915
1913
1884
1885
1895
1919
1907
1907
1909
1902
1910
1881
1922
1924
1885
1880
1891
1908
1919
1880
1878
1880
1918
1914
1939
1915
1918
1923
1926
1913
1884
1921
1892
1894
1918
1907
1912
1876
1914
1935
1908
1911
1933
1928
1931
1888
1925
1898
1882
1918
1921
1922
1872
1907
1930
1931
1875
1917
1880
1912
1911
1877
1904
1907
1899
1888
1923
1921
1881
1917
1905
1940
1887
1874
1890
1908
1871
1937
1935
1901
1904
1937
1935
1917
1930
1901
1904
1926
1899
1894
1885
1862
1902
1879
1903
1938
1908
1911
1883
1916
1922
1882
1922
1877
1874
1918
1874
1939
1912
1940
