1917
1918
1939
1917
1912
1885
1910
1937
1925
1898
1923
1898
1929
1919
1936
1927
1929
1923
1886
1914
1926
1889
1919
1930
1933
1900
1939
1904
1870
1905
1907
1907
1938
1904
1902
1892
1923
1925
1885
1906
1888
1890
1915
1917
1920
1922
1917
1939
1930
1906
1936
1940
1900
1934
1903
1908
1926
1895
1919
1924
1922
1894
1919
1928
1925
1892
1890
1927
1934
1930
1935
1908
1891
1887
1896
1918
1889
1876
1927
1889
1922
1914
1883
1895
1920
1923
1910
1910
1938
1936
1911
1902
1895
1896
1933
1927
1925
1897
1932
1904
1928
1929
1924
1895
1916
1926
1936
1918
1930
1894
1922
1933
1932
1904
1929
1901
1937
1903
1896
1870
1927
1934
1897
1897
1929
1925
1935
1935
1926
1929
1896
1920
