1875
1925
1937
1903
1909
1931
1888
1913
1878
1912
1875
1910
1871
1903
1913
1914
1870
1866
1914
1912
1937
1911
1882
1934
1909
1912
1882
1870
1910
1914
1902
1875
1914
1879
1883
1907
1893
1893
1926
1934
1901
1892
1909
1920
1909
1932
1905
1893
1908
1876
1913
1904
1880
1891
1889
1924
1929
1874
1886
1916
1918
1911
1880
1886
1919
1893
1924
1927
1920
1922
1891
1924
1896
1914
1903
1935
1910
1919
1877
1924
1927
1921
1897
1914
1910
1915
1913
1921
1894
1917
1883
1900
1911
1931
1897
1887
1885
1912
1912
1913
1882
1884
1876
1883
1941
1916
1928
1933
1902
1908
1907
1868
1900
1915
1899
1904
1911
1931
1909
1933
1906
1931
1939
1911
1898
1925
1909
1909
1895
1917
1929
1906
1928
1928
1924
1901
1921
1913
1931
1925
1922
1927
1897
1901
1904
1901
1904
1935
1929
1901
1938
1933
1896
1908
1907
1914
1874
1910
1889
1927
1923
1900
1931
1890
1914
1914
1918
1924
1885
1926
1909
1883
1929
1888
1913
1922
1890
1939
1916
1937
1907
1911
1910
1924
1895
1880
1926
1928
1903
1931
1900
1875
1917
1927
1919
1919
1911
1882
1867
1939
1924
1915
1894
1924
1904
1926
1895
1895
1924
1903
1900
1926
1939
1905
1893
1872
1908
1900
1887
1887
1912
1933
1926
1919
1917
1915
1914
1885
1893
1924
1919
1913
1908
1871
1872
1900
1887
1922
1885
1923
1920
1893
1885
1908
1939
1918
1906
1888
1915
1909
1887
1917
1863
1908
1872
1910
1877
1873
1885
1912
1915
1898
1932
1898
1927
1924
1890
1925
1922
1916
1878
1885
1919
1909
1908
1934
1928
1931
1905
1938
1909
1927
1897
1888
1926
1923
1891
1905
1912
1877
1905
1938
1908
1871
1900
1906
1890
1890
1896
1912
1889
1890
1935
1906
1931
1913
1888
1912
1889
1891
1894
1870
1891
1899
1897
1925
1933
1894
1916
1894
1918
1885
1899
1932
1905
1907
1892
1893
1909
1893
1892
1895
1928
1868
1921
1908
1894
1917
1937
