1919
1919
1918
1918
1875
1875
1931
1931
1899
1899
1893
1893
1905
1905
1908
1908
1913
1913
1925
1925
1893
1893
1890
1890
1929
1929
1885
1885
1919
1919
1888
1888
1922
1922
1883
1883
1927
1931
1927
1931
1930
1930
1898
1898
1881
1881
1879
1879
1940
1899
1909
1936
1940
1899
1909
1936
1917
1917
1901
1901
1903
1903
1929
1929
1927
1927
1928
1928
1919
1919
1897
1897
1936
1936
1934
1934
1932
1932
1904
1904
1913
1913
1912
1912
1918
1918
1920
1920
1914
1914
1910
1910
1917
1917
1941
1941
1921
1921
1913
1913
1916
1916
1900
1900
1914
1914
1919
1919
1878
1878
1887
1887
1913
1913
1918
1918
1910
1910
1862
1862
1860
1860
1924
1924
