1916
1912
1919
1904
1913
1912
1914
1920
1910
1913
1912
1912
1880
1906
1922
1907
1901
1915
1921
1916
1913
1920
1908
1913
1909
1914
1920
1877
1915
1912
1915
1913
1910
1914
1915
1909
1888
1913
1917
1903
1913
1911
1919
1913
1917
1922
1912
1907
1916
1913
1910
1912
1913
1880
1917
1912
1919
1901
1900
1920
1898
1912
1900
1921
1917
1913
1916
1911
1915
1910
1913
1917
1910
1914
1907
1910
1898
1923
1919
1919
1914
1898
1902
1916
1914
1880
1910
1913
1907
1905
1901
1903
1905
1913
1912
1915
1913
1915
1914
1910
1914
1904
1902
1916
1910
1912
1913
1912
1905
1915
1920
1917
1913
1920
1918
1885
1904
1918
1913
1906
1913
1906
1899
1914
1912
1908
1916
1920
1911
1901
1919
1910
1918
1920
1911
1922
1883
1901
1901
1888
1913
1912
1910
1903
1902
1912
1908
1920
1911
1924
1903
1899
1909
1900
1895
1918
1910
1914
1911
1911
1915
1910
1917
1919
1912
1915
1899
1913
1912
1916
1909
1902
1915
1911
1912
1916
1920
1899
1921
1912
1920
1907
1912
1904
1918
1908
1905
1909
1919
1902
1908
1919
1918
1914
1923
1901
1916
1905
1903
