1912
1938
1872
1874
1879
1877
1903
1910
1877
1919
1913
1910
1880
1895
1927
1892
1930
1924
1922
1920
1899
1899
1925
1923
1899
1872
1867
1907
1928
1888
1915
1890
1909
1885
1930
1877
1907
1935
1887
1905
1930
1918
1914
1912
1932
1910
1919
1913
1937
1872
1909
1911
1937
1910
1865
1895
1912
1908
1901
1939
1930
1940
1906
1933
1898
1885
1921
1932
1934
1928
1925
1894
1893
1918
1938
1909
1903
1908
1936
1938
1926
1913
1899
1928
1902
1923
1925
1928
1905
1910
1939
1894
1934
1910
1906
1918
1876
1870
1918
1878
1887
1916
1891
1932
1935
1934
1904
1920
1937
1888
1922
1920
1889
1934
1939
1938
1909
1932
1877
1929
1932
1927
1894
1892
1918
1900
1910
1899
1928
1908
1914
1870
1915
1904
1873
1929
1939
1872
1935
1925
1928
1896
1923
1896
1866
1890
1903
1927
1917
1923
1905
1910
1932
1931
1880
1867
1899
1912
1914
1930
1908
1909
1899
1935
1926
1892
1919
1898
1922
1916
1914
1904
1904
1900
1933
1928
1903
1925
1906
1897
1936
1902
1902
1906
1875
1910
1904
1912
1874
1874
1902
1916
1911
1912
1875
1915
1880
1927
1916
1906
1930
1935
1894
1932
1884
1865
1911
1922
1901
1903
1883
1880
1935
1904
1904
1932
1922
1882
1878
1904
1858
1908
1932
1907
1939
1926
1934
1893
1933
1883
1887
1915
1905
1906
1868
1906
1932
1930
1913
1935
1907
1934
1905
1905
1906
1913
1928
1932
1922
1926
1875
1875
1910
1931
1911
1940
1939
1906
1906
1920
1917
1882
1884
1892
1924
1931
1903
1930
1899
1904
1905
1939
1936
1879
1905
1877
1903
1874
1903
1879
1910
1905
1934
1939
1909
1906
1930
1893
1927
1924
1921
1863
