1927
1911
1927
1925
1898
1924
1919
1919
1928
1915
1909
1904
1929
1907
1860
1920
1929
1927
1895
1917
1922
1924
1931
1889
1937
1924
1928
1935
1906
1910
1877
1912
1921
1876
1930
1937
1902
1892
1923
1925
1913
1934
1940
1886
1928
1918
1940
1911
1923
1925
1891
1890
1916
1890
1910
1881
1934
1918
1911
1940
1924
1894
1895
1926
1919
1922
1896
1924
1930
1903
1919
1885
1909
1915
1912
1912
1924
1884
1886
1888
1916
1915
1915
1899
1932
1896
1907
1928
1930
1899
1919
1910
1929
1919
1874
1937
1925
1930
1923
1937
1920
1901
1929
1928
1901
1897
1924
1927
1922
1933
1905
1935
1939
1907
1938
1921
1933
1920
1890
1890
1922
1928
1925
1928
1887
1895
1894
1923
1920
1925
1940
1908
1924
1919
1929
1926
1916
1884
1921
1891
1928
1923
1925
1930
1927
1889
1887
1892
1889
1919
1890
1925
1901
1940
1922
1918
1890
1925
1920
1926
1913
1905
1915
1896
1928
1929
1926
1921
1897
1930
1922
1883
1914
1918
1910
1930
1920
1927
1930
1894
1917
1923
1922
1908
1892
1919
1925
1890
1928
1921
1897
1923
1923
1877
1903
1910
1936
1938
1934
1940
1904
1906
1908
1908
1877
1923
1924
1891
1924
1926
1920
1895
1907
1883
1912
1909
1939
1922
1885
1900
1927
1920
1927
1923
1877
1898
1897
1924
1935
1870
1927
1932
1920
1892
1875
1903
1904
1925
1890
1927
1922
1884
1909
1939
1933
1907
1903
1911
1916
1924
1906
1883
1910
1878
1876
1905
1918
1905
1912
1915
1904
1929
1935
1899
1921
1923
1924
1900
1907
1933
1938
1908
1925
1920
1890
1912
1917
1909
1931
1933
1902
1905
1934
1903
1870
