1879
1879
1902
1902
1929
1929
1931
1931
1936
1936
1927
1927
1906
1906
1913
1913
1927
1927
1933
1933
1881
1881
1929
1929
1889
1889
1928
1928
1898
1898
1925
1925
1899
1899
1911
1911
1922
1922
1912
1912
1905
1905
1891
1891
1918
1918
1889
1889
1893
1893
1902
1902
1906
1906
1938
1938
1932
1932
1907
1907
1877
1877
1867
1867
1938
1938
1904
1904
1875
1875
1868
1868
1876
1876
1860
1860
1866
1866
1890
1890
1923
1923
1868
1868
1890
1890
1920
1920
1931
1931
1891
1891
1923
1923
1894
1894
1928
1928
1932
1932
1904
1904
1929
1929
1930
1930
1891
1891
1903
1903
1913
1913
1897
1897
1890
1890
1923
1923
1860
1860
1888
1888
1886
1886
1858
1858
1883
1883
1914
1914
1900
1900
1925
1925
1904
1904
1936
1936
1932
1932
1908
1908
1933
1933
1893
1893
1919
1919
1895
1895
1910
1910
1908
1908
1920
1920
1940
1940
1929
1929
1933
1933
1921
1921
1926
1926
1904
1904
1938
1938
1906
1906
1914
1914
1921
1921
1881
1881
1881
1881
1908
1908
1911
1911
1939
1939
1918
1918
1913
1913
1908
1908
1911
1911
1881
1881
1877
1877
1900
1900
1924
1924
1888
1888
1887
1887
1927
1927
1910
1910
1908
1908
1906
1906
1939
1939
1901
1901
1893
1893
1929
1929
1915
1915
1933
1933
1905
1905
1924
1924
1889
1889
1892
1892
1926
1926
1900
1900
1904
1904
1930
1930
1927
1927
1937
1937
1931
1931
1927
1927
1868
1868
1924
1924
1938
1938
1934
1934
1928
1928
1900
1900
1925
1925
1909
1909
1901
1901
1865
1865
1908
1908
1925
1925
1938
1938
1898
1898
1930
1930
1927
1927
1940
1940
1931
1931
1909
1909
1907
1907
1937
1937
1904
1904
1906
1906
1909
1909
1912
1912
1922
1922
1904
1904
1935
1935
1936
1936
1900
1900
1933
1933
1901
1901
1900
1900
1912
1912
1884
1884
1898
1898
1901
1901
1885
1885
1902
1902
1894
1894
1870
1870
1922
1922
1917
1917
1890
1890
1924
1924
1920
1920
1900
1900
1911
1911
1914
1914
1932
1932
1901
1901
1900
1900
1898
1898
1892
1892
1917
1917
1925
1925
1904
1904
1892
1892
1912
1912
1922
1922
1929
1929
1885
1885
1924
1924
1887
1887
1915
1915
1938
1938
1911
1911
1914
1914
1917
1917
1914
1914
1925
1925
1922
1922
1899
1899
1899
1899
1935
1935
1915
1915
1879
1879
1923
1923
1876
1876
1907
1907
1926
1926
1929
1929
1905
1905
1860
1860
1896
1896
