1916
1916
1886
1908
1908
1906
1932
1938
1930
1888
1928
1921
1921
1926
1919
1932
1890
1923
1896
1930
1932
1928
1926
1918
1923
1890
1930
1895
1927
1926
1898
1933
1929
1922
1890
1928
1883
1900
1902
1935
1926
1917
1874
1906
1932
1938
1914
1889
1922
1888
1924
1917
1884
1925
1914
1877
1903
1921
1935
1873
1908
1907
1879
1923
1925
1888
1918
1906
1909
1874
1928
1890
1907
1931
1933
1922
1920
1925
1928
1896
1922
1922
1902
1924
1885
1922
1885
1912
1876
1910
1937
1922
1897
1893
1898
1927
1893
1934
1896
1918
1923
1927
1896
1922
1892
1928
1901
1932
1933
1925
1900
1899
1925
1897
1925
1931
1903
1924
1900
1893
1928
1895
1925
1916
1919
1901
1936
1897
1892
1907
1927
1928
1899
1922
1924
1901
1916
1915
1922
1892
1922
1918
1894
