1927
1927
1910
1910
1910
1910
1925
1925
1912
1912
1912
1912
1881
1881
1896
1896
1928
1928
1928
1928
1928
1928
1928
1928
1896
1896
1896
1896
1922
1922
1927
1927
1889
1889
1917
1917
1885
1885
1919
1919
1883
1883
1886
1886
1909
1909
1909
1909
1905
1905
1908
1908
1934
1934
1901
1901
1899
1899
1899
1899
1925
1925
1925
1925
1928
1928
1928
1928
1910
1910
1910
1910
1932
1932
1930
1930
1909
1909
1909
1909
1932
1932
1930
1930
1907
1907
1907
1907
1928
1928
1928
1928
1908
1908
1908
1908
1922
1922
1922
1922
1881
1881
1881
1881
1925
1925
1925
1925
1897
1897
1897
1897
1908
1908
1878
1878
1878
1878
1889
1889
1889
1889
1906
1906
1906
1906
1907
1907
1907
1907
1908
1908
1912
1912
1938
1938
1933
1933
1908
1908
1890
1890
1925
1925
1929
1929
1892
1892
1898
1898
1929
1929
1929
1929
1897
1897
1897
1897
1924
1924
1924
1924
1932
1932
1932
1932
1923
1923
1923
1923
1901
1901
1901
1901
1902
1902
1902
1902
1937
1937
1937
1937
1911
1911
1911
1911
1912
1912
1923
1923
1923
1923
1882
1882
1905
1905
1931
1931
1905
1905
1898
1898
1922
1922
1928
1928
1919
1919
1898
1898
1882
1882
1882
1882
1916
1916
1916
1916
1882
1882
1882
1882
1916
1916
1916
1916
1919
1919
1919
1919
1871
1871
1878
1878
1911
1911
1915
1915
1927
1927
1911
1911
1915
1915
1915
1915
1924
1924
1924
1924
1899
1899
1928
1928
1888
1888
1910
1910
1910
1910
1902
1902
1928
1928
1926
1926
1899
1899
1899
1899
1929
1929
1914
1914
1935
1935
1935
1935
1917
1917
1917
1917
1914
1914
1914
1914
1882
1882
1882
1882
1927
1927
1911
1911
1911
1911
1906
1906
1906
1906
1926
1926
1927
1927
1926
1926
1926
1926
1901
1901
1901
1901
1929
1929
1929
1929
1900
1900
1900
1900
1871
1871
1871
1871
1909
1908
1908
1909
1931
1931
1931
1931
1931
1931
1931
1931
1880
1880
1880
1880
1887
1887
1887
1887
1916
1916
1916
1916
1914
1914
1914
1914
1883
1883
1883
1883
1912
1912
1912
1912
1919
1919
1919
1919
1918
1918
1918
1918
1911
1911
1911
1911
1914
1914
1914
1914
1898
1898
1928
1928
1919
1919
1924
1924
1894
1894
1908
1908
1908
1908
1900
1900
1900
1900
1893
1893
1896
1896
1896
1896
1926
1926
1926
1926
1900
1900
1900
1900
1900
1900
1925
1925
1925
1925
1904
1904
1904
1904
1928
1928
1928
1928
1939
1939
1939
1939
1916
1916
1882
1882
1891
1891
1907
1907
1907
1907
1914
1914
1912
1912
1907
1907
1907
1907
1900
1900
1900
1900
1912
1912
1901
1901
1879
1879
1879
1879
1923
1923
1923
1923
1914
1914
1914
1914
1882
1882
1882
1882
1927
1927
1901
1901
1922
1922
1928
1928
1894
1894
1900
1900
1900
1900
1908
1908
1908
1908
1914
1914
1914
1914
1912
1912
1912
1912
1891
1891
1925
1925
1910
1910
1910
1910
1930
1930
1930
1930
1921
1921
1923
1923
1923
1923
1921
1921
1921
1921
1919
1919
1919
1919
1933
1933
1933
1933
1895
1895
1895
1895
1910
1910
1910
1910
1908
1908
1904
1904
1904
1904
1904
1904
1929
1929
1919
1919
1919
1919
1894
1894
1894
1894
1927
1927
1927
1927
1924
1925
1924
1925
1930
1930
1890
1890
1890
1890
1906
1906
1932
1932
1902
1902
1913
1913
1907
1907
1889
1889
1913
1913
1913
1913
1938
1938
1938
1938
1879
1879
1933
1933
1933
1933
1904
1904
1904
1904
1909
1909
1909
1909
1920
1920
1919
1919
1917
1917
1912
1912
1887
1887
1896
1896
1923
1923
1927
1927
1891
1891
1925
1925
1916
1916
1911
1911
