1910
1919
1913
1910
1880
1921
1927
1930
1924
1922
1920
1899
1900
1925
1898
1930
1932
1939
1939
1928
1931
1927
1902
1902
1898
1907
1926
1904
1906
1909
1885
1930
1915
1912
1924
1884
1925
1919
1936
1913
1900
1912
1918
1919
1937
1907
1914
1909
1911
1937
1910
1919
1942
1925
1906
1902
1904
1927
1934
1905
1904
1929
1918
1882
1888
1928
1907
1944
1917
1909
1913
1926
1899
1925
1923
1928
1922
1909
1939
1937
1924
1925
1930
1905
1922
1876
1919
1939
1909
1879
1921
1893
1920
1922
1889
1909
1932
1929
1932
1872
1910
1899
1928
1908
1913
1913
1932
1928
1896
1903
1923
1925
1926
1896
1908
1935
1899
1903
1927
1932
1899
1905
1939
1908
1944
1904
1902
1937
1908
1902
1904
1922
1920
1926
1894
1906
1935
1916
1913
1914
1940
1911
1906
1901
1906
1908
1911
1908
1901
1923
1917
1925
1897
1885
1912
1908
1907
1932
1908
1911
1940
1883
1905
1919
1935
1907
1934
1905
1905
1941
1906
1913
1928
1922
1926
1911
1910
1906
1940
1911
1931
1906
1903
1927
1912
1901
1908
1892
1924
1905
1904
1936
1931
1903
1930
1899
1913
1907
1905
1879
1906
1903
1874
1924
1915
1920
1911
1903
1903
1943
1905
1934
1909
1906
1930
1927
