1896
1896
1921
1921
1880
1880
1878
1878
1915
1915
1887
1887
1890
1890
1915
1915
1924
1924
1920
1920
1925
1925
1923
1923
1923
1923
1891
1891
1914
1914
1900
1900
1888
1888
1871
1871
1897
1897
1909
1909
1888
1888
1888
1888
1900
1900
1914
1914
1900
1900
1894
1894
1894
1894
1929
1929
1876
1876
1905
1905
1868
1868
1923
1923
1923
1923
1883
1883
1890
1890
1890
1890
1925
1925
1898
1898
1926
1926
1898
1898
1882
1882
1910
1910
1883
1883
1900
1900
1893
1893
1935
1935
1931
1931
1873
1873
1905
1905
1876
1876
1899
1899
1869
1869
1878
1878
