1905
1905
1907
1907
1932
1932
1910
1910
1910
1910
1926
1926
1884
1884
1923
1923
1902
1902
1927
1927
1883
1883
1903
1903
1937
1937
1903
1903
1898
1898
1932
1932
1858
1858
1891
1891
1892
1892
1919
1919
1927
1927
1882
1882
1882
1882
1925
1925
1888
1888
1912
1912
1939
1939
1911
1911
1885
1885
1910
1910
1888
1888
1914
1914
1911
1911
1898
1898
1905
1905
1869
1869
1886
1886
1919
1919
1898
1898
1933
1933
1922
1922
1926
1926
1892
1892
1884
1884
1873
1873
1883
1883
1917
1917
1874
1874
1934
1934
1896
1896
1896
1896
1924
1924
1929
1929
1872
1872
1887
1887
1924
1924
1899
1899
1903
1903
1903
1903
1896
1896
1919
1919
1925
1925
1890
1890
1923
1923
1896
1896
1927
1927
1937
1937
1901
1901
1929
1929
1919
1919
1928
1928
1926
1926
1931
1931
1933
1933
1922
1922
1895
1895
1894
1894
1886
1886
1935
1935
1910
1910
1901
1901
1920
1920
1925
1925
1940
1940
1905
1905
1900
1900
1938
1938
1913
1913
1938
1938
1907
1907
1939
1939
1911
1911
1900
1900
1929
1929
1934
1934
1901
1901
1914
1914
1889
1889
1890
1890
1925
1925
1916
1916
1939
1939
1917
1917
1921
1921
1877
1877
1931
1931
1879
1879
1913
1913
1906
1906
1907
1907
1901
1901
1919
1919
1937
1937
1906
1906
1906
1906
