1932
1910
1904
1899
1880
1885
1922
1885
1911
1942
1919
1906
1919
1933
1921
1896
1927
1891
1896
1902
1908
1928
1902
1929
1933
1915
1914
1940
1907
1891
1924
1922
1880
1914
1878
1914
1931
1909
1915
1877
1918
1928
1916
1914
1894
1929
1917
1892
1927
1922
1919
1919
1917
1909
1907
1901
1931
1896
1896
1933
1898
1926
1920
1906
1934
1916
1885
1922
1889
1922
1910
1872
1867
1916
1940
1901
1905
1933
1905
1888
1891
1920
1892
1899
1894
1894
1923
1889
1867
1912
1912
1931
1935
1905
1903
1922
1931
1911
1941
1883
1931
1902
1925
1928
1934
1923
1898
1896
1901
1911
1939
1917
1878
1923
1917
1926
1920
1929
1929
1924
1876
1894
1894
1925
1893
1879
1920
1928
1912
1920
1920
1914
1882
1884
1900
1900
1899
1898
1907
1937
1905
1899
1879
1875
1910
1928
1933
1900
1905
1897
1925
1927
1925
1904
1930
1906
1884
1926
1896
1928
1934
1924
1897
1922
1921
1876
1881
1918
1924
1897
1931
1900
1927
1914
1921
1937
1917
1913
1907
1923
1880
1880
1923
1929
1931
1929
1919
1890
1931
1907
1873
1891
1891
1895
1896
1920
1922
1895
1925
1915
1914
1891
1925
1887
1922
1876
1886
1875
1911
1938
1912
1891
1913
1903
1880
1905
1880
1933
1893
1900
1937
1867
1909
1907
1885
1924
1911
1918
1922
1863
1904
1924
1910
1939
1912
1913
1913
1905
1927
1898
1924
1873
1913
1876
1874
1920
1895
1917
1919
1874
1911
1899
1899
1901
1942
1911
1868
1910
1931
1904
1905
1942
1898
1900
1932
1898
1902
1929
1895
1903
1917
1890
1929
1925
1914
1914
1874
1879
1884
1920
1923
1925
1893
1928
1923
1929
1901
1904
1917
1935
1925
1904
1911
1912
1893
1883
1888
1927
1894
1895
1922
1925
1930
1901
1927
1929
1936
1908
1905
1936
1907
1938
1938
1934
1907
1922
1906
1909
1938
1939
1890
1916
1919
1897
1917
1920
1938
1901
1906
1902
1901
1886
1868
1909
1912
1910
1937
1904
1936
1931
1890
1903
1937
1891
1904
1900
1936
1918
1923
1919
1875
1901
1902
1941
1901
1898
1890
1931
1940
1933
1938
1905
1934
1942
1903
1903
1921
1885
1884
1925
1920
1925
1900
1927
1877
1928
1871
1869
1913
1927
1894
1894
1924
1909
1911
1913
1922
1927
1897
1938
1924
1913
1920
1872
1920
1929
1887
1915
1929
1916
1922
1908
1939
1903
1937
1901
1906
1929
1904
1929
1893
1925
1927
1923
1931
1925
1917
1908
1910
1913
1908
1906
1898
1925
1932
1900
1888
1928
1893
1899
1927
1899
1898
1894
1925
1904
1927
1916
1900
1896
1918
1879
1902
1894
1925
1926
1922
1893
1917
1885
1915
1882
1919
1909
1920
1885
1920
1925
1890
1896
1906
1933
1908
1920
1906
1914
1887
1938
1880
1924
1916
1919
1907
1912
1938
1921
1918
1893
1895
1892
1921
1918
1905
1909
1932
1936
1924
1879
1877
1934
1900
1925
1900
1912
1939
1894
1894
1890
1889
1925
1921
1911
1920
1890
