1933
1933
1928
1928
1926
1926
1902
1902
1929
1929
1923
1923
1933
1933
1920
1920
1927
1927
1894
1894
1894
1894
1906
1906
1941
1941
1924
1924
1894
1894
1891
1891
1927
1927
1880
1880
1897
1897
1903
1903
1905
1905
1936
1936
1910
1910
1903
1903
1882
1882
1883
1883
1924
1924
1863
1863
1869
1869
1885
1885
1925
1925
1914
1914
1909
1909
1878
1878
1907
1907
1934
1934
1937
1937
1916
1916
1941
1941
1932
1932
1910
1910
1907
1907
1935
1935
1918
1918
1911
1911
1904
1904
1934
1934
1898
1898
1920
1920
1889
1889
