1909
1914
1937
1878
1911
1878
1910
1936
1924
1891
1915
1886
1923
1926
1931
1929
1905
1904
1900
1931
1905
1928
1930
1903
1903
1927
1923
1902
1893
1907
1932
1911
1930
1938
1903
1906
1938
1912
1911
1907
1878
1906
1908
1921
1922
1896
1890
1939
1905
1937
1905
1913
1921
1883
1924
1900
1927
1923
1893
1914
1908
1888
1913
1930
1904
1883
1918
1909
1918
1887
1913
1887
1917
1920
1886
1911
1925
1921
1896
1923
1892
1921
1923
1926
1919
1906
1897
1901
1900
1928
1924
1908
1931
1932
1904
1906
1903
1930
1906
1934
1910
1915
1910
1895
1888
1895
1923
1925
1922
1943
1908
1910
1917
1912
1914
1937
1905
1898
1930
1922
1896
1895
1919
1926
1891
1878
1912
1937
1909
1944
1909
1919
1914
