1886
1892
1894
1904
1934
1936
1921
1928
1898
1897
1926
1934
1904
1908
1920
1924
1892
1886
1918
1889
1896
1917
1933
1924
1922
1894
1910
1875
1906
1913
1922
1878
1903
1939
1912
1912
1940
1908
1924
1896
1931
1927
1893
1908
1906
1875
1904
1909
1939
1934
1904
1936
1905
1934
1871
1900
1909
1885
1883
1913
1932
1930
1906
1906
1935
1914
1886
1913
1935
1932
1904
1939
1907
1909
1897
1907
1933
1908
1916
1883
1921
1886
1915
1918
1919
1907
1907
1891
1897
1896
1928
1931
1922
1895
1925
1886
1906
1886
1917
1913
1912
1922
1891
1917
1900
1872
1872
