1908
1918
1915
1900
1895
1890
1921
1891
1875
1888
1891
1882
1899
1909
1902
1903
1904
1910
1880
1911
1896
1875
1912
1905
1912
1899
1904
1905
1893
1900
1894
1894
1896
1913
1913
1904
1892
1908
1906
1915
1902
1896
1910
1908
1921
1893
1907
1903
1880
1908
1885
1906
1903
1910
1892
1905
1859
1902
1890
1887
1884
1877
1888
1890
1877
1919
1908
1908
1907
1898
1909
1904
1892
1892
1895
1906
1913
1907
1906
1916
1916
1921
1907
1925
1909
1888
1913
1910
1901
1907
1885
1904
1922
1919
1877
1879
1909
1885
1889
1893
1913
1885
1876
1912
1886
1897
1908
1897
1887
1928
1902
1883
1888
1917
1926
1906
1896
1909
1878
1893
1895
1877
1913
1909
1908
1908
1876
1876
1901
1913
1915
1906
1907
1915
1889
1874
1910
1901
1912
1870
1903
1907
1897
1911
1920
1886
1899
1886
1908
1894
1896
1892
1895
1889
1895
1888
1900
1902
1878
1902
1889
1914
1887
1914
1885
1908
1916
1902
1888
1904
1918
1912
1901
1897
1913
1908
1883
1903
1893
1901
1915
1904
1893
1923
1894
1901
1869
1911
1910
1921
1917
1901
1907
1882
1920
1901
1902
1899
1894
1900
1908
1888
1911
1900
1914
1866
1898
1916
1880
1877
1897
1916
1902
1891
1892
1867
1871
1917
1889
1904
1906
1886
1911
1912
1895
1890
1897
1894
1900
1909
1911
1915
1912
1877
1914
1915
1902
1892
1911
1885
1904
1913
1919
1884
1915
1890
1919
1903
1904
1896
1900
1910
1888
1905
1913
1898
1901
1907
1876
1922
1899
1878
1901
1911
1897
1913
1893
1904
1922
1892
1919
1913
1918
1919
1921
1896
1887
1915
1922
1910
1917
1878
1911
1914
1910
1916
1902
1899
1879
1911
1907
1915
1897
1904
1917
1911
1885
1891
1883
1898
1893
1883
1874
1906
1910
1887
1907
1912
1879
1901
1890
1905
1872
1896
1878
1884
1888
1879
1888
1895
1909
1889
1876
1906
1911
1914
1902
1923
1894
1883
1876
1902
1899
1900
1875
1907
1877
1903
1896
1896
1896
1915
1905
1897
1899
1916
1889
1904
1914
1916
1901
1895
1894
1878
1871
1909
1880
1892
1876
1890
1875
1912
1883
1910
1873
1885
1903
1892
1915
1891
1866
1894
1917
1901
1880
1908
1889
1887
1890
1868
1893
1898
1884
1881
1883
1870
1892
1918
1885
1891
1888
1887
1892
1916
1895
1890
1901
1902
1897
1879
1889
1875
1920
1886
1912
1902
1911
1884
1902
1889
1873
1912
1882
1867
1877
1919
1899
1919
1893
1898
1895
1888
1907
1900
1907
1891
1895
1876
1895
1901
1907
1884
1883
1897
1869
1893
1881
1894
1902
1884
1913
1890
1902
1876
1907
1914
1893
1915
1896
1912
1907
1911
1899
1896
1891
1913
1887
1879
1889
1908
1898
1914
1876
1876
1902
1895
1888
1898
1875
1888
1862
1889
1889
1888
1911
1890
1905
1872
1879
1886
1914
1875
1883
1882
1890
1879
1901
1866
1873
1888
1902
1910
1897
1887
1881
1907
1891
1904
1899
1913
1889
1915
1911
1922
1890
1861
1892
1867
1910
1885
1904
1895
1893
1890
1888
1912
1889
1905
1885
1904
1917
1897
1884
1886
1864
1887
1903
1909
1909
1917
1903
1908
1913
1976
1884
1904
1869
1890
1899
1894
1914
1886
1913
1876
1896
1908
1895
1918
1902
1899
1914
1894
1888
1911
1916
1882
1890
1893
1903
1900
1921
1903
1919
1887
1880
1880
1910
1921
1909
1876
1893
1874
1876
