1908
1900
1905
1923
1923
1942
1915
1915
1912
1912
1924
1924
1925
1903
1903
1892
1922
1929
1895
1927
1895
1904
1910
1897
1922
1924
1934
1903
1914
1910
1912
1914
1913
1908
1916
1877
1918
1925
1927
1925
1916
1920
1921
1944
1910
1904
1904
1902
1923
1928
1928
1919
1919
1929
1938
1930
1899
1928
1918
1927
1905
1904
1904
1898
1898
1901
1931
1889
1889
1921
1921
1902
1928
1885
1922
1915
1906
1919
1919
1922
1922
1908
1901
1896
1896
1915
1922
1887
1884
1931
1925
1898
1928
1939
1918
1918
1938
1935
1914
1926
1926
1924
1924
1922
1930
1896
1925
1934
1923
1892
1923
1921
1930
1899
1933
1905
1928
1928
1922
1922
1915
1915
1930
1930
1912
1941
1936
1909
1909
1900
1926
1932
1930
1903
1943
