1932
1932
1928
1928
1900
1900
1931
1931
1900
1900
1885
1885
1911
1911
1911
1911
1915
1915
1880
1880
1880
1880
1906
1906
1912
1912
1909
1909
1886
1886
1900
1900
1910
1910
1899
1899
1905
1905
1930
1930
1889
1889
1911
1911
1907
1907
1913
1913
1914
1914
1900
1900
1938
1938
1928
1928
1896
1896
1890
1890
1922
1922
1918
1918
1888
1888
1906
1906
1871
1871
1900
1900
1891
1891
1919
1919
1938
1938
1904
1904
1928
1928
1924
1924
1896
1896
1902
1902
1903
1903
1900
1900
1900
1900
1900
1900
1900
1900
1898
1898
1902
1902
1933
1933
1928
1928
1926
1926
1879
1879
1893
1893
1899
1899
1931
1931
1930
1930
1898
1898
1925
1925
1900
1900
1928
1928
1869
1869
1924
1924
1905
1905
1932
1932
1934
1934
1906
1906
1900
1900
1868
1868
1852
1852
1895
1895
1922
1922
1893
1893
1920
1920
1874
1874
1923
1923
1921
1921
1882
1882
1906
1906
1873
1873
1885
1885
1900
1900
1900
1900
1912
1912
1900
1900
1906
1906
1928
1930
1930
1928
