1890
1921
1923
1880
1934
1902
1916
1890
1911
1875
1896
1907
1933
1928
1935
1931
1903
1897
1900
1905
1908
1900
1906
1913
1942
1903
1937
1918
1905
1895
1900
1927
1922
1886
1902
1933
1923
1888
1899
1926
1906
1884
1926
1920
1930
1911
1879
1879
1892
1894
1914
1865
1865
1905
1901
1900
1908
1906
1911
1882
1920
1881
1914
1915
1908
1924
1886
1936
1883
1878
1916
1938
1890
1933
1906
1932
1908
1906
1901
1877
1907
1923
1933
1912
1918
1925
1889
1894
1929
1919
1915
1916
1927
1894
1923
1895
1926
1929
1902
1924
1932
1928
1894
1919
1888
1925
1899
1878
1916
1908
1923
1918
1888
1888
1926
1924
1918
1927
1928
1898
1895
1930
1914
1914
1895
1928
1888
1909
1937
1933
1905
1918
1898
1904
1939
1870
1935
1903
1925
1899
1898
1862
1877
1903
1885
1907
1913
1907
1904
1923
1900
1931
1902
1904
1897
1927
1897
1912
1912
1914
1923
1926
1891
1893
1923
1912
1918
1879
1920
1917
1867
1908
1903
1922
1904
1877
1919
1914
1875
1884
1888
1910
1923
1916
1932
1910
1939
1903
1908
1919
1915
1895
1923
1920
1907
1909
1935
1914
1937
1876
1908
1911
1903
1928
1882
1864
1935
1911
1933
1908
1915
1895
1914
1880
1915
1909
1910
1908
1879
1910
1911
1911
1885
1913
1880
1936
1915
1913
1892
1918
1891
1929
1908
1935
1900
1899
1879
1901
1909
1877
1916
1883
1908
1939
1909
1926
1855
1885
1901
1916
1930
1870
1934
1873
1908
1937
1929
1932
1934
1902
1899
1927
1924
1894
1901
1897
1902
1911
1891
1894
1895
1928
1923
1926
1922
1885
1886
1865
1890
1889
1893
1923
1915
1912
1887
1924
1887
1920
1924
1927
1929
1901
1882
1925
1931
1921
1896
1918
1875
1889
1921
1895
1926
1894
1890
1905
1932
1906
1893
1920
1922
1897
1918
1865
1919
1924
1929
1927
1932
1892
1924
1926
1930
1933
1886
1911
1880
1905
1877
1926
1909
1870
1928
1898
1900
1928
1896
1930
1903
1915
1922
1912
1889
1917
1918
1927
1903
1892
1907
1925
1906
1906
1889
1888
1914
1922
1896
