1898
1911
1904
1932
1933
1939
1923
1908
1925
1912
1908
1896
1896
1928
1934
1917
1894
1920
1878
1894
1921
1883
1892
1890
1918
1903
1917
1924
1896
1905
1888
1922
1919
1883
1923
1915
1915
1929
1913
1891
1921
1929
1905
1899
1919
1916
1923
1925
1927
1891
1919
1923
1891
1922
1891
1880
1879
1926
1921
1892
1915
1907
1904
1933
1904
1935
1933
1909
1938
1931
1899
1899
1925
1939
1902
1902
1933
1904
1926
1921
1885
1887
1908
1909
1876
1935
1897
1928
1925
1924
1913
1923
1881
1929
1891
1882
1901
1893
1929
1925
1923
1914
1927
1899
1939
1904
1908
1937
1909
1866
1898
1938
1911
1890
1910
1918
1916
1881
1914
1905
1920
1923
1920
1917
1890
1926
1882
1917
1930
1918
1924
1922
1919
1911
1882
1920
1878
1913
1919
1917
1915
1938
1912
1912
1922
1888
1914
1910
1939
1915
1941
1900
1931
1908
1938
1904
1932
1930
1896
1902
1924
1899
1898
1936
1930
1893
1919
1929
1896
1922
1921
1895
1894
1921
1921
1914
1878
1914
1923
1929
1914
1925
1913
1920
1914
1921
1891
1917
1923
1928
1925
1887
1891
1920
1923
1927
1897
1938
1913
1906
1877
1916
1912
1920
1889
1889
1922
1926
1920
1926
1927
1885
1934
1910
1930
1875
1899
1919
1920
1908
1918
1937
1938
1917
1913
1942
1923
1925
1908
1916
1931
1902
1902
1929
1909
1914
1871
1906
1911
1906
1904
1930
1905
1933
1899
1917
1908
1912
1905
1885
1926
1914
1931
1905
1912
1878
1926
1926
1898
1898
1925
1925
1924
1919
1888
1880
1883
1880
