1904
1908
1873
1909
1886
1874
1904
1928
1893
1877
1919
1926
1907
1873
1890
1892
1885
1877
1909
1886
1876
1876
1929
1932
1922
1933
1927
1925
1924
1893
1886
1902
1899
1910
1901
1900
1866
1874
1902
1866
1867
1914
1878
1904
1870
1879
1878
1889
1877
1880
1872
1907
1869
1903
1876
1876
1897
1894
1887
1929
1883
1887
1889
1934
1890
1921
1896
1886
1870
1888
1877
1867
1868
1882
1899
1895
1866
1866
1899
1879
1879
1878
1873
1880
1907
1906
1881
1874
1906
1898
1923
1890
1872
1879
1902
1895
1901
1895
1878
1883
