1923
1910
1920
1916
1909
1898
1927
1888
1929
1915
1885
1887
1921
1906
1894
1929
1896
1899
1941
1903
1902
1934
1914
1908
1933
1908
1939
1915
1930
1927
1926
1929
1904
1904
1884
1903
1930
1936
1876
1934
1903
1918
1907
1915
1902
1929
1897
1878
1887
1909
1885
1921
1902
1930
1899
1890
1925
1869
1881
1876
1906
1894
1906
1887
1908
1878
1923
1894
1894
1917
1921
1921
1942
1909
1913
1937
1926
1913
1921
1898
1883
1888
1918
1890
1890
1931
1940
1928
1907
1902
1931
1900
1927
1912
1901
1911
1900
1901
1900
1864
1897
1899
1895
1912
1930
1935
1918
1903
1900
1911
1915
1908
1876
1881
1882
1912
1886
1920
1919
1907
1908
1939
1932
1895
1925
1891
1923
1927
1875
1876
1925
1927
1932
1929
1896
1935
1899
1935
1927
1895
1894
1924
1919
1922
1919
1923
1896
1937
1935
1908
1906
1939
1941
1910
1916
1878
1888
1875
1888
1914
1910
1938
1908
1911
1933
1906
1937
1895
1905
1889
1924
1888
1916
1933
1908
1939
1905
1911
1922
1903
1927
1908
1927
1879
1929
1921
1887
1911
1873
1913
1943
1918
1920
1880
1880
1913
1889
1914
1887
1904
1920
1907
1926
1902
1902
1898
1893
1915
1922
1920
1920
1904
1890
1882
1910
1882
1914
1866
1913
1907
1937
1925
1908
1881
1894
1894
1886
1927
1890
1906
1906
1880
1920
1911
1905
1930
1904
1888
1931
1910
1937
1906
1932
1934
1891
1924
1901
1922
1913
1936
1911
1908
1909
1939
1908
1930
1904
1920
1907
1943
1879
1894
1926
1932
1897
1898
1924
1928
1939
1914
1915
1912
1917
1890
1929
1926
1921
1885
1921
1889
1930
1928
1898
1908
1869
1893
1871
1907
1893
1922
1925
1920
1929
1893
1912
1903
1917
1890
1912
1902
1910
1911
1877
1902
1911
1896
1876
1864
1883
1883
1902
1923
1925
1895
1887
1908
1888
1923
1902
1907
1928
1878
1924
1910
1878
1904
1886
1884
1910
1912
1910
1901
1906
1920
1891
1920
1923
1910
1940
1910
1888
1914
1873
1877
1937
1929
1893
1899
1879
1876
1901
1923
1927
1875
1908
1912
1937
1907
1890
1883
1909
1871
1885
1914
1920
1929
1895
1898
1892
1919
1925
1893
1880
1923
1914
1890
1927
1925
1919
1929
1905
1906
1936
1936
1909
1922
1882
1876
1910
1881
1879
1920
1910
1886
1925
1915
1883
1921
1895
1923
1913
1897
1929
1906
1890
1916
1910
1879
1910
1905
1894
1865
1891
1925
1920
1928
1897
1925
1922
1884
1888
1912
1920
1924
1926
1922
1905
1908
1936
1868
1908
1923
1915
1883
1884
1914
1913
1904
1930
1905
1906
1907
1936
1900
1926
1896
1930
1910
1920
1915
1885
1876
1914
1880
1902
1902
1913
1903
1936
1929
1885
1885
1915
1913
1903
1871
1900
1897
