1923
1923
1924
1925
1924
1924
1924
1923
1924
1924
1922
1924
1924
1924
1924
1923
1923
1923
1924
1921
1924
1923
1924
1924
1923
1923
1923
1931
1923
1923
1923
1923
1923
1924
1929
1922
1923
1923
1925
1923
1923
1924
1923
1924
1923
1924
1923
1925
1924
1924
1923
1924
1922
1922
1923
1922
1924
1923
1923
1923
1923
1923
1924
1924
1922
1924
1924
1923
1924
1924
1924
1925
1924
1923
1923
1922
1923
1924
1924
1924
1923
1923
1922
1924
1924
1923
1924
1923
1923
1924
1922
1923
1928
1923
1923
1924
1924
1924
1923
1921
1923
1923
1922
