1921
1921
1919
1919
1924
1924
1907
1907
1931
1931
1892
1892
1925
1925
1911
1911
1932
1932
1905
1905
1886
1886
1939
1939
1903
1903
1905
1905
1906
1906
1900
1900
1932
1932
1922
1922
1893
1893
1924
1924
1928
1928
1926
1926
1907
1907
1884
1884
1907
1907
1866
1866
1860
1860
1891
1891
1899
1899
1939
1939
1926
1935
1935
1926
1924
1924
1910
1910
1912
1912
1903
1903
1928
1928
1926
1926
1869
1869
1908
1908
1911
1911
1939
1939
1931
1931
1900
1900
1928
1928
1865
1865
1905
1905
1886
1886
1939
1939
1932
1932
1906
1906
1893
1893
1930
1930
1925
1925
1897
1897
1923
1923
1926
1926
1883
1883
1917
1917
1917
1917
1919
1919
1908
1908
1933
1933
1921
1921
1926
1926
1901
1901
1878
1878
1875
1875
1900
1900
1897
1897
1893
1893
1863
1863
1900
1900
1884
1884
1918
1918
1911
1911
1913
1913
1900
1900
1932
1932
1898
1898
1928
1928
1908
1908
1923
1923
1925
1925
1922
1922
1920
1920
1933
1933
1927
1927
1932
1932
1894
1894
1899
1899
1929
1929
1925
1925
1899
1899
1904
1904
1903
1903
1903
1903
1909
1909
1905
1905
1869
1869
1917
1917
1906
1906
1933
1933
1928
1928
1934
1934
1905
1905
1930
1930
1901
1901
1913
1913
1918
1918
1907
1907
1928
1928
1900
1900
1931
1931
1897
1897
1905
1905
1927
1927
1928
1928
1888
1888
1921
1921
1907
1907
1881
1881
1882
1882
1922
1922
1908
1908
1893
1893
1892
1892
1924
1924
1919
1919
1888
1888
1888
1888
1898
1898
1916
1916
1901
1901
1913
1913
1910
1910
1875
1875
1938
1938
1907
1907
1878
1878
1907
1907
1902
1902
1898
1898
1929
1929
1911
1911
1937
1937
1925
1925
1928
1928
1924
1924
1900
1900
1905
1905
1917
1917
1894
1894
1898
1898
1913
1913
1911
1911
1914
1914
1872
1872
1921
1921
1920
1920
1922
1922
1903
1903
1911
1911
1906
1906
1911
1911
1927
1927
1925
1925
1904
1904
1914
1914
1933
1933
1908
1908
1929
1929
1919
1919
1880
1880
1927
1927
1925
1925
1922
1922
1894
1894
1897
1897
1897
1897
1892
1892
1916
1916
1878
1878
1903
1903
1921
1921
1892
1892
1918
1918
1886
1886
1927
1927
1924
1924
1930
1930
1912
1912
1900
1900
1909
1909
1939
1939
1871
1871
1912
1912
1911
1911
1905
1905
1909
1909
1901
1901
1927
1927
1901
1901
1931
1931
1930
1930
1901
1901
1906
1906
1888
1888
1934
1934
1901
1901
1896
1896
1904
1904
1924
1924
1902
1902
1926
1926
1934
1934
1904
1904
1928
1928
1888
1888
1917
1917
1937
1937
1908
1908
1895
1895
1908
1908
1918
1918
1895
1895
1893
1893
1920
1920
1924
1924
1929
1929
1928
1928
1879
1879
1915
1915
1940
1940
1901
1901
1919
1919
1941
1941
1910
1910
1934
1934
1937
1937
1905
1905
1910
1910
1909
1909
1899
1899
1931
1931
1905
1905
1934
1934
1929
1929
1908
1908
1933
1933
1880
1880
1903
1903
1930
1930
1901
1901
1921
1921
1914
1914
1922
1922
1876
1876
1935
1933
1933
1935
1914
1914
1928
1928
1904
1904
1900
1900
1935
1935
1936
1936
1908
1908
1908
1908
1939
1939
1913
1913
1913
1913
1943
1943
1922
1922
1883
1883
1903
1903
1913
1913
1912
1912
1942
1942
1893
1893
1913
1913
1907
1907
1890
1890
1934
1934
1933
1933
1887
1887
1882
1882
1917
1917
1924
1924
1905
1905
1911
1911
1919
1919
1924
1924
1910
1910
1934
1934
1900
1900
1939
1939
1895
1895
1929
1929
1905
1905
1930
1930
1891
1891
1921
1921
1892
1892
1877
1877
1879
1879
1910
1910
1935
1935
1933
1933
1900
1900
1901
1901
1912
1912
1913
1913
1897
1897
1911
1911
1896
1896
1886
1886
1904
1904
1900
1900
1902
1902
1930
1930
1903
1903
1901
1901
1907
1907
1865
1865
1903
1903
1935
1935
1900
1900
1924
1924
1913
1913
1926
1926
1900
1900
1909
1909
1904
1904
1902
1902
1918
1918
1907
1907
1896
1896
1923
1923
1896
1896
1893
1893
1929
1929
1924
1924
1929
1929
1891
1891
1914
1914
1915
1915
1922
1922
1939
1939
1908
1908
1937
1937
1908
1908
1928
1928
1887
1887
1924
1924
1892
1892
1906
1906
1911
1911
1937
1937
1901
1901
1935
1935
1927
1927
1932
1932
1905
1905
1900
1900
1918
1918
1925
1925
1914
1914
1882
1882
1905
1905
1925
1925
1905
1905
1893
1893
1897
1897
1924
1924
1926
1926
1897
1897
1930
1930
1935
1935
1924
1924
1933
1933
1919
1919
1891
1891
1916
1916
1891
1891
1926
1926
1900
1900
1914
1914
1926
1926
1902
1902
1877
1877
1877
1877
1880
1880
1876
1876
1940
1940
1912
1912
1899
1899
1924
1924
1916
1916
1882
1882
1924
1924
