1896
1934
1885
1892
1919
1914
1884
1884
1902
1894
1885
1910
1883
1905
1938
1933
1912
1920
1917
1889
1905
1888
1921
1931
1891
1875
1900
1895
1932
1877
1888
1872
1903
1904
1934
1884
1868
1881
1931
1865
1876
1914
1885
1884
1879
1906
1867
1903
1901
1881
1877
1898
1876
1903
1931
1882
1896
1908
1924
1872
1872
1909
1904
1895
1901
1879
1866
1925
1927
1869
1931
1899
1928
1898
1879
1899
1867
1921
1894
1922
1876
1895
1921
1864
1911
1879
1927
1879
1866
1880
1891
1894
1889
1887
1921
1887
1923
1914
1914
1875
1868
1905
1884
1882
1884
1874
1909
1913
1874
1874
1910
1873
1915
1879
1896
1938
1908
1882
1882
1881
1885
1908
1884
1911
1870
1896
1882
1887
1875
1884
1877
1877
1890
1875
1912
1892
1921
1897
1925
1878
1888
1908
1832
1835
1872
1868
1868
1874
1886
1861
1914
1864
1865
1868
1898
1888
1926
1901
1900
1886
1914
1888
