1936
1942
1930
1929
1939
1935
1931
1938
1930
1911
1924
1924
1899
1899
1899
1899
1899
1899
1899
1899
1899
1914
1883
1883
1883
1883
1883
1898
1898
1898
1898
1898
1898
1898
1918
1918
1918
1918
1918
1918
1918
1918
1912
1912
1912
1912
1912
1912
1912
1912
1912
1912
1907
1901
1901
1901
1901
1908
1908
1908
1908
1908
1896
1901
1901
1901
1901
1916
1899
1898
1898
1898
1907
1907
1907
1907
1907
1907
1907
1907
1907
1907
1897
1897
1913
1905
1905
1905
1905
1905
1905
1905
1905
1905
1895
1885
1896
1896
1896
1896
1908
1909
1893
1906
1906
1906
1887
1887
1887
1887
1887
1887
1887
1907
1907
1907
1907
1911
1904
1904
1920
1920
1920
1920
1897
1897
1889
1899
1913
1899
1899
1899
1899
1899
1899
1899
1921
1921
1921
1921
1921
1921
1921
1908
1908
1908
1908
1908
1901
1901
1901
1901
1907
1907
1896
1896
1896
1896
1896
1896
1896
1886
1886
1903
1903
1903
1903
1903
1903
1903
1903
1903
1903
1903
1903
1911
1911
1911
1911
1911
1911
1911
1911
1911
1911
1913
1913
1913
1913
1913
1913
1913
1913
1913
1913
1891
1891
1891
1921
1921
1884
1884
1884
1884
1884
1884
1884
1884
1896
1905
1891
1891
1891
1891
1891
1891
1891
1891
1891
1891
1915
1915
1889
1878
1899
1899
1899
1902
1902
1902
1902
1901
1890
1890
1890
1890
1890
1890
1890
1890
1894
1894
1894
1894
1894
1888
1888
1888
1888
1888
1905
1906
1899
1899
1899
1899
1899
1899
1899
1899
1899
1899
1899
1899
1899
1899
1894
1894
1908
1908
1908
1908
1901
1912
1912
1912
1912
1920
1920
1920
1920
1905
1898
1898
1913
1913
1913
1913
1913
1913
1913
1913
1920
1920
1920
1920
1920
1920
1920
1920
1904
1904
1904
1904
1904
1904
1904
1904
1904
1904
1910
1911
1896
1900
1879
1888
1885
1912
1912
1910
1910
1910
1896
1896
1896
1896
1896
1896
1896
1896
1896
1895
1895
1910
1895
1895
1895
1898
1904
1881
1889
1872
1919
1919
1900
1900
1896
1882
1881
1895
1895
1909
1903
1900
1907
1898
1921
1914
1924
1909
1907
1897
1882
1897
1900
1901
1901
1897
1910
1905
1888
1900
1895
1912
1916
1916
1916
1898
1918
1905
1907
1909
1908
1908
1915
1920
1897
1901
1908
1908
1899
1910
1910
1879
1879
1879
1912
1911
1909
1902
1900
1900
1901
1909
1905
1920
1901
1879
1903
1903
1913
1913
1909
1904
1893
1903
1903
1895
1897
1892
1901
1909
1909
1911
1911
1911
1893
1888
1888
1909
1909
1884
1889
1889
1900
1887
1893
1919
1902
1909
1909
1912
1912
1907
1927
1912
1910
1899
1900
1905
1904
1904
1904
1891
1883
1898
1901
1895
1893
1917
1917
1902
1904
1917
1925
1881
1880
1910
1918
1896
