1923
1923
1931
1931
1894
1894
1928
1928
1926
1926
1869
1869
1925
1925
1925
1925
1878
1878
1927
1929
1929
1927
1925
1925
1905
1905
1905
1905
1931
1931
1933
1933
1931
1931
1894
1894
1879
1879
1912
1912
1890
1890
1929
1929
1916
1916
1927
1927
1915
1915
1903
1903
1935
1935
1920
1920
1925
1925
1911
1911
1921
1921
1882
1882
1929
1929
1928
1928
1896
1896
1936
1936
1926
1926
1919
1919
1883
1883
1905
1905
1897
1897
1928
1928
1929
1929
1888
1888
1924
1924
1892
1892
1908
1908
1889
1889
1862
1862
1859
1859
1896
1896
1911
1911
1910
1910
1935
1935
1908
1908
1907
1907
1885
1885
1907
1907
1875
1875
1897
1897
1925
1925
1929
1929
1929
1929
1899
1899
1924
1924
1904
1904
1900
1900
1896
1896
1929
1929
1891
1891
1881
1881
1870
1870
1907
1907
1924
1924
1923
1923
1907
1907
1883
1883
1907
1907
1931
1931
1919
1919
1928
1928
1900
1900
1926
1926
1894
1894
1925
1925
1923
1923
1911
1911
1923
1923
1918
1918
1925
1925
1926
1926
1893
1893
1923
1923
1925
1925
1897
1897
1890
1890
1940
1940
1937
1937
1910
1910
1923
1923
1897
1897
1889
1889
1919
1919
1926
1926
1895
1895
1873
1873
1874
1874
1897
1897
1930
1930
1910
1910
1910
1910
1932
1932
1932
1932
1891
1891
1888
1888
1918
1918
1927
1927
1930
1930
1920
1920
1918
1918
1889
1889
1879
1879
1879
1879
1882
1882
1906
1906
1931
1931
1901
1901
1925
1925
1900
1900
1929
1929
1908
1908
1876
1876
1895
1895
1924
1924
1895
1895
1895
1895
1934
1934
1905
1905
1908
1908
1904
1904
1908
1908
1891
1891
1889
1889
1887
1887
1858
1858
1924
1924
1920
1920
1923
1923
1907
1907
1872
1872
1882
1882
1917
1917
1932
1932
1898
1898
1901
1901
1900
1900
1934
1934
1936
1936
1904
1904
1897
1897
1902
1902
1923
1923
1928
1928
1934
1934
1930
1930
1908
1908
1931
1931
1933
1933
1900
1900
1900
1900
1929
1929
1906
1906
1897
1897
1942
1942
1909
1909
1915
1915
1909
1909
1936
1936
1901
1901
1940
1940
1908
1908
1906
1906
1899
1899
1940
1940
1906
1906
1927
1927
1936
1936
1883
1883
1885
1885
1927
1927
1912
1912
1908
1908
1925
1925
1880
1880
1906
1906
1910
1910
1907
1907
1938
1938
1922
1922
1896
1896
1914
1914
1918
1918
1932
1932
1905
1905
1937
1937
1894
1894
1919
1919
1900
1900
1905
1905
1932
1932
1907
1907
1919
1919
1940
1940
1938
1938
1903
1903
1890
1890
1925
1925
1921
1921
1901
1901
1920
1920
