1927
1927
1923
1923
1858
1858
1885
1885
1892
1892
1893
1893
1893
1893
1926
1926
1894
1894
1898
1898
1940
1940
1927
1927
1907
1907
1867
1867
1875
1875
1899
1899
1924
1924
1898
1898
1892
1892
1919
1919
1905
1905
1938
1938
1899
1899
1935
1935
1936
1936
1938
1938
1910
1910
1907
1907
1896
1896
1896
1896
1924
1924
1924
1924
1927
1927
1927
1927
1899
1899
1904
1904
1938
1938
1926
1926
1902
1902
1924
1924
1900
1900
1901
1901
1914
1914
1924
1924
1899
1899
1926
1926
1924
1924
1927
1927
1911
1911
1910
1910
1900
1900
1881
1881
1922
1922
1914
1914
1908
1908
1901
1901
1888
1888
1910
1910
1905
1905
1908
1908
1939
1939
1921
1921
1897
1897
1896
1896
1895
1895
1931
1931
1924
1924
1872
1872
1909
1909
1860
1860
1878
1878
1884
1884
1909
1909
1900
1900
