1901
1907
1903
1901
1901
1924
1899
1916
1908
1909
1906
1887
1907
1889
1899
1891
1888
1907
1910
1904
1905
1906
1899
1911
1897
1898
1898
1918
1895
1891
1898
1905
1890
1873
1892
1888
1906
1909
1898
1914
1899
1922
1909
1888
1902
1908
1923
1920
1910
1907
1897
1903
1895
1890
1899
1901
1922
1907
1907
1907
1907
1913
1896
1897
1899
1901
1902
1897
1923
1920
1912
1914
1900
1902
1905
1907
1920
1901
1905
1899
1921
1895
1921
1893
1891
1910
1909
1908
1895
1906
1901
1901
1900
1904
1903
1895
1909
1887
1905
1886
1905
1898
1898
1920
1897
1900
1904
1906
1899
1906
1884
1901
1905
1899
1904
1899
1901
1898
1900
1921
1899
1918
1921
1909
1918
1897
1905
1902
1904
1902
1907
1924
1922
1893
1905
1912
1914
1903
1912
1892
1913
1903
1903
1901
1921
1922
1903
1910
1904
1905
1904
1912
1906
1922
1897
1887
1897
1905
1903
1899
1906
1902
1922
1921
1905
1904
1886
1899
1913
1923
1899
1898
1920
1896
1904
1899
1905
1902
1905
1895
1902
1894
1899
1925
1908
1896
1899
1894
1898
1911
1920
1910
1906
1898
1913
1906
1901
1903
1903
1908
1911
1887
1922
1903
1894
1920
1906
1913
1900
1899
1901
1895
1921
1886
1908
1920
1917
1904
1912
1913
1922
1910
1902
1903
1905
1878
1901
1906
1895
1904
1910
1902
1895
1908
1903
1921
1911
1899
1924
1895
1899
1904
1906
1904
1911
1898
1907
1895
1897
1896
1895
1896
1902
1915
1924
1920
1910
1914
1911
1892
1909
1893
1896
1895
1900
1890
1908
1922
1902
1901
1884
1900
1909
1891
1926
1886
1902
1892
1900
1904
1905
1921
1909
1907
1894
1904
1899
1912
1911
1920
1907
1893
1906
1921
1902
1911
1877
1902
1905
1880
1900
1902
1884
1907
1893
1900
1895
1914
1899
1890
1900
1905
1896
1920
1906
1909
1920
1903
1922
1910
1898
1904
1901
1887
1895
1891
1907
1873
1915
1898
1896
1892
1899
1906
1899
1888
1912
1920
1907
1907
1915
1902
1896
1897
1898
1905
1910
1887
1892
1899
1908
1899
1887
1895
1914
1898
1892
1925
1898
1895
1909
1897
1909
1894
1896
1899
1890
1909
1887
1899
1894
1914
1900
1906
1908
1921
1897
1906
1913
1893
1900
1925
1902
1897
1913
1887
1897
1902
1901
1890
1902
1905
1900
1901
1900
1912
1876
1899
1909
1883
1886
1897
1903
1904
1900
1897
1906
1916
1888
1901
1893
1904
1912
1912
1904
1897
1884
