1896
1890
1914
1866
1911
1938
1891
1898
1930
1928
1901
1936
1910
1938
1910
1933
1938
1904
1926
1892
1921
1911
1912
1874
1877
1908
1918
1913
1909
1920
1923
1887
1891
1919
1917
1897
1864
1911
1911
1931
1906
1908
1938
1898
1904
1934
1930
1934
1928
1910
1937
1926
1930
1895
1914
1889
1920
1918
1937
1886
1904
1880
1883
1914
1918
1914
1915
1910
1907
1922
1879
1884
1920
1918
1934
1906
1909
1939
1889
1920
1917
1889
1927
1928
1914
1899
1894
1928
1912
1916
1912
1888
1892
1920
1918
1889
1927
1905
1934
1938
1894
1912
1909
1934
1936
1904
1901
1907
1909
1930
1870
1920
1889
1927
1898
1890
1929
1927
1896
1922
1900
1911
1925
1913
1920
1894
1937
1905
1904
1932
1926
1920
1924
1925
1927
1922
1921
1895
1920
1920
1924
1928
1922
1916
1921
1925
1912
1873
1883
1876
1873
1914
1913
1939
1921
1915
1925
1903
1872
1924
1919
1902
1874
1898
1907
1884
1875
1908
1879
1903
1907
1940
1915
1910
1904
1907
1883
1922
1893
1876
1894
1923
1894
1914
1914
1875
1906
1889
1926
1928
1911
1938
1938
1902
1922
1928
1930
1934
1931
1910
1913
1926
1905
1907
1926
1929
1924
1891
1894
1889
1861
1898
1893
1874
1918
1880
1934
1926
1900
1870
1869
1917
1884
1920
1899
1899
1923
1912
1935
1920
1899
1933
1907
1934
1928
1914
1937
1904
1889
1914
1890
1911
1866
1914
1911
1890
1916
1926
1922
1895
1891
1910
1908
1933
1882
1878
1908
1903
