1930
1930
1920
1920
1892
1892
1925
1925
1932
1932
1889
1889
1914
1914
1911
1911
1908
1908
1926
1926
1921
1921
1910
1910
1908
1908
1893
1893
1877
1877
1928
1928
1903
1903
1904
1904
1908
1908
1909
1909
1884
1884
1886
1886
1910
1910
1939
1939
1912
1912
1917
1917
1900
1900
1887
1887
1929
1929
1926
1926
1909
1909
1927
1927
1907
1907
1923
1923
1937
1937
1899
1899
1918
1918
1927
1927
1925
1925
1930
1930
1900
1900
1901
1901
1908
1908
1906
1906
1933
1933
1911
1911
1938
1938
1940
1940
1922
1922
1887
1887
1883
1883
1914
1914
1911
1911
1924
1924
1900
1900
1940
1940
1891
1891
1903
1903
1927
1927
1932
1932
1910
1910
1934
1934
1906
1906
1922
1922
1900
1900
1911
1911
1912
1912
1934
1934
1934
1934
1905
1905
1935
1935
1903
1903
1873
1873
1882
1882
1897
1897
1886
1886
1917
1917
1924
1924
1899
1899
1877
1877
1923
1923
1884
1884
1932
1932
1899
1899
1929
1929
1905
1905
1926
1926
1901
1901
1886
1886
1910
1910
1915
1915
1915
1915
1913
1913
1921
1921
1939
1939
1913
1913
1909
1909
1908
1908
1893
1893
1922
1924
1927
1896
1922
1924
1927
1896
1913
1913
1934
1934
1907
1907
1933
1933
1906
1906
1887
1887
1909
1909
1939
1939
1913
1913
1908
1908
1901
1901
1910
1910
1931
1931
1881
1881
1909
1909
1925
1925
1875
1875
1910
1910
1906
1906
1885
1885
1938
1938
1940
1940
1913
1913
1905
1905
1904
1904
1886
1886
1919
1919
1924
1924
1912
1912
1917
1917
1894
1894
1923
1923
1920
1920
1924
1924
1922
1922
1892
1892
1926
1926
1897
1897
1926
1926
1901
1901
1930
1930
1905
1905
1905
1905
1880
1880
1870
1870
1923
1923
1929
1929
1900
1900
1884
1884
1892
1892
1924
1924
1881
1881
1900
1900
1910
1910
1899
1899
1924
1924
1920
1920
1909
1909
1911
1911
1914
1914
1886
1886
1900
1900
1927
1927
1897
1897
