1915
1922
1902
1914
1914
1900
1906
1908
1904
1910
1898
1897
1901
1892
1896
1904
1908
1900
1903
1898
1897
1914
1919
1904
1915
1917
1918
1906
1910
1904
1907
1895
1913
1903
1892
1930
1899
1908
1905
1898
1911
1891
1907
1918
1899
1907
1901
1914
1909
1912
1903
1913
1913
1904
1912
1902
1924
1894
1898
1894
1906
1889
1903
1915
1920
1921
1906
1898
1923
1888
1907
1903
1890
1914
1892
1922
1890
1902
1909
1895
1899
1895
1897
1924
1908
1910
1908
1909
1919
1916
1899
1907
1894
1921
1911
1939
1904
1910
1899
1909
1901
1901
1914
1895
1901
1918
1897
1906
1893
1896
1899
1908
1906
1933
1887
1912
1892
1884
1889
1900
1894
1891
1910
1908
1898
1902
1921
1888
1915
1909
1916
1911
1914
1912
1919
1884
1915
1920
1897
1896
1914
1912
1917
1884
1919
1909
1929
1895
1906
1899
1912
1892
1896
1890
1890
1906
1911
1894
1903
1902
1903
1898
1932
1936
1909
1915
1900
1913
1908
1898
1895
1900
1919
1916
1910
1910
1895
1921
1904
1914
1896
1920
1918
1883
1895
1900
1903
1909
1913
1908
1903
1896
1910
1912
1910
1938
1900
1913
1910
1916
1895
1923
1930
1903
1899
1924
1924
