1923
1923
1896
1896
1926
1926
1895
1895
1921
1921
1889
1889
1912
1912
1869
1869
1895
1895
1875
1875
1873
1873
1913
1913
1899
1899
1891
1891
1927
1927
1905
1905
1911
1911
1909
1909
1909
1909
1910
1910
1913
1913
1888
1888
1932
1932
1918
1918
1902
1902
1933
1933
1899
1899
1926
1926
1919
1919
1919
1919
1913
1913
1873
1873
1867
1867
1870
1870
1935
1935
1910
1910
1907
1907
1937
1937
1911
1911
1937
1937
1910
1910
1889
1889
1918
1918
1935
1935
1939
1939
1939
1939
1921
1921
1925
1925
1932
1932
1910
1910
1912
1912
1882
1882
1903
1903
1937
1937
1907
1907
1886
1886
1912
1912
1909
1909
1901
1901
1925
1925
1931
1931
1918
1918
1891
1891
1920
1920
1896
1896
1929
1929
1921
1921
1923
1923
1937
1937
1875
1875
1910
1910
1923
1923
1925
1925
1896
1896
1895
1895
1937
1937
1903
1903
1903
1903
1929
1929
1931
1931
1932
1932
1917
1917
1883
1883
1881
1881
1925
1925
1905
1905
1936
1936
1907
1907
1910
1910
1908
1908
1939
1939
1896
1896
1921
1921
1898
1898
1925
1925
1888
1888
1912
1912
1913
1913
1912
1912
1888
1888
1897
1897
1918
1918
1937
1937
1906
1906
1884
1884
1884
1884
1912
1912
1892
1892
1922
1922
1925
1925
1886
1886
1920
1920
1928
1928
1914
1914
1895
1895
1930
1930
1893
1893
1919
1919
1922
1922
1903
1903
1904
1904
1902
1902
1899
1899
1897
1897
1890
1890
1880
1880
1887
1887
1924
1924
1903
1903
1918
1918
1912
1912
1918
1918
1898
1898
1926
1926
1925
1925
1918
1918
1924
1924
1895
1895
1873
1873
1873
1873
1914
1914
1911
1911
1914
1914
1923
1923
1890
1890
1893
1893
1918
1918
1915
1915
1937
1937
1907
1907
1878
1878
1910
1910
1870
1870
1927
1927
1888
1888
1921
1921
1889
1889
1916
1916
1919
1919
1911
1906
1906
1912
1912
1911
1920
1920
1924
1924
1916
1916
1908
1908
1926
1926
1925
1925
1902
1902
1935
1935
1898
1898
1939
1939
1924
1924
1930
1930
1936
1936
1928
1928
1923
1923
1923
1923
1872
1872
1868
1868
1887
1887
1914
1914
1921
1921
1921
1921
1897
1897
1893
1893
1930
1930
1917
1917
1912
1912
1928
1928
1913
1913
1892
1892
1902
1902
1891
1891
1888
1888
1914
1914
1890
1890
1922
1922
1926
1926
1886
1886
1917
1917
1905
1905
1933
1933
1931
1931
1900
1900
1881
1881
1873
1873
1919
1919
1931
1931
1899
1899
1920
1920
1870
1870
1904
1904
1919
1919
1910
1910
1923
1923
1888
1888
1928
1928
1915
1915
1877
1877
1924
1924
1921
1921
1914
1914
1882
1882
1891
1891
1925
1925
1919
1919
1873
1873
1905
1905
1908
1908
