1923
1903
1908
1927
1924
1900
1904
1913
1927
1904
1911
1910
1925
1923
1911
1913
1906
1914
1921
1918
1908
1915
1919
1877
1918
1920
1925
1917
1905
1921
1905
1906
1915
1919
1912
1918
1927
1906
1910
1915
1925
1912
1916
1909
1906
1917
1910
1922
1922
1910
1916
1923
1915
1920
1907
1915
1903
1924
1909
1897
1910
1899
1907
1909
1921
1909
1918
1916
1908
1913
1912
1917
1922
1906
1905
1909
1912
1908
1913
1922
1921
1919
1904
1909
1919
1903
1910
1910
1905
1924
1922
1918
1913
1919
1914
1917
1912
1918
1923
1903
1919
1919
1914
1920
1909
1917
1918
1914
1912
1908
1927
1923
1920
1911
1920
1907
1906
1920
1913
1909
1911
1919
1922
1905
1912
1925
1907
1909
1908
1906
1918
1915
1914
1906
1923
1910
1909
1916
1909
1911
1916
1908
1921
1925
1912
1922
1923
1912
1910
1922
1915
1910
1913
1913
1909
1927
1909
1903
1917
1919
1905
1925
1922
1915
1910
1920
1912
1914
1918
1910
1915
1916
1911
1910
1910
1908
1910
1920
1915
1905
1915
1907
1922
1913
1926
1920
1914
1905
1925
1922
