1902
1908
1889
1890
1903
1914
1901
1915
1915
1912
1918
1903
1884
1893
1920
1910
1887
1888
1906
1894
1901
1907
1894
1923
1892
1909
1924
1902
1906
1922
1914
1896
1892
1896
1923
1905
1890
1916
1904
1896
1904
1895
1907
1893
1899
1896
1903
1905
1893
1892
1895
1922
1888
1924
1916
1911
1901
1903
1906
1916
1924
1905
1916
1906
1890
1914
1893
1903
1922
1888
1922
1904
1913
1886
1911
1921
1891
1887
1906
1893
1895
1897
1923
1920
1897
1901
1896
1904
1888
1891
1920
1902
1899
1920
1921
1922
1892
1912
1889
1895
1924
1893
1897
1894
1918
1906
1891
1889
1903
1891
1897
1906
1902
1903
1889
1911
1891
1911
1902
1907
1896
1919
1889
1920
1899
1900
1913
1896
1902
1900
1896
1917
1906
1899
1911
1916
1897
1906
1892
1896
1917
1896
1893
1893
1891
1899
1895
1888
1904
1889
1893
1913
1915
1915
1916
1915
1907
1892
1910
1894
1916
1901
1897
1921
1909
1895
1891
1902
1905
1903
1895
1911
1912
1895
1905
1895
1922
1903
1892
1921
1921
1893
1914
1912
1922
1922
1891
1893
1907
1916
1899
1894
1921
1916
1890
1889
1919
1902
1923
1910
1912
1895
1905
1887
1893
1917
1895
1894
1899
1906
1895
1903
1894
1900
1906
1911
1895
1897
1913
1889
1890
1889
1893
1922
1903
1922
1920
1906
1896
1918
1916
1920
1921
1920
1894
1915
1912
1897
1905
1925
1916
1893
1897
1905
1894
1897
1895
1893
1902
1899
1904
1903
1905
1901
1908
1896
1911
1894
1902
1902
1920
1904
1909
1914
1904
1892
1890
1920
1905
1897
1898
1898
1908
1900
1911
1899
1921
1897
1892
1897
1911
1908
1914
1922
1921
1919
1904
1921
1902
1903
1893
1903
1918
1920
1898
1903
1897
1888
1894
1900
1902
1894
1914
1894
1904
1922
1910
1923
1897
1916
1904
1894
1890
1900
1917
1896
1921
1907
1902
1907
1902
1913
1896
1916
1897
1896
1890
1917
1917
1908
1903
1906
1918
1920
1899
1891
1894
1905
1904
1923
1888
1914
1921
1920
1920
1889
1901
1919
1897
1896
1888
1899
1918
1895
1900
1919
1906
1891
1894
1901
1906
1918
1898
1893
1893
1904
1889
1916
1892
1894
1923
1895
1907
1888
1899
1894
1890
1892
1896
1900
1901
1903
1897
1907
1904
1896
1908
1907
1914
1919
1908
1895
1917
1920
1892
1891
1912
1893
1903
1921
1905
1919
1893
1897
1900
1911
1920
1888
1913
1898
1891
1893
1915
1921
1918
1911
1888
1894
1921
1907
1908
1914
1903
1895
1899
1899
1893
1892
1922
1904
1923
1894
1903
1921
1918
1917
1900
1898
1883
1893
1922
1921
1896
1895
1904
1902
1921
1922
1900
1918
1888
1920
1891
1896
1895
1917
1908
1895
1905
1888
1922
1890
1904
1898
1891
1902
1891
1909
1912
1900
1898
1898
1890
1902
1890
1881
1914
1887
1898
1896
1895
1899
1900
1892
1904
1898
1892
1906
1904
1889
1917
1902
1895
1917
1897
1918
1911
1896
1920
1897
1905
1910
1923
1906
1901
1903
1921
1903
1904
1919
1903
1913
1921
1890
1899
1921
1923
1898
1889
1923
1905
1898
1891
1902
1890
1909
1890
1904
1892
1907
1903
1921
1903
1896
1909
1922
1904
1920
1903
1901
1894
1896
1906
1906
1899
1884
1897
1903
1910
1912
1927
1898
1916
1913
1908
1900
1895
1896
1892
1895
1898
1905
1910
1893
1910
1910
1899
1911
1902
1902
1897
1918
1920
1894
1919
1890
1893
1899
1900
1900
1904
1897
1891
1905
1911
1903
1892
1907
1920
1896
1904
1900
1907
1905
1913
1902
1903
1914
1899
1895
1891
1900
1897
1911
1913
1909
1892
1922
1900
1906
1896
1895
1922
1892
1919
1894
1893
1892
1923
1918
1891
1916
1901
1908
1891
1913
1913
1906
1912
1903
1890
1895
1896
1897
1921
1908
1918
1903
1898
1911
1900
1895
1913
1891
1897
1922
1915
1894
1899
1910
1896
1924
1896
1902
1913
1915
1906
1902
1902
1884
1898
1896
1911
1893
1907
1907
1892
1905
1894
1898
1897
1920
1920
1897
1923
1899
1904
1897
1897
1896
1897
1888
1920
1891
1894
1902
1891
1905
1901
1903
1911
1903
1905
1889
1907
1896
1908
1917
1920
1899
1902
1905
1911
1910
1902
1902
1923
1922
1893
1896
1899
1920
1911
1896
1889
1907
1899
1920
1890
1916
1916
1894
1889
1916
1892
1914
1910
1894
1896
1920
1922
1889
1906
1895
1895
1910
1907
1906
1902
1892
1887
1894
1898
1893
1918
1916
1916
1907
1891
1890
1913
1895
1898
1914
1907
1920
1922
1908
1896
1901
1919
1922
1899
1905
1907
1896
1920
1920
1911
1903
1893
1893
1920
1903
1918
1911
1893
1893
1923
1920
1896
1893
1902
1896
1916
1915
1887
1923
1895
1921
1920
1924
1914
1896
1897
1890
1893
1894
1900
1890
1895
1888
1888
1899
1898
1907
1901
1921
1914
1899
1896
1893
1897
1905
1901
1893
1902
1899
1895
1920
1910
1904
1923
1890
1906
1893
1912
1921
1904
1895
1906
1917
1892
1916
1890
1919
1904
1896
1904
1895
1888
1890
1906
1899
1905
1912
1921
1902
1886
1892
1892
1906
1909
1893
1899
1905
1905
1895
1892
1890
1890
1898
1905
1907
1890
1896
1891
1912
1893
1895
1900
1904
1907
1901
1894
1893
1897
1903
1894
1892
1888
1915
1904
1894
1887
1896
1907
1896
1895
1912
1903
1896
1918
1904
1904
1903
1910
1897
1893
1892
1893
1897
1919
1923
1893
1893
1893
1921
1891
1900
1890
1913
1902
1900
1890
1919
1916
1902
1912
1899
1887
1912
1907
1898
1893
1894
1899
1902
1891
1891
