1876
1907
1911
1900
1903
1875
1907
1908
1907
1898
1912
1907
1903
1902
1933
1888
1906
1919
1890
1910
1876
1878
1941
1877
1918
1907
1901
1885
1920
1885
1871
1914
1921
1886
1928
1915
1884
1917
1916
1921
1915
1889
1912
1898
1905
1915
1899
1881
1897
1896
1924
1929
1890
1892
1911
1895
1896
1890
1923
1925
1890
1923
1918
1875
1900
1890
1890
1918
1931
1910
1895
1923
1921
1909
1872
1908
1920
1928
1927
1920
1899
1895
1893
1862
1924
1920
1911
1922
1929
1888
1940
1914
1869
1878
1896
1863
1904
1899
1913
1903
1903
1941
1932
1903
1879
1921
1916
1916
1891
1898
