1880
1918
1876
1866
1940
1938
1936
1907
1904
1878
1898
1929
1895
1915
1928
1884
1900
1890
1920
1932
1930
1923
1887
1894
1922
1931
1927
1900
1902
1938
1907
1907
1934
1919
1921
1880
1879
1921
1916
1871
1912
1874
1894
1885
1923
1925
1927
1913
1923
1884
1897
1928
1923
1932
1927
1897
1921
1937
1909
1938
1907
1895
1927
1923
1900
1940
1928
1931
1900
1883
1896
1929
1917
1894
1899
1920
1924
1927
1882
1912
1882
1920
1902
1899
1876
1911
1907
1932
1906
1934
1931
1905
1914
1912
1902
1865
1891
1904
1884
1891
