1924
1911
1902
1902
1907
1909
1912
1925
1912
1938
1932
1907
1878
1902
1918
1929
1928
1883
1902
1910
1938
1923
1926
1900
1897
1925
1877
1896
1928
1924
1897
1906
1912
1902
1905
1930
1935
1928
1907
1913
1938
1940
1885
1915
1920
1886
1928
1903
1895
1891
1926
1922
1900
1926
1924
1895
1931
1928
1929
1899
1910
1899
1905
1904
1927
1928
1929
1894
1920
1916
1897
1919
1919
1907
1907
1904
1923
1929
1925
1922
1936
1904
1904
1927
1897
1921
1896
1937
1906
1923
1892
1925
1921
1919
1927
1888
1929
1926
1900
1889
1925
1912
1915
1880
1919
1914
1903
1937
1870
1931
1886
1904
1922
1935
1890
1900
1906
1928
1904
1930
1935
1910
1877
1923
1930
1908
1920
1920
