1900
1900
1914
1914
1899
1899
1898
1898
1928
1928
1900
1900
1903
1903
1934
1934
1918
1918
1915
1915
1881
1881
1911
1911
1875
1875
1896
1896
1888
1888
1892
1892
1894
1894
1873
1873
1901
1901
1902
1902
1908
1908
1900
1900
1875
1875
1909
1909
1917
1917
1910
1910
1910
1910
1905
1905
1871
1871
1911
1911
1937
1937
1908
1908
1871
1871
1908
1908
1905
1905
1893
1893
1900
1900
1927
1927
1890
1890
1909
1909
1919
1919
1888
1888
1926
1926
1910
1910
1906
1906
1939
1939
1903
1903
1910
1910
1909
1909
1909
1909
1907
1907
1908
1908
1911
1911
1904
1904
1903
1903
