1904
1904
1928
1928
1897
1897
1917
1917
1911
1911
1910
1910
1910
1910
1934
1934
1931
1931
1940
1940
1934
1934
1920
1920
1913
1913
1933
1933
1938
1938
1908
1908
1935
1935
1916
1916
1885
1885
1917
1917
1909
1909
1938
1938
1908
1908
1938
1938
1913
1913
1906
1906
1935
1935
1928
1928
1938
1938
1909
1909
1911
1911
1904
1904
1916
1916
1931
1931
1891
1891
1925
1925
1929
1929
1919
1919
1923
1923
1926
1926
1928
1928
1900
1900
1901
1901
1904
1904
1928
1928
1909
1909
1908
1908
1899
1899
1896
1896
1935
1935
1889
1889
1888
1888
1924
1924
1916
1916
1891
1891
1890
1890
1932
1932
1902
1902
1905
1905
1884
1884
1908
1908
1930
1930
1931
1931
1887
1887
1889
1889
1941
1941
1917
1917
1912
1912
1881
1881
1925
1925
1933
1933
1901
1901
1924
1924
1902
1902
1929
1929
1927
1927
1897
1897
1930
1930
1923
1923
1921
1921
1918
1918
1893
1893
1928
1928
1888
1888
1927
1927
1891
1891
1924
1924
1931
1931
1934
1934
1880
1880
1885
1885
1908
1908
1924
1924
1927
1927
1901
1901
1883
1883
1940
1940
1938
1938
1910
1910
1885
1885
1914
1914
1911
1911
1921
1921
1877
1877
1906
1906
1909
1909
1914
1914
1940
1940
1908
1908
1900
1900
1905
1905
1891
1891
1893
1893
1885
1885
1924
1924
1922
1922
1907
1907
1884
1884
1919
1919
1917
1917
1928
1928
1888
1888
1920
1920
1916
1916
1924
1924
1913
1913
1906
1906
1937
1937
1942
1942
1916
1916
1920
1920
1914
1914
1914
1914
1928
1928
1922
1922
1921
1921
1888
1888
1896
1896
1924
1924
1918
1918
1879
1879
1884
1884
1913
1913
1921
1921
1901
1901
1910
1910
1893
1893
1911
1911
1908
1908
1935
1935
1908
1908
1910
1910
1938
1938
1922
1922
1893
1893
1911
1911
1935
1935
1936
1936
1902
1902
1900
1900
1881
1881
1912
1912
1900
1900
1915
1915
1912
1912
1908
1908
1883
1883
1930
1930
1928
1928
1901
1901
1887
1887
1915
1915
1912
1912
1907
1907
1926
1926
1901
1901
1938
1938
1901
1901
1891
1891
1916
1916
1937
1937
1893
1893
1932
1932
1927
1927
1929
1929
1925
1925
1925
1925
1905
1905
1905
1905
1924
1924
1929
1929
1916
1916
1905
1905
1928
1928
1931
1931
1904
1904
1883
1883
1881
1881
1928
1928
1927
1927
1901
1901
1939
1939
1924
1924
1883
1883
1882
1882
1924
1924
1914
1914
1922
1922
1920
1920
1925
1925
1932
1932
1876
1876
1873
1873
1919
1919
1942
1942
