1896
1902
1939
1906
1919
1917
1920
1917
1915
1913
1916
1880
1905
1908
1937
1906
1883
1892
1888
1921
1926
1918
1921
1926
1924
1903
1904
1923
1919
1892
1890
1925
1931
1920
1931
1913
1901
1937
1904
1912
1919
1921
1922
1900
1933
1893
1932
1896
1928
1930
1926
1927
1885
1921
1887
1906
1937
1929
1926
1932
1903
1912
1878
1918
1911
1876
1920
1920
1917
1915
1914
1928
1931
1901
1906
1902
1942
1930
1925
1898
1933
1903
1924
1895
1923
1927
1897
1919
1893
1925
1918
1918
1930
1937
1907
1932
1899
1903
1912
1937
1909
1909
1918
1927
1899
1938
1904
1926
1917
1920
1940
1887
1917
1927
1898
1922
1896
1903
1902
1900
1936
1912
1925
1916
1894
1926
1915
1908
1889
1921
1883
1870
1914
1922
1942
1901
1898
1934
1930
