1906
1919
1886
1909
1905
1889
1927
1913
1940
1914
1910
1912
1916
1872
1873
1910
1910
1916
1913
1939
1922
1911
1926
1926
1914
1904
1905
1913
1934
1928
1864
1917
1910
1894
1898
1919
1921
1927
1924
1898
1897
1886
1885
1892
1911
1862
1909
1937
1874
1857
1891
1887
1922
1887
1924
1919
1910
1910
1893
1885
1899
1915
1882
1914
1910
1912
1881
1881
1898
1928
1926
1915
1920
1882
1886
1914
1913
1880
1885
1879
1877
1914
1884
1889
1924
1918
1886
1890
1937
1911
1912
1929
1919
1924
1890
1888
1911
1909
1910
1913
1909
1939
1907
1904
1887
1882
1924
1902
1926
1928
1919
1885
1938
1908
1918
1936
1911
1901
1899
1908
1892
1923
