1924
1926
1895
1928
1916
1926
1925
1922
1908
1932
1923
1937
1925
1896
1897
1897
1917
1900
1905
1921
1925
1928
1923
1922
1932
1907
1901
1905
1942
1920
1875
1879
1911
1901
1929
1923
1928
1884
1917
1930
1904
1912
1908
1923
1929
1904
1886
1917
1908
1936
1895
1916
1916
1923
1925
1930
1907
1932
1906
1926
1886
1891
1929
1924
1897
1895
1922
1917
1903
1905
1915
1922
1870
1913
1905
1902
1935
1935
1937
1912
1941
1907
1924
1899
1924
1932
1905
1902
1939
1886
1903
1903
1892
1922
1920
1928
1892
1922
1910
1904
1943
1906
1895
1930
1917
1924
1910
1922
1923
1916
1915
1917
1886
1906
1909
1935
1907
1930
1928
1908
1900
1910
1878
1908
1924
1901
1926
1912
1915
1909
1923
1928
1884
1922
1926
1916
1919
1883
1886
1912
1925
