1907
1915
1889
1910
1914
1919
1886
1903
1925
1894
1932
1919
1915
1918
1912
1930
1928
1888
1888
1924
1897
1929
1900
1892
1924
1887
1914
1908
1878
1882
1913
1884
1916
1910
1918
1881
1923
1938
1918
1897
1929
1892
1940
1936
1916
1872
1875
1879
1915
1906
1914
1904
1935
1878
1893
1897
1920
1860
1860
1923
1889
1901
1888
1876
1912
1909
1879
1924
1929
1892
1922
1892
1913
1902
1889
1917
1924
1919
1887
1881
1911
1889
1928
1925
1936
1923
1914
1910
1930
1894
1902
1897
1885
1915
1889
1919
1884
1886
1884
1921
1912
1864
1892
1890
1923
1916
1885
1874
1919
1884
1872
1923
1883
1912
1922
1887
1938
1906
1865
1900
1927
1933
1938
1901
1865
1910
1939
1883
1911
1921
1926
1901
1938
1912
1914
1868
1868
1898
1876
1906
1882
1923
1917
1928
1937
1884
1921
1885
1885
1916
1936
1924
1929
1923
1932
1903
1927
1924
1900
1927
1906
1938
1908
1901
1899
1907
1880
1909
1914
1896
1895
1919
1923
1927
1890
1871
1890
