1910
1910
1933
1933
1915
1915
1930
1930
1927
1927
1907
1907
1902
1902
1928
1928
1897
1897
1934
1934
1901
1901
1929
1929
1901
1901
1924
1924
1939
1939
1926
1926
1930
1930
1928
1928
1897
1897
1896
1896
1927
1927
1900
1900
1912
1912
1925
1925
1886
1886
1890
1890
1911
1911
1896
1896
1910
1910
1907
1907
1911
1911
1902
1902
1903
1903
1940
1940
1908
1908
1931
1931
1936
1936
1894
1894
1914
1914
1900
1900
1927
1927
1898
1898
1920
1920
1894
1894
1923
1923
1914
1914
1911
1911
1915
1915
1919
1919
1887
1887
1914
1914
1918
1918
1903
1903
1882
1913
1882
1913
1913
1913
1913
1913
1910
1910
1893
1893
1904
1904
1907
1907
1908
1908
1938
1938
1908
1908
1892
1892
1924
1924
1922
1922
1901
1901
1925
1925
1927
1927
1926
1926
1897
1897
1900
1900
1904
1904
1918
1918
1913
1913
1920
1920
1914
1914
1916
1916
1880
1880
1938
1938
1906
1906
1906
1906
