1900
1900
1912
1912
1926
1926
1926
1926
1926
1926
1932
1932
1932
1932
1932
1932
1932
1932
1891
1891
1921
1921
1919
1919
1905
1905
1934
1934
1907
1907
1937
1937
1911
1911
1911
1911
1911
1911
1911
1911
1911
1911
1911
1911
1918
1918
1893
1893
1895
1895
1921
1921
1904
1904
1904
1904
1904
1904
1894
1894
1894
1894
1894
1894
1875
1875
1930
1930
1886
1886
1886
1886
1886
1886
1909
1909
1909
1909
1890
1890
1904
1904
1904
1904
1904
1904
1924
1924
1924
1924
1940
1940
1940
1940
1940
1940
1903
1903
1875
1875
1886
1886
1886
1886
1886
1886
1910
1910
1910
1910
1910
1910
1887
1887
1936
1936
1936
1936
1936
1936
1908
1908
1908
1908
1908
1908
1904
1904
1904
1904
1904
1904
1928
1928
1939
1939
1939
1939
1939
1939
1929
1929
1929
1929
1929
1929
1929
1929
1929
1929
1929
1929
1902
1902
1902
1902
1902
1902
1939
1939
1929
1939
1939
1939
1904
1904
1904
1904
1904
1904
1937
1937
1937
1937
1937
1937
1889
1889
1889
1889
1889
1889
1912
1912
1912
1912
1912
1912
1912
1912
1912
1902
1902
1902
1902
1902
1902
1905
1905
1905
1905
1908
1908
1908
1908
1908
1908
1897
1897
1897
1897
1897
1897
1932
1932
1932
1932
1932
1932
1906
1906
1906
1906
1878
1878
1878
1878
1878
1878
1902
1902
1902
1902
1902
1902
1903
1903
1903
1903
1933
1933
1933
1932
1933
1933
1906
1906
1927
1927
1927
1927
1927
1928
1928
1928
1928
1928
1928
1928
1938
1938
1938
1938
1916
1916
1912
1932
1932
1923
1923
1912
1912
1912
1912
1912
1920
1920
1934
1934
1928
1928
1899
1899
1899
1899
1899
1899
1936
1936
1936
1936
1936
1936
1937
1937
1937
1937
1914
1914
1914
1914
1914
1914
1880
1880
1880
1880
1880
1880
1925
1925
1925
1925
1925
1925
1879
1879
1879
1879
1879
1879
1901
1901
1854
1854
1854
1854
1854
1854
1885
1885
1885
1885
1885
1885
1890
1890
1890
1890
1890
1890
1924
1924
1929
1929
1929
1929
1929
1903
1903
1919
1919
1919
1919
1919
1919
1921
1921
1921
1921
1921
1921
1932
1932
1932
1932
1932
1932
1926
1926
1926
1926
1926
1926
1908
1908
1896
1896
1890
1890
1890
1890
1890
1890
1889
1915
1924
1924
1924
1924
1924
1924
1894
1894
1912
1894
1894
1894
1894
1912
1889
1889
1889
1889
1889
1933
1896
1901
1901
1933
1933
1896
1896
1901
1896
1933
1901
1896
1901
1933
1896
1933
1901
1933
1933
1933
1933
1933
1933
1920
1920
1920
1920
1920
1920
1926
1926
1926
1926
1926
1926
1923
1910
1910
1910
1910
1910
1923
1910
1933
1898
1898
1930
1930
1938
1898
1914
1914
1914
1914
1914
1914
1923
1923
1923
1923
1923
1923
1902
1902
1902
1902
1902
1902
1926
1926
1926
1926
1926
1926
1873
1873
1918
1918
1918
1918
1918
1918
1922
1922
1913
1913
1889
1889
1889
1889
1889
1889
1926
1926
1926
1926
1926
1926
1929
1929
1894
1894
1915
1915
1915
1915
1915
1915
1887
1887
1887
1887
1887
1887
1902
1902
1902
1902
1925
1925
1900
1900
1929
1929
1929
1929
1929
1929
1881
1881
1890
1890
1931
1890
1890
1890
1890
1931
1897
1897
1897
1927
1927
1884
1884
1920
1920
1920
1920
1920
1920
1922
1922
1922
1922
1922
1922
1885
1885
1885
1885
1885
1885
1865
1865
1865
1927
1865
1865
1865
1927
1895
1895
1895
1895
1895
1895
1922
1922
1922
1922
1922
1922
1899
1899
1932
1932
1933
1938
1924
1924
1924
1924
1924
1924
1902
1902
1939
1939
1939
1939
1939
1939
1897
1897
1938
1895
1895
1895
1895
1895
1895
1901
1901
1901
1901
1901
1901
1915
1915
1915
1915
1915
1915
1931
1931
1924
1924
1924
1924
1924
1924
1903
1903
1930
1930
1938
1935
1935
1935
1935
1935
1935
1898
1898
1898
1898
1898
1898
1885
1885
1885
1885
1885
1885
1892
1892
1892
1892
1892
1892
1885
1885
1885
1885
1885
1885
1929
1929
1929
1929
1929
1929
1900
1883
1900
1883
1900
1900
1900
1900
1900
1883
1883
1900
1900
1883
1900
1900
1883
1900
1922
1922
1906
1906
1906
1906
1906
1906
1878
1915
1915
1878
1878
1878
1915
1878
1878
1915
1915
1907
1907
1907
1907
1913
1913
1913
1913
1913
1913
1891
1878
1903
1891
1891
1878
1878
1891
1891
1891
1903
1878
1894
1894
1894
1898
1910
1878
1894
1894
1910
1898
1878
1894
1938
1938
1938
1938
1938
1938
1884
1884
1884
1884
1884
1884
1929
1929
1929
1929
1929
1929
1874
1874
1925
1927
1927
1925
1925
1927
1925
1925
1925
1927
1927
1927
1893
1893
1893
1893
1893
1893
1922
1922
1922
1922
1922
1922
1877
1877
1877
1877
1877
1877
1935
1935
1935
1935
1935
1935
1912
1915
1915
1879
1879
1885
1885
1885
1885
1918
1918
1918
1918
1918
1918
1902
1939
1902
1902
1902
1902
1911
1911
1905
1905
1930
1930
1924
1924
1924
1924
1924
1924
1889
1889
1921
1921
1926
1926
1926
1926
1926
1926
1927
1927
1921
1921
1921
1921
1921
1921
1928
1928
1928
1928
1928
1928
1937
1937
1937
1937
1937
1937
1876
1876
1909
1909
1917
1917
1940
1940
1940
1940
1940
1940
1933
1911
1911
1935
1935
1928
1928
1909
1909
1908
1909
1909
1909
1913
1913
1913
1913
1913
1913
1930
1930
1930
1930
1930
1930
1930
1930
1925
1925
1925
1925
1925
1925
1900
1900
1900
1900
1900
1900
1900
1900
1925
1925
1927
1927
1927
1927
1927
1927
1927
1927
1933
1933
1933
1933
1933
1933
1907
1907
1938
1938
1882
1882
1882
1882
1882
1882
1907
1907
1907
1907
1907
1907
1923
1923
1923
1923
1923
1923
1896
1896
1896
1896
1896
1896
1911
1933
1911
1879
1879
1879
1879
1879
1879
1903
1903
1903
1903
1899
1899
1899
1899
1899
1899
1895
1895
1895
1895
1895
1895
1910
1910
1910
1910
1910
1910
1937
1937
1937
1937
1937
1937
1889
1889
1889
1889
1889
1889
1900
1900
1900
1900
1900
1900
1905
1905
1905
1905
1905
1905
1925
1925
1898
1861
1861
1898
1898
1898
1898
1898
1929
1929
1922
1922
1913
1913
1889
1889
1891
1891
1910
1863
1863
1863
1863
1863
1863
1865
1865
1865
1865
1865
1865
1880
1880
1880
1880
1880
1880
1910
1903
1903
1903
1903
1903
1903
1877
1877
1877
1877
1877
1877
1903
1903
1903
1903
1903
1903
1880
1880
1880
1880
1880
1880
1880
1880
1880
1893
1893
1893
1893
1893
1893
1880
1917
1917
1917
1917
1917
1917
1873
1873
1873
1873
1873
1873
1885
1885
1889
1889
1889
1889
1926
1926
1926
1926
1926
1926
1929
1900
1900
1900
1900
1900
1900
1928
1928
1933
1933
1933
1933
1933
1933
1898
1898
1898
1931
1931
1931
1931
1931
1931
1898
1898
1898
1898
1898
1898
1897
1897
1897
1924
1924
1924
1924
1924
1924
1880
1880
1886
1886
1886
1886
1886
1886
1911
1927
1927
1927
1927
1927
1927
1900
1900
1900
1900
1900
1900
1917
1931
1931
1931
1931
1931
1931
1921
1921
1921
1921
1921
1921
1921
1918
1918
1918
1918
1918
1918
1935
1935
1935
1935
1937
1937
1937
1937
1901
1901
1901
1901
1901
1901
1932
1932
1932
1932
1932
1932
1908
1908
1908
1908
1908
1908
1888
1888
1888
1888
1888
1888
1864
1864
1864
1864
1864
1864
1913
1913
1913
1913
1913
1904
1928
1904
1928
1904
1928
1928
1904
1904
1928
1904
1928
1894
1894
1894
1894
1901
1901
1901
1901
1901
1901
1923
1923
1923
1923
1923
1923
1877
1877
1877
1877
1877
1877
1923
1923
1923
1923
1923
1923
1910
1910
1910
1910
1910
1910
1908
1908
1908
1908
1908
1908
1875
1875
1875
1875
1923
1923
1923
1923
1923
1923
1902
1902
1902
1902
1902
1902
1938
1938
1938
1938
1938
1938
1933
1933
1933
1933
1933
1933
1926
1926
1926
1926
1926
1926
1903
1903
1887
1887
1887
1887
1887
1887
1924
1924
1924
1924
1924
1899
1899
1910
1910
1910
1910
1910
1910
1911
1911
1911
1911
1911
1911
1919
1919
1886
1886
1919
1919
1919
1919
1919
1919
1912
1912
1922
1922
1877
1877
1855
1855
1916
1916
1916
1916
1916
1916
1925
1925
1906
1906
1916
1916
1903
1903
1905
1905
1905
1905
1905
1905
1914
1914
1914
1914
1914
1914
1908
1908
1908
1908
1908
1908
1910
1910
1914
1914
1910
1910
1910
1910
1910
1910
1905
1905
1905
1905
1905
1905
1897
1897
1897
1897
1897
1897
1889
1889
1889
1889
1876
1876
1876
1876
1876
1922
1933
1888
1888
1937
1937
1924
1926
1926
1926
1926
1894
1864
1894
1894
1894
1894
1864
1894
1905
1905
1906
1906
1906
1906
1906
1906
1903
1903
1925
1925
1925
1925
1864
1864
1864
1864
1864
1864
1912
1912
1912
1912
1912
1912
1882
1882
1882
1882
1901
1901
1901
1901
1901
1901
1938
1938
1938
1938
1938
1938
1911
1911
1911
1911
1911
1911
1882
1882
1882
1882
1882
1924
1924
1924
1924
1924
1924
1882
1906
1906
1906
1906
1906
1906
1887
1887
1887
1887
1887
1887
1882
1908
1908
1908
1908
1908
1908
1922
1922
1922
1922
1922
1922
1921
1921
1921
1857
1857
1857
1857
1914
1914
1914
1907
1907
1907
1907
1921
1921
1914
1914
1857
1857
1907
1907
1927
1867
1914
1914
1895
1895
1927
1927
1927
1927
1927
1905
1905
1890
1890
1890
1890
1890
1890
1909
1909
1916
1916
1867
1867
1867
1924
1924
1876
1876
1876
1876
1876
1876
1925
1925
1921
1921
1892
1892
1931
1931
1908
1908
1938
1928
1898
1898
1898
1898
1898
1912
1887
1887
1887
1887
1887
1887
1898
1898
1898
1898
1898
1895
1895
1938
1912
1912
1912
1912
1927
1927
1898
1898
1883
1883
1883
1883
1883
1920
1920
1920
1920
1920
1920
1928
1928
1928
1928
1928
1928
1933
1933
1933
1933
1933
1933
1901
1901
1901
1901
1901
1901
1887
1887
1887
1887
1887
1887
1890
1890
1909
1909
1909
1909
1909
1909
1856
1856
1856
1856
1856
1856
1883
1923
1923
1921
1921
1921
1921
1921
1921
1897
1897
1918
1918
1918
1918
1918
1918
1916
1916
1916
1916
1923
1923
1923
1923
1923
1923
1897
1897
1897
1897
1897
1897
1899
1892
1892
1930
1930
1908
1908
1910
1910
1910
1910
1910
1910
1920
1920
1920
1920
1920
1920
1883
1883
1873
1873
1914
1914
1914
1914
1914
1914
1896
1896
1896
1896
1896
1896
1923
1923
1923
1862
1923
1923
1862
1923
1869
1869
1869
1869
1869
1869
1885
1885
1899
1916
1916
1916
1916
1916
1916
1921
1921
1921
1921
1921
1921
1923
1923
1923
1923
1923
1923
1921
1914
1927
1927
1927
1927
1927
1927
1926
1926
1926
1926
1926
1926
1923
1923
1923
1923
1923
1923
1884
1884
1884
1884
1884
1884
1937
1937
1937
1937
1937
1937
1886
1886
1886
1886
1886
1886
1884
1884
1884
1884
1884
1884
1920
1926
1920
1920
1920
1920
1910
1910
1910
1910
1910
1910
1925
1925
1925
1925
1925
1925
1916
1916
1916
1916
1916
1916
1912
1912
1912
1912
1912
1912
1914
1914
1914
1914
1914
1914
1926
1926
1926
1926
1926
1925
1899
1899
1921
1921
1921
1921
1921
1921
1932
1932
1914
1914
1914
1914
1914
1914
1934
1934
1934
1934
1934
1934
1905
1906
1935
1935
1924
1924
1924
1924
1924
1924
1926
1926
1926
1926
1926
1926
1932
1932
1932
1932
1932
1932
1937
1937
1937
1937
1937
1937
1928
1928
1928
1928
1928
1928
1889
1889
1889
1889
1889
1889
1853
1853
1853
1853
1853
1853
1909
1909
1909
1909
1909
1909
1936
1936
1936
1936
1936
1936
1876
1876
1876
1876
1876
1876
1914
1914
1914
1914
1914
1914
1866
1866
1866
1866
1925
1925
1925
1925
1925
1925
1897
1897
1890
1890
1890
1890
1890
1890
1920
1940
1940
1920
1920
1920
1922
1922
1922
1922
1922
1922
1897
1897
1927
1927
1930
1930
1930
1930
1930
1930
1912
1912
1912
1912
1912
1912
1919
1919
1919
1919
1919
1919
1875
1875
1923
1923
1884
1884
1888
1888
1911
1917
1921
1900
1900
1911
1911
1935
1935
1935
1935
1935
1935
1901
1901
1904
1904
1904
1904
1904
1904
1927
1929
1927
1927
1929
1927
1929
1929
1927
1929
1929
1927
1866
1866
1867
1867
1867
1867
1867
1867
1895
1895
1895
1895
1895
1895
1904
1904
1904
1904
1904
1904
1906
1906
1923
1923
1918
1918
1918
1918
1918
1918
1891
1891
1891
1891
1891
1891
1901
1901
1930
1930
1930
1930
1930
1920
1884
1884
1884
1884
1884
1884
1909
1909
1909
1909
1909
1909
1890
1890
1890
1890
1890
1890
1881
1881
1881
1881
1881
1881
1919
1919
1919
1919
1919
1884
1884
1884
1884
1884
1884
1881
1881
1881
1881
1881
1881
1929
1929
1929
1929
1929
1929
1882
1882
1882
1882
1882
1882
1916
1916
1916
1916
1916
1916
1881
1881
1881
1881
1881
1881
1923
1923
1923
1923
1923
1923
1929
1929
1885
1885
1927
1927
1923
1923
1904
1904
1899
1899
1899
1899
1899
1899
1900
1900
1922
1922
1922
1922
1922
1922
1919
1919
1919
1919
1919
1919
1911
1911
1904
1904
1904
1904
1904
1904
1867
1867
1867
1867
1867
1867
1914
1914
1914
1914
1914
1914
1934
1934
1934
1934
1934
1934
1926
1926
1879
1879
1879
1879
1879
1879
1930
1930
1885
1885
1885
1885
1886
1885
1910
1910
1910
1910
1910
1910
1932
1932
1932
1932
1932
1932
1883
1883
1883
1883
1880
1880
1880
1880
1903
1903
1903
1903
1903
1930
1912
1912
1912
1912
1912
1912
1916
1916
1916
1916
1916
1916
1912
1912
1909
1909
1903
1903
1903
1903
1903
1903
1940
1940
1940
1940
1940
1940
1937
1937
1937
1937
1937
1937
1925
1925
1925
1925
1925
1925
1893
1893
1893
1893
1893
1893
1881
1881
1881
1881
1881
1881
1924
1924
1924
1924
1924
1924
1919
1919
1919
1919
1919
1919
1913
1913
1913
1913
1913
1913
1906
1906
1879
1879
1884
1884
1884
1884
1884
1884
1927
1927
1927
1927
1927
1927
1891
1891
1891
1891
1891
1891
1903
1903
1924
1924
1881
1881
1912
1912
1877
1877
1928
1928
1928
1928
1928
1928
1885
1885
1885
1885
1907
1907
1907
1907
1909
1909
1909
1909
1925
1925
1925
1925
1898
1898
1898
1898
1898
1898
1922
1922
1922
1922
1922
1922
1893
1893
1893
1893
1893
1893
1924
1924
1924
1924
1924
1924
1912
1912
1904
1904
1938
1938
1940
1940
1908
1908
1911
1911
1874
1874
1887
1887
1887
1887
1887
1887
1930
1891
1930
1930
1930
1891
1930
1930
1897
1897
1897
1897
1897
1897
1897
1897
1897
1897
1897
1897
1929
1929
1929
1929
1929
1929
1893
1893
1893
1893
1893
1893
1894
1894
1894
1894
1894
1894
1899
1899
1899
1899
1899
1899
1933
1933
1933
1933
1933
1933
1926
1926
1926
1926
1926
1926
1903
1903
1903
1903
1903
1903
1882
1882
1882
1882
1882
1914
1914
1917
1917
1875
1875
1931
1931
1897
1897
1903
1903
1870
1870
1870
1870
1870
1870
1923
1923
1888
1888
1888
1888
1888
1888
1898
1898
1898
1898
1898
1898
1905
1905
1905
1905
1905
1905
1928
1928
1920
1920
1879
1879
1879
1879
1879
1879
1891
1874
1874
1874
1874
1874
1874
1938
1938
1938
1938
1919
1919
1919
1919
1919
1919
1900
1900
1934
1934
1935
1934
1934
1934
1934
1935
1904
1904
1904
1904
1904
1904
1885
1885
1885
1885
1885
1911
1885
1911
1915
1915
1915
1915
1915
1915
1931
1931
1931
1931
1931
1931
1918
1918
1918
1918
1918
1918
1936
1936
1936
1936
1936
1936
1900
1900
1900
1900
1900
1900
1910
1910
1910
1910
1910
1910
1865
1865
1865
1865
1865
1865
1876
1876
1938
1938
1938
1938
1938
1938
1893
1893
1893
1893
1893
1893
1891
1915
1915
1915
1915
1915
1915
1912
1912
1912
1912
1912
1912
1909
1909
1909
1909
1909
1909
1928
1928
1928
1928
1928
1928
1898
1898
1898
1898
1898
1898
1909
1909
1909
1909
1909
1909
1870
1870
1870
1870
1870
1870
1909
1909
1909
1909
1909
1909
1940
1940
1940
1940
1940
1940
1903
1903
1903
1903
1903
1903
1934
1934
1934
1934
1934
1934
1908
1908
1908
1908
1908
1908
1925
1925
1925
1925
1925
1925
1875
1875
1875
1875
1875
1875
1900
1900
1900
1900
1900
1900
1891
1891
1891
1891
1891
1891
1874
1874
1874
1874
1874
1874
1912
1912
1912
1912
1912
1912
1902
1902
1902
1902
1902
1902
1926
1926
1926
1926
1926
1926
1923
1923
1923
1923
1923
1923
1876
1876
1876
1876
1876
1876
1879
1879
1879
1879
1894
1894
1894
1894
1895
1895
1895
1895
1895
1895
1878
1878
1909
1909
1909
1909
1923
1923
1923
1923
1923
1923
1895
1895
1895
1895
1895
1895
1876
