1936
1920
1922
1932
1925
1893
1917
1910
1908
1930
1897
1928
1894
1910
1882
1925
1884
1887
1893
1923
1936
1904
1914
1905
1901
1877
1888
1908
1896
1922
1894
1920
1927
1887
1912
1908
1905
1913
1887
1923
1890
1911
1915
1911
1937
1908
1937
1895
1899
1929
1932
1927
1931
1898
1878
1879
1883
1907
1895
1920
1896
1924
1896
1898
1883
1913
1923
1887
1909
1899
1914
1890
1901
1885
1876
1915
1880
1922
1895
1922
1870
1888
1887
1894
1906
1906
1933
1898
1905
1910
1913
1910
1924
1900
1918
1922
1886
1916
1894
1894
1920
1921
