1916
1916
1878
1878
1916
1916
1868
1868
1902
1902
1898
1898
1910
1910
1897
1897
1897
1897
1899
1899
1926
1926
1896
1896
1909
1909
1878
1878
1908
1908
1885
1885
1928
1928
1915
1915
1925
1925
1926
1926
1896
1896
1899
1899
1927
1927
1876
1876
1872
1872
1915
1915
1883
1883
1924
1924
1877
1877
1921
1921
1905
1905
1887
1887
1885
1885
1920
1920
1916
1916
1918
1918
1922
1922
1927
1927
1924
1924
1899
1899
1938
1938
1901
1901
1900
1900
1900
1900
1931
1931
1936
1936
1880
1880
1885
1885
1896
1896
1898
1898
1901
1901
1930
1930
1907
1907
1918
1918
1937
1937
1910
1910
1885
1885
1918
1918
1874
1874
1884
1884
1868
1868
1890
1890
1928
1928
1880
1880
1919
1919
1920
1920
1923
1923
1929
1929
1925
1925
1907
1907
1934
1934
1904
1904
1884
1884
1917
1917
1913
1913
1910
1910
1909
1909
1884
1884
1934
1934
1903
1903
1881
1891
1881
1891
1882
1882
1882
1882
1870
1870
1865
1865
1918
1918
1880
1880
1937
1937
1909
1909
1941
1941
1925
1925
1929
1929
1921
1921
1910
1910
1873
1873
1911
1911
1930
1930
1916
1916
1940
1940
1938
1938
1900
1900
1940
1940
1904
1904
1928
1928
1905
1905
1927
1927
1928
1928
1938
1938
1938
1938
1938
1938
1902
1902
1929
1929
1904
1904
1892
1892
1888
1888
1907
1907
1892
1892
1919
1919
1905
1905
1901
1901
1861
1861
1910
1910
1868
1868
1871
1871
1908
1908
1910
1910
1903
1903
1886
1886
1924
1924
1922
1922
1888
1888
1917
1917
1919
1919
1923
1923
1921
1921
1912
1912
1924
1924
1920
1920
1887
1887
1890
1890
1913
1913
1884
1884
1914
1914
1887
1887
1914
1914
1878
1878
1908
1908
1915
1915
1884
1884
1928
1928
1888
1888
1928
1928
1920
1920
1899
1899
1925
1925
1925
1925
1919
1919
1907
1907
1927
1927
