1924
1924
1916
1916
1913
1913
1919
1919
1916
1916
1918
1918
1924
1924
1892
1892
1925
1925
1918
1918
1878
1878
1907
1907
1909
1909
1906
1906
1898
1898
1903
1903
1928
1928
1924
1924
1887
1887
1888
1888
1882
1882
1889
1889
1902
1902
1914
1914
1914
1914
1933
1933
1928
1928
1938
1938
1936
1936
1935
1935
1924
1924
1902
1902
1894
1894
1916
1916
1895
1895
1894
1894
1888
1888
1924
1924
1870
1870
1928
1928
1862
1862
1878
1878
1875
1875
1919
1919
1894
1894
1925
1925
1888
1888
1900
1900
1900
1900
1900
1900
1900
1900
1900
1900
1878
1878
1889
1889
1927
1927
1927
1927
1930
1930
1902
1902
1924
1924
1900
1900
1902
1902
1914
1914
1923
1923
1918
1918
1930
1930
1927
1927
1934
1934
1903
1903
1892
1892
1869
1869
1881
1881
1942
1942
1910
1910
1880
1880
1929
1929
1913
1913
1938
1938
1939
1939
1912
1912
1928
1928
1892
1892
1900
1900
1933
1933
1916
1916
1898
1898
1930
1930
1909
1909
1934
1934
1928
1928
1931
1931
1902
1902
1940
1940
1924
1924
1895
1895
1926
1926
1922
1922
1897
1897
1929
1929
1908
1908
1896
1896
1903
1903
1924
1924
1898
1898
1920
1920
1871
1871
1904
1904
1879
1879
1907
1907
1908
1908
1917
1917
1905
1905
1912
1912
1910
1910
1937
1937
1912
1912
1904
1904
1890
1890
1928
1928
1920
1920
1916
1916
1888
1888
1905
1905
1918
1918
1925
1925
1914
1914
1916
1916
1882
1882
1925
1925
1916
1916
1901
1901
1934
1934
1908
1908
1914
1914
1908
1908
1908
1908
1937
1937
1896
1896
1927
1927
1902
1902
1907
1907
1875
1875
