1899
1926
1903
1930
1934
1905
1882
1886
1893
1892
1883
1901
1930
1937
1901
1879
1914
1912
1881
1912
1941
1880
1926
1898
1930
1923
1903
1935
1925
1887
1889
1924
1928
1924
1911
1910
1882
1914
1922
1887
1911
1887
1923
1916
1912
1911
1940
1907
1912
1885
1922
1914
1915
1877
1929
1905
1902
1940
1911
1911
1915
1905
1913
1912
1922
1908
1939
1882
1925
1935
1900
1920
1897
1924
1920
1916
1879
1857
1900
1924
1904
1892
1932
1908
1909
1928
1932
1909
1907
1913
1907
1914
1914
1918
1917
1914
1888
1924
1895
1880
1920
1913
1907
1910
1937
1907
1907
1904
1906
1874
1912
1916
1908
1914
1905
1882
1910
1910
1914
1876
1937
1883
1892
