1929
1900
1900
1904
1900
1900
1929
1904
1875
1875
1923
1923
1911
1911
1922
1922
1928
1928
1884
1884
1883
1883
1900
1900
1900
1900
1900
1900
1917
1917
1912
1912
1920
1920
1942
1942
1900
1900
1891
1891
1924
1924
1900
1900
1921
1921
1919
1919
1903
1903
1908
1908
1873
1873
1897
1897
1892
1892
1928
1928
1924
1924
1908
1908
1935
1935
1913
1913
1899
1899
1924
1924
1889
1889
1900
1900
1926
1926
1907
1907
1932
1932
1936
1936
1899
1899
1908
1908
1885
1885
1886
1886
1894
1894
1925
1925
1922
1922
1884
1884
1925
1925
