1885
1910
1937
1924
1880
1926
1916
1930
1939
1906
1925
1926
1913
1877
1929
1923
1898
1924
1926
1896
1871
1894
1925
1921
1890
1870
1908
1927
1923
1899
1922
1925
1876
1877
1880
1926
1921
1930
1928
1923
1890
1887
1886
1911
1903
1938
1906
1916
1937
1899
1905
1911
1928
1929
1931
1901
1902
1927
1923
1918
1892
1889
1883
1892
1883
1906
1899
1926
1927
1874
1924
1895
1926
1895
1901
1932
1900
1903
1903
1892
1926
1898
1891
1900
1916
1904
1930
1903
1882
1921
1919
1894
1917
1876
1897
1889
1923
1899
1876
1909
1926
1935
1908
1904
1855
1888
1904
1931
1940
1928
1906
1936
1881
1908
1939
1906
1907
1929
1903
1933
1924
1902
1909
1924
1909
1937
1872
1870
1926
1895
1923
1927
1895
1865
1925
1928
1899
1899
1896
1895
1865
1924
1914
1932
1890
1925
1927
1928
1924
1890
1919
1921
1885
1895
1873
1906
1931
1899
1894
1886
1880
1914
1924
1931
1897
1900
1929
1939
1904
1904
1927
1900
1928
1933
1893
1928
1931
1937
1900
1901
1911
1890
