1876
1912
1908
1904
1915
1885
1919
1939
1937
1940
1910
1912
1882
1884
1911
1912
1917
1900
1874
1908
1871
1883
1878
1918
1910
1914
1913
1912
1873
1919
1917
1912
1912
1910
1909
1899
1905
1924
1941
1872
1882
1929
1875
1884
1921
1876
1924
1893
1882
1897
1926
1874
1888
1911
1938
1905
1902
1901
1910
1917
1879
1870
1919
1878
1874
1883
1875
1882
1879
1873
1885
1880
1909
1880
1918
1871
1876
1889
1897
1930
1877
1933
1900
1931
1912
1933
1919
1875
1933
1907
1907
1934
1931
1925
1905
1897
1929
1902
1901
1881
1882
1906
1937
1908
1932
1885
1897
1895
1933
1925
1885
1884
1919
1904
1903
1927
1932
1909
1940
1909
1876
1875
1870
1914
1873
1903
1931
1907
1938
1899
1935
1925
1898
1929
1923
1913
1876
1877
1911
1883
1886
1881
1881
1869
1902
1906
1886
1885
1923
1922
1919
1913
1879
1887
1910
1908
1903
1933
1905
1930
1916
1910
1883
1916
1928
1894
1906
1903
1930
1917
1874
1921
1879
1898
1895
1882
1875
1872
1882
1878
1875
1917
1882
1922
1875
1914
1918
1905
1937
1907
1873
1877
1884
1876
1907
1922
1924
1886
1928
1876
1920
1919
1917
1912
1887
1904
1930
1893
1884
1925
