1909
1909
1912
1912
1883
1883
1940
1940
1880
1880
1912
1912
1914
1914
1937
1937
1921
1921
1910
1910
1918
1918
1917
1917
1927
1927
1932
1932
1929
1929
1891
1891
1921
1921
1917
1917
1882
1882
1897
1897
1905
1905
1878
1878
1912
1912
1908
1908
1919
1919
1908
1908
1935
1935
1938
1938
1918
1918
1907
1907
1902
1902
1927
1927
1900
1900
1892
1892
1939
1939
1906
1906
1903
1903
1907
1907
1907
1907
1870
1870
1934
1934
1920
1920
1925
1925
1931
1931
1927
1927
1895
1895
1890
1890
1927
1927
1923
1923
1892
1892
1925
1925
1923
1923
1912
1912
1883
1883
1916
1916
1884
1884
1890
1890
1922
1922
1925
1925
1870
1870
1905
1905
1905
1905
1932
1932
1935
1935
1923
1923
1927
1927
1895
1895
1895
1895
1933
1933
1897
1897
1895
1895
1925
1925
1931
1931
1894
1894
1894
1894
1926
1926
1898
1898
1933
1933
1890
1890
1928
1928
1924
1924
1930
1930
1927
1927
1906
1906
1935
1935
1927
1927
1931
1931
1899
1899
1863
1863
1902
1902
1929
1929
1926
1926
1871
1871
1920
1920
1862
1862
1924
1924
1893
1893
1928
1928
1912
1912
1920
1920
1891
1891
1925
1925
1923
1923
1923
1923
1931
1931
1906
1906
1900
1900
1903
1903
1869
1869
1901
1901
1901
1901
1929
1929
1894
1894
1924
1924
1929
1929
1869
1869
1902
1902
1908
1908
1932
1932
1907
1907
1893
1893
1892
1892
1929
1929
1926
1926
1900
1900
1900
1900
1884
1884
1882
1882
1911
1911
1918
1918
1908
1908
1910
1910
1896
1896
1940
1940
1909
1909
1872
1872
1906
1906
1928
1928
1939
1939
1928
1928
1930
1930
1901
1901
1925
1925
1898
1898
1926
1926
1934
1934
1898
1898
1908
1908
1938
1938
1913
1913
1910
1910
1929
1929
1887
1887
1891
1891
1904
1904
1900
1900
1900
1900
1891
1891
1922
1922
1926
1926
1903
1903
1906
1906
1881
1881
1879
1879
1889
1889
1884
1884
1900
1900
1896
1896
1900
1900
1935
1935
1932
1932
1905
1905
1901
1901
1927
1927
1931
1931
1901
1901
1901
1901
1935
1935
1921
1921
1898
1898
1909
1909
1936
1936
1893
1893
1921
1921
1914
1914
1908
1908
1931
1931
1900
1900
1935
1935
1935
1935
1932
1932
1899
1899
1933
1933
1899
1899
1892
1892
1892
1892
1897
1897
1920
1920
1934
1934
1930
1930
1899
1899
1936
1936
1934
1934
1908
1908
1895
1895
1932
1932
1924
1924
1894
1894
1927
1927
1900
1900
1933
1933
1903
1903
1935
1935
1904
1904
1912
1912
1898
1898
1939
1939
1884
1884
1924
1924
1883
1883
1912
1912
1895
1895
1902
1902
1926
1926
1939
1939
1929
1929
1927
1927
1911
1911
1890
1890
1936
1936
1900
1900
1877
1877
1923
1923
1875
1875
1928
1928
1897
1897
1940
1940
1907
1907
1932
1932
1872
1872
1873
1873
1911
1911
1917
1917
1895
1895
1908
1908
1897
1897
1877
1877
1915
1915
1906
1906
1902
1902
1893
1893
1905
1905
1894
1894
1862
1862
1922
1922
1910
1910
1914
1914
1875
1875
1905
1905
1906
1906
1930
1930
1912
1912
1935
1935
1920
1920
1922
1922
1904
1904
1905
1905
1938
1938
1907
1907
1913
1913
1922
1922
1926
1926
1920
1920
1916
1916
1938
1938
1897
1897
1923
1923
1898
1898
1926
1926
1907
1907
1908
1908
1880
1880
1940
1940
1929
1929
1932
1932
1898
1898
1904
1904
1928
1928
1903
1903
1898
1898
1928
1928
1938
1938
1902
1902
1911
1911
1930
1930
1933
1933
1906
1906
1914
1914
1869
1869
1875
1875
1874
1874
1876
1876
1882
1882
1888
1888
1870
1870
1878
1878
1907
1907
1939
1939
1921
1921
1927
1927
1895
1895
1897
1897
1928
1928
1929
1929
1921
1921
1881
1881
1883
1883
1921
1921
1916
1916
1934
1934
1924
1924
1897
1897
1875
1875
1879
1879
1908
1908
1929
1929
1900
1900
1908
1908
1874
1874
1914
1914
1890
1890
1890
1890
1921
1921
1920
1920
1878
1878
1902
1902
1902
1902
1931
1931
1869
1869
1905
1905
1930
1930
1900
1900
1934
1934
1903
1903
1911
1911
1937
1937
1914
1914
1929
1929
1893
1893
1893
1893
1922
1922
1886
1886
1880
1880
1912
1912
1874
1874
1903
1903
1912
1912
1914
1914
1870
1870
1914
1914
1879
1879
1875
1875
