1928
1926
1900
1895
1928
1934
1926
1919
1926
1917
1919
1892
1892
1927
1929
1892
1926
1935
1925
1927
1899
1926
1896
1875
1914
1871
1912
1918
1932
1907
1922
1920
1883
1887
1925
1930
1877
1926
1903
1898
1898
1927
1897
1919
1911
1926
1923
1923
1925
1920
1876
1924
1904
1913
1922
1920
1889
1919
1925
1897
1924
1932
1898
1899
1929
1927
1932
1927
1925
1891
1920
1922
1926
1906
1904
1893
1886
1913
1920
1890
1886
1929
1925
1923
1926
1924
1877
1917
1918
1891
1909
1898
1934
1914
1920
1921
1928
1920
1891
1930
1888
1910
1913
1940
1938
1935
1938
1907
