1934
1934
1939
1939
1909
1909
1909
1909
1912
1912
1912
1912
1912
1912
1892
1892
1928
1928
1925
1925
1888
1888
1930
1930
1920
1920
1892
1892
1922
1922
1892
1892
1917
1917
1888
1888
1879
1879
1916
1916
1918
1918
1890
1890
1877
1877
1905
1905
1923
1923
1877
1877
1883
1883
1903
1903
1907
1907
1936
1936
1880
1880
1907
1907
1909
1909
1897
1897
1896
1896
1902
1902
1872
1872
1929
1929
1934
1934
1889
1889
1914
1914
1892
1892
1918
1918
1916
1916
1888
1888
1889
1889
1918
1918
1924
1924
1876
1876
1909
1909
1939
1939
1916
1916
1906
1906
1896
1896
1927
1927
1938
1938
1936
1936
1904
1904
1906
1906
1925
1925
1933
1933
1877
1877
1885
1885
1906
1906
1894
1894
1934
1934
1857
1857
1932
1932
1890
1890
1925
1925
1882
1882
1918
1918
1925
1925
1906
1906
1932
1932
1904
1904
1909
1909
1939
1939
1910
1910
1868
1868
1871
1871
1939
1939
1905
1905
1906
1906
1921
1921
1889
1889
1897
1897
1861
1861
1917
1917
1919
1919
1877
1877
1887
1887
1909
1909
1920
1920
1899
1899
1892
1892
1930
1930
1925
1925
1897
1897
1898
1898
1932
1932
1934
1934
1930
1930
