1876
1909
1912
1909
1922
1877
1895
1898
1925
1879
1895
1887
1887
1885
1894
1925
1887
1889
1886
1881
1878
1899
1899
1896
1895
1895
1884
1877
1876
1891
1901
1884
1882
1907
1885
1883
1891
1885
1892
1887
1876
1887
1869
1908
1920
1880
1882
1886
1888
1923
1884
1875
1887
1887
1883
1885
1883
1905
1900
1900
1886
1925
1899
1929
1914
1894
1886
1921
1895
1886
1886
1912
1880
1881
1907
1940
1879
1922
1913
1877
1914
1888
1941
1875
1906
1931
1889
1879
1874
1882
1882
1882
1885
1877
1883
1889
1881
1917
1878
1929
1895
1889
1889
1928
1926
1895
1885
1894
1882
1882
1879
1879
1931
1933
1907
1934
1882
1893
1895
1888
1877
1876
1880
1880
1884
1894
1889
1878
1888
1882
1882
1881
1883
1886
1879
1881
1922
1892
1891
1891
1886
1878
1903
1881
1881
1879
1887
1876
1874
1877
1888
1896
1888
1875
1884
1884
1875
1899
1880
1880
1877
1880
1879
1894
1924
1885
1890
1888
