1939
1919
1923
1908
1926
1880
1889
1908
1921
1938
1904
1930
1906
1927
1914
1885
1919
1916
1925
1887
1933
1898
1901
1927
1880
1920
1869
1890
1927
1922
1905
1924
1890
1891
1888
1928
1921
1917
1870
1873
1889
1922
1926
1924
1889
1914
1908
1912
1908
1884
1878
1911
1878
1896
1938
1920
1923
1907
1904
1935
1903
1907
1902
1932
1938
1910
1916
1879
1891
1923
1918
1891
1921
1916
1937
1930
1939
1897
1928
1922
1924
1896
1926
1932
1912
1899
1925
1891
1891
1917
1889
1923
1884
1935
1900
1932
1903
1923
1897
1902
1930
1885
1882
1927
1932
1901
1909
1907
1901
1931
1929
1925
1893
1851
1889
1922
1916
1909
1894
1931
1934
1896
1936
1889
1878
1907
1902
1934
1903
1927
1936
1929
1902
1892
1877
1922
1885
1924
1924
1907
1930
1923
1889
1935
1940
1937
1925
1933
1921
1888
1928
1893
1923
1892
1924
1914
1921
1917
1889
1911
1938
1903
1928
1896
1932
1910
1911
1913
1896
1923
1895
1897
1891
1898
1905
1900
1908
1935
1877
1909
1918
1895
1895
1922
1924
1899
1939
1938
1937
1933
1870
1909
1881
1931
1898
1901
1928
1933
1929
1924
1930
1922
1892
