1886
1916
1907
1916
1909
1921
1923
1904
1890
1892
1924
1910
1914
1891
1923
1930
1904
1927
1908
1890
1915
1883
1892
1910
1924
1921
1923
1907
1912
1903
1910
1910
1922
1895
1901
1920
1923
1915
1899
1882
1884
1882
1905
1900
1893
1906
1895
1903
1881
1897
1894
1895
1911
1886
1882
1908
1912
1922
1936
1929
1902
1901
1900
1884
1888
1870
1922
1890
1918
1921
1923
1878
1914
1910
1902
1908
1901
1922
1901
1900
1910
1883
1895
1927
1928
1894
1898
1890
1924
1910
1900
1912
1908
1905
1886
1896
1898
1915
1906
1925
1885
1893
1906
1925
1913
1915
1881
1902
1889
1913
1901
1907
1883
1925
1887
1891
1896
1907
1906
1901
1925
1936
1895
1934
1932
1929
1939
1903
1922
1891
1897
1900
1900
1916
1889
1922
1921
1880
1913
1887
1909
1937
1919
1898
1893
1912
1895
1939
1922
1909
1928
1888
1899
1923
1885
1916
1894
1893
1895
1888
1901
1910
1895
1879
1900
1902
1902
1900
1899
1894
1881
1905
1916
1908
1906
1910
1879
1909
1894
1920
1877
1919
1879
1877
1909
1892
1909
1910
1910
1906
1908
1893
1894
1880
1923
1895
1878
1909
1921
1901
1896
1883
1886
1918
1886
1891
1887
1882
1886
1885
1920
1891
1911
1906
1898
1905
1912
1909
1890
1922
1899
1879
1879
1872
1878
1890
1908
1890
1898
1876
1906
1909
1921
1911
1919
1893
1882
1904
1894
1899
1925
1900
1896
1886
1893
1913
1890
1878
1881
1922
1935
1907
1907
1902
1901
1923
1920
1914
1903
1921
1911
1892
1898
1900
1909
1895
1923
1922
1925
1916
1890
1892
1867
1879
1899
1900
1921
1888
1917
1925
1884
1924
1896
1907
1901
1871
1932
1926
1935
1931
1907
1902
1881
1905
1898
1940
1937
1911
1886
1885
1906
1922
1912
1903
1882
1910
1912
1908
1903
1909
1915
1925
1908
1905
1885
1911
1897
1910
1908
1907
1902
1883
1886
1904
1926
1873
1915
1904
1904
1927
1902
1921
1904
1915
1921
1911
1924
1916
1892
1926
1888
1896
1880
1921
1925
1926
1925
1910
1903
1899
1893
1920
1924
1876
1908
1884
1888
1917
1901
1914
1908
1914
1922
1900
1923
1922
1911
1893
1908
1932
1930
1878
1895
1910
1913
1927
1891
1910
1916
1909
1904
1909
1889
1912
1900
1918
1883
1909
1909
1889
1889
1908
1918
1885
1896
1932
1928
1904
1899
1881
1889
1902
1902
1911
1897
1903
1898
1918
1897
1897
1891
1898
1918
1941
1889
1938
1922
1913
1910
1909
1892
1918
1911
1904
1893
1885
1916
1923
1918
1913
1900
1899
1913
1909
1891
1922
1917
1878
1902
1909
1908
1884
1884
1907
1904
1914
1897
1903
1890
1905
1910
1889
1889
1928
1924
1928
1901
1932
1899
1930
1898
1898
1899
1899
1864
1889
1899
1893
1911
1903
1913
1883
1908
1899
1882
1925
1885
1886
1887
1898
1890
1898
1903
1898
1903
1891
1913
1877
1880
1883
1908
1891
1921
1886
1902
1890
1921
1919
1880
1941
1903
1934
1910
1893
1939
1894
1908
1897
1923
1893
1927
1888
1908
1900
1907
1905
1900
1885
1893
1898
1890
1919
1918
1926
1888
1922
1917
1936
1905
1903
1882
1894
1921
1906
1922
1903
1909
1909
1887
1921
1901
1899
1913
1888
1901
1889
1905
1880
1916
1924
1922
1888
1910
1914
1907
1897
1919
1892
1898
1901
1905
1905
1899
1926
1900
1886
1884
1881
1881
1890
1889
1895
1920
1884
1886
1884
1911
1904
1894
1892
1894
1892
1907
1894
1910
1888
1891
1894
1903
1906
1887
1896
1896
1905
1894
1898
1901
1922
1887
1885
1926
1894
1907
1907
1890
1907
1899
1914
1892
1913
1913
1901
1901
1904
1926
1925
1895
1905
1893
1893
1897
1863
1900
1877
1899
1894
1895
1915
1917
1903
1918
1905
1921
1911
1909
1898
1875
1898
1893
1922
1922
1920
1921
1887
1928
1899
1890
1917
1904
1924
1940
1935
1938
1907
1895
1906
1898
1918
1891
1922
1907
1908
1888
1902
1924
1926
1880
1912
1923
1906
1897
1880
1879
1907
1884
1901
1926
1881
1905
1916
1914
1880
1899
1903
1922
1892
1915
1909
1895
1904
1919
1910
1915
1903
1880
1919
1887
1902
1913
1903
1907
1904
1889
1870
1915
1903
1901
1915
1903
1888
1895
1922
1900
1893
1922
1900
1882
1913
1910
1896
1920
1886
1887
1899
1896
1926
1906
1923
1921
1888
1883
1905
1919
1916
1921
1891
1919
1892
1892
1888
1918
1911
1924
1895
1911
1907
1909
1884
1888
1887
1927
1925
1914
1924
1926
1883
1894
1922
1920
1892
1894
1889
1910
1903
1889
1903
1902
1901
1902
1903
1892
1905
1897
1892
1887
1919
1923
1916
1892
1920
1913
1883
1902
1897
1901
1905
1929
1926
1915
1905
1916
1873
1885
1871
1874
1920
1906
1920
1915
1900
1898
1892
1883
1900
1882
1889
1899
1896
1910
1890
1891
1911
1884
1891
1882
1893
1889
1921
1930
1903
1894
1905
1897
1911
1896
1906
1892
1886
1916
1903
1892
1903
1916
1911
1899
1906
1904
1900
1889
1884
1899
1889
1892
1905
1894
1895
1901
1921
1918
1883
1896
1896
1898
1880
1922
1903
1915
1894
1910
1895
1925
1923
1883
1909
1898
1909
1902
1930
1886
1919
1882
1905
1880
1920
1880
1887
1924
1892
1891
1927
1887
1883
1901
1905
1920
1895
1888
1889
1889
1899
1882
1896
1897
1913
1923
1925
1898
1914
1915
1906
1928
1931
1892
1903
1897
1892
1914
1884
1899
1890
1925
1894
1897
1923
1892
1875
1895
1896
1900
1889
1911
1920
1908
1891
1908
1918
1912
1911
1900
1889
1890
1880
1897
1890
1887
1903
1905
1912
1930
1903
1901
1895
1915
1902
1916
1919
1896
1919
1904
1883
1902
1909
1890
1913
1908
1893
1902
1925
1884
1902
1890
1893
1891
1898
1900
1900
1898
1902
1923
1907
1890
1910
1883
1885
1921
1898
1900
1910
1903
1894
1902
1916
1921
1892
1920
1895
1891
1911
1899
1899
1892
1892
1880
1911
1911
1886
1890
1896
1920
1912
1912
1880
1894
1918
1873
1892
1882
1898
1881
1907
1879
1901
1905
1885
1878
1886
1913
1902
1899
1894
1890
1915
1902
1894
1886
1898
1913
1890
1899
1919
1887
1892
1905
1909
1899
1888
1885
1920
1913
1900
1918
1886
1890
1903
1900
1909
1898
1890
1885
1892
1881
1882
1917
1899
1884
1907
1888
1893
1888
1884
1882
1873
1888
1880
1922
1880
1887
1899
1895
1913
1901
1896
1926
1895
1923
1922
1901
1897
1902
1893
1889
1891
1904
1904
1899
1928
1896
1881
1907
1925
1900
1907
1899
1898
1917
1894
1910
1884
1889
1879
1932
1908
1929
1939
1908
1914
1889
1923
1903
1892
1890
1892
1923
1882
1925
1890
1910
1914
1912
1887
1920
1891
1910
1929
1932
1914
1903
1933
1925
1903
1931
1897
1894
1900
1915
1901
1892
1909
1907
1883
1910
1900
1912
1884
1893
1879
1923
1903
1923
1887
1914
1921
1895
1902
1909
1924
1924
1894
1899
1911
1922
1885
1893
1894
1920
1908
1912
1907
1907
1902
1892
1887
1888
1920
1897
1911
1908
1901
1900
1897
1895
1895
1900
1900
1896
1901
1914
1938
1919
1923
1890
1877
1924
1886
1936
1900
1901
1886
1902
1922
1872
1884
1898
1895
1922
1897
1890
1884
1922
1900
1896
1888
1887
1922
1927
1904
1926
1916
1895
1881
1896
1920
1927
1887
1911
1902
1900
1913
1920
1910
1900
1910
1902
1904
1898
1899
1905
1887
1887
1886
1896
1888
1923
1926
1886
1899
1935
1927
1910
1879
1897
1901
1902
1889
1917
1885
1910
1897
1897
1902
1906
1908
1897
1918
1918
1888
1902
1899
1898
1895
1906
1904
1897
1895
1921
1894
1900
1881
1879
1891
1894
1921
1899
1878
1927
1902
1898
1889
1918
1884
1906
1892
1897
1911
1909
1923
1912
1900
1893
1916
1907
1885
1882
1882
1914
1907
1896
1908
1891
1905
1887
1919
1882
1906
1889
1880
1903
1895
1889
1914
1907
1895
1879
1912
1940
1895
1900
1883
1881
1919
1926
1908
1896
1922
1895
1888
1882
1898
1907
1923
1887
1884
1873
1905
1876
1883
1890
1899
1923
1908
1906
1909
1902
1914
1892
1882
1893
1910
1899
1909
1911
1922
1897
1922
1890
1892
1923
1894
1894
1905
1923
1920
1891
1886
1895
1898
1906
1922
1894
1904
1892
1896
1898
1907
1892
1897
1905
1900
1904
1908
1899
1906
1895
1897
1890
1909
1882
1891
1894
1891
1873
1882
1919
1909
1889
1898
1884
1938
1909
1903
1897
1909
1938
1900
1893
1923
1889
1898
1903
1886
1886
1876
1906
1902
1923
1906
1891
1919
1889
1912
1907
1911
1887
1886
1904
1895
1900
1898
1900
1925
1893
1894
1905
1901
1918
1917
1899
1916
1890
1884
1918
1905
1898
1928
1895
1911
1885
1897
1909
1883
1905
1893
1892
1890
1903
1898
1892
1889
1903
1884
1881
1892
1894
1912
1887
1887
1908
1890
1905
1910
1924
1911
1892
1915
1900
1908
1887
1890
1892
1901
1922
1882
1892
1917
1897
1900
1900
1904
1902
1892
1911
1910
1894
1902
1930
1898
1926
1901
1902
1902
1899
1890
1894
1883
1902
1888
1913
1884
1898
1895
1885
1921
1901
1891
1920
1886
1903
1896
1886
1892
1905
1900
1926
1939
1940
1933
1912
1890
1896
1895
1895
1926
1922
1898
1891
1891
1882
1884
1883
1895
1903
1886
1936
1893
1882
1914
1893
1923
1905
1879
1927
1902
1897
1887
1925
1922
1898
1904
1900
1900
1901
1897
1893
1908
1906
1902
1939
1904
1935
1906
1891
1891
1891
1878
1883
1911
1908
1887
1912
1912
1912
1917
1907
1895
1894
1901
1899
1916
1899
1899
1883
1913
1897
1903
1925
1922
1909
1895
1899
1913
1880
1921
1892
1890
1895
1891
1890
1892
1912
1881
1881
1889
1880
1890
1892
1895
1890
1907
1885
1914
1886
1886
1886
1896
1913
1878
1879
1923
1914
1889
1911
1923
1923
1891
1881
1881
1925
1882
1894
1920
1893
1895
1897
1892
1891
1910
1900
1906
1899
1925
1912
1897
1906
1906
1900
1899
1907
1887
1897
1899
1909
1917
1898
1907
1894
1884
1881
1922
1923
1894
1888
1892
1908
1905
1881
1903
1890
1875
1903
1894
1895
1892
1892
1905
1912
1910
1907
1907
1937
1893
1878
1886
1887
1910
1907
1907
1884
1892
1913
1901
1891
1920
1929
1911
1903
1924
1922
1924
1922
1890
1890
1868
1918
1911
1919
1915
1908
1881
1884
1889
1885
1903
1877
1889
1911
1889
1919
1900
1885
1903
1909
1893
1902
1918
1918
1895
1924
1903
1906
1886
1896
1894
1912
1907
1922
1908
1890
1904
1893
1902
1893
1888
1894
1898
1918
1904
1902
1891
1898
1903
1910
1902
1907
1922
1915
1913
1896
1911
1891
1878
1902
1915
1927
1900
1908
1924
1924
1916
1904
1902
1911
1900
1901
1904
1940
1908
1891
1925
1899
1894
1880
1909
1891
1908
1896
1903
1909
1903
1917
1886
1911
1909
1898
1886
1880
1937
1911
1938
1895
1899
1886
1899
1922
1887
1913
1897
1899
1892
1892
1912
1907
1908
1901
1917
1914
1910
1909
1911
1892
1899
1885
1876
1883
1883
1893
1885
1888
1907
1913
1909
1890
1921
1886
1896
1899
1892
1927
1912
1926
1892
1929
1903
1907
1922
1881
1917
1912
1900
1905
1889
1894
1907
1895
1896
1879
1909
1873
1915
1913
1889
1888
1867
1912
1913
1938
1903
1896
1902
1887
1909
1881
1906
1896
1915
1883
1897
1885
1896
1926
1886
1898
1893
1894
1906
1923
1914
1891
1885
1882
1898
1908
1886
1896
1903
1889
1891
1879
1891
1922
1890
1921
1921
1894
1910
1876
1912
1912
1925
1923
1884
1888
1918
1878
1892
1900
1902
1904
1908
1884
1906
1888
1910
1904
1899
1887
1889
1907
1912
1916
1893
1914
1884
1890
1900
1892
1904
1904
1895
1909
1906
1888
1883
1897
1888
1924
1894
1914
1910
1886
1883
1907
1905
1909
1911
1892
1901
1885
1890
1887
1908
1883
1907
1926
1900
1894
1885
1914
1887
1906
1883
1887
1927
1899
1897
1926
1897
1925
1903
1891
1899
1887
1923
1885
1897
1898
1901
1907
1870
1884
1886
1897
1905
1897
1902
1904
1878
1915
1903
1918
1899
1935
1907
1894
1891
1891
1898
1907
1892
1899
1893
1899
1881
1920
1911
1908
1910
1913
1919
1924
1916
1884
1902
1922
1900
1913
1923
1908
1911
1912
1920
1898
1908
1885
1904
1893
1911
1900
1881
1897
1884
1888
1910
1883
1890
1895
1881
1889
1904
1894
1880
1886
1872
1898
1889
1888
1894
1897
1890
1895
1887
1907
1903
1926
1888
1884
1879
1896
1903
1918
1893
1883
1916
1911
1890
1888
1901
1909
1910
1913
1899
1888
1892
1886
1889
1888
1887
1906
1901
1908
1900
1894
1894
1903
1886
1892
1907
1886
1898
1924
1895
1901
1906
1891
1894
1883
1900
1887
1894
1919
1889
1891
1921
1896
1892
1886
1895
1891
1906
1929
1893
1924
1880
1922
1925
1902
1908
1908
1911
1907
1883
1891
1926
1923
1896
1893
1895
1883
1895
1910
1902
1896
1904
1890
1890
1876
1907
1891
1882
1890
1872
1885
1888
1881
1893
1878
1901
1905
1922
1909
1912
1899
1898
1900
1904
1913
1891
1884
1878
1898
1894
1907
1896
1900
1908
1920
1896
1896
1900
1920
1891
1893
1905
1909
1882
1916
1922
1924
1923
1909
1886
1920
1875
1887
1887
1926
1920
1892
1893
1887
1887
1903
1894
1889
1905
1875
1890
1903
1880
1902
1905
1894
1923
1906
1899
1884
1883
1891
1896
1921
1923
1893
1904
1901
1905
1883
1916
1894
1903
1918
1923
1888
1914
1905
1917
1900
1891
1889
1903
1911
1892
1890
1913
1911
1881
1884
1886
1881
1903
1900
1896
1898
1908
1909
1886
1909
1909
1889
1917
1885
1916
1887
1904
1892
1904
1903
1891
1892
1890
1893
1921
1886
1894
1880
1923
1929
1920
1896
1897
1886
1886
1912
1909
1914
1892
1903
1896
1896
1874
1880
1888
1879
1903
1891
1918
1885
1884
1877
1903
1906
1898
1892
1904
1901
1897
1882
1903
1884
1928
1901
1884
1898
1925
1896
1892
1884
1908
1898
1881
1888
1917
1901
1924
1901
1931
1894
1903
1904
1912
1905
1905
1906
1914
1881
1909
1902
1907
1894
1895
1892
1910
1908
1895
1897
1894
1901
1897
1881
1931
1900
1895
1890
1900
1898
1893
1882
1883
1888
1921
1878
1893
1891
1907
1894
1878
1875
1899
1897
1888
1882
1894
1889
1908
1923
1921
1899
1891
1917
1895
1903
1913
1900
1902
1902
1926
1885
1891
1910
1910
1916
1875
1918
1885
1907
1904
1887
1899
1882
1901
1897
1927
1887
1934
1927
1910
1887
1887
1888
1898
1925
1922
1885
1911
1908
1899
1926
1902
1896
1920
1900
1888
1924
1896
1897
1882
1918
1905
1888
1926
1919
1916
1897
1895
1891
1891
1885
1892
1883
1912
1890
1890
1902
1923
1883
1916
1883
1896
1894
1884
1915
1886
1916
1893
1912
1911
1887
1925
1891
1924
1903
1921
1886
1874
1903
1904
1904
1921
1897
1903
1904
1890
1884
1922
1896
1882
1888
1875
1902
1914
1919
1898
1909
1914
1891
1884
1890
1883
1885
1898
1914
1887
1916
1905
1916
1891
1886
1922
1925
1903
1905
1883
1887
1917
1908
1915
1922
1909
1892
1888
1909
1922
1904
1880
1892
1900
1892
1906
1906
1917
1896
1919
1886
1923
1895
1910
1903
1899
1923
1890
1905
1894
1897
1902
1899
1886
1885
1912
1899
1901
1931
1935
1936
1881
1892
1901
1910
1906
1898
1912
1884
1880
1891
1884
1901
1908
1906
1894
1919
1898
1926
1901
1903
1911
1905
1899
1897
1898
1902
1894
1893
1885
1919
1888
1903
1899
1895
1900
1909
1881
1926
1890
1907
1905
1921
1883
1899
1886
1890
1897
1912
1891
1886
1908
1886
1897
1906
1900
1883
1900
1919
1886
1894
1920
1914
1884
1924
1898
1890
1892
1888
1909
1902
1904
1904
1904
1886
1900
1902
1928
1890
1901
1890
1920
1890
1897
1904
1922
1891
1913
1926
1892
1889
1901
1906
1908
1911
1904
1902
1886
1910
1886
1898
1895
1918
1875
1882
1906
1909
1924
1896
1894
1889
1905
1912
1917
1906
1903
1922
1937
1885
1897
1930
1886
1908
1886
1883
1900
1921
1889
1891
1915
1902
1902
1912
1889
1898
1914
1901
1887
1897
1912
1884
1900
1905
1913
1918
1885
1909
1923
1909
1880
1895
1879
1905
1919
1884
1895
1908
1877
1911
1894
1890
1906
1903
1896
1897
1897
1890
1904
1899
1905
1896
1888
1888
1927
1914
1928
1917
1913
1904
1906
1888
1914
1897
1894
1930
1925
1903
1907
1882
1891
1916
1921
1887
1904
1917
1886
1895
1902
1920
1896
1893
1915
1915
1910
1882
1897
1897
1899
1890
1910
1915
1913
1921
1921
1909
1890
1895
1918
1883
1914
1887
1905
1899
1909
1902
1898
1892
1896
1913
1899
1889
1903
1879
1889
1891
1888
1912
1891
1940
1909
1890
1921
1921
1912
1883
1914
1892
1899
1906
1889
1917
1901
1888
1893
1919
1897
1889
1887
1891
1913
1921
1895
1878
1910
1893
1892
1891
1892
1889
1909
1895
1901
1882
1915
1889
1923
1894
1881
1895
1906
1897
1892
1897
1913
1904
1892
1888
1892
1884
1892
1895
1890
1893
1891
1922
1884
1904
1910
1911
1902
1896
1903
1909
1903
1891
1911
1904
1919
1893
1906
1896
1902
1914
1880
1902
1882
1890
1891
1902
1900
1900
1880
1916
1894
1909
1903
1921
1916
1907
1903
1906
1892
1922
1918
1909
1887
1897
1913
1905
1895
1921
1901
1896
1883
1896
1880
1886
1903
1901
1918
1888
1880
1906
1933
1907
1917
1889
1889
1911
1917
1929
1898
1915
1906
1883
1886
1896
1905
1921
1920
1895
1899
1908
1902
1908
1904
1902
1926
1892
1920
1897
1891
1913
1915
1895
1898
1885
1897
1910
1893
1922
1894
1881
1888
1901
1903
1903
1899
1926
1920
1924
1886
1917
1913
1884
1886
1892
1900
1902
1896
1883
1888
1893
1910
1901
1896
1895
1891
1888
1907
1915
1892
1883
1922
1889
1924
1893
1914
1901
1887
1887
1917
1891
1881
1914
1938
1936
1942
1904
1879
1901
1898
1910
1886
1915
1889
1916
1883
1890
1890
1892
1892
1895
1893
1924
1892
1910
1923
1889
1924
1897
1897
1923
1898
1898
1903
1885
1892
1904
1906
1893
1889
1917
1906
1915
1886
1884
1880
1880
1904
1874
1906
1916
1916
1930
1915
1895
1879
1905
1885
1930
1902
1904
1933
1908
1882
1876
1941
1907
1882
1897
1909
1900
1889
1898
1924
1898
1889
1887
1895
1906
1911
1905
1903
1904
1907
1908
1902
1897
1895
1901
1893
1897
1893
1906
1892
1900
1900
1894
1904
1891
1892
1899
1875
1878
1889
1903
1882
1903
1893
1909
1886
1902
1879
1913
1881
1884
1883
1909
1885
1862
1885
1908
1890
1899
1884
1920
1871
1897
1905
1906
1897
1879
1906
1916
1922
1911
1898
1912
1888
1894
1894
1890
1888
1901
1890
1893
1886
1886
1899
1901
1899
1924
1911
1907
1881
1899
1911
1899
1895
1899
1901
1893
1885
1888
1884
1890
1882
1901
1909
1914
1921
1912
1907
1905
1893
1898
1897
1899
1890
1902
1894
1890
1895
1919
1886
1889
1900
1900
1892
1901
1878
1887
1891
1906
1908
1901
1876
1894
1888
1889
1907
1878
1887
1904
1868
1898
1901
1896
1909
1921
1898
1898
1897
1918
1893
1898
1905
1879
1925
1899
1885
1890
1886
1907
1892
1895
1893
1926
1899
1922
1908
1897
1891
1888
1883
1905
1919
1915
1889
1918
1909
1902
1901
1888
1899
1910
1885
1893
1897
1911
1906
1903
1896
1914
1887
1905
1904
1936
1903
1926
1902
1899
1901
1931
1893
1905
