1919
1906
1933
1930
1902
1897
1934
1886
1933
1906
1913
1919
1883
1886
1883
1904
1886
1893
1875
1876
1875
1916
1882
1920
1893
1898
1896
1897
1931
1880
1906
1903
1891
1887
1889
1877
1899
1895
1903
1931
1921
1910
1893
1891
1901
1930
1898
1902
1933
1895
1928
1885
1874
1906
1907
1915
1883
1911
1917
1878
1896
1884
1891
1885
1917
1923
1900
1890
1932
1887
1890
1891
1933
1894
1906
1894
1906
1938
1902
1908
1906
1929
1906
1880
1894
1884
1938
1898
1928
1930
1892
1893
1887
1892
1919
1916
1898
1936
1901
1890
1922
1912
1884
1886
1885
1881
1922
1891
1892
1927
1920
1881
1903
1926
1881
1880
1887
1908
1886
1920
1928
1884
1897
1910
1908
1901
1875
1894
1881
1888
1887
1899
1929
1878
1907
1894
1934
1909
1937
1908
1906
1891
1894
1886
1881
1895
1889
1882
1879
1929
1896
1892
1891
1894
1888
1921
