1909
1912
1937
1918
1914
1913
1906
1929
1936
1904
1934
1902
1928
1907
1914
1908
1912
1894
1917
1906
1920
1905
1931
1920
1907
1897
1930
1900
1927
1923
1920
1922
1912
1925
1910
1932
1886
1902
1936
1903
1897
1935
1891
1925
1918
1915
1923
1925
1889
1928
1917
1924
1920
1905
1940
1907
1935
1931
1902
1933
1906
1935
1936
1921
1925
1895
1918
1923
1932
1937
1905
1907
1939
1909
1920
1890
1920
1889
1913
1925
1917
1937
1923
1888
1911
1873
1884
1922
1917
1915
1927
1883
1914
1939
1912
1928
1916
1920
1922
1925
1910
1927
