1926
1926
1928
1928
1900
1900
1927
1927
1898
1898
1894
1894
1890
1890
1882
1882
1920
1920
1876
1876
1900
1900
1940
1940
1934
1934
1873
1873
1884
1884
1926
1926
1913
1913
1900
1900
1921
1921
1906
1906
1903
1903
1882
1882
1918
1918
1873
1873
1877
1877
1917
1917
1921
1921
1907
1907
1916
1916
1918
1918
1906
1906
1913
1913
1882
1882
1915
1915
1939
1939
1910
1910
1900
1901
1901
1900
1900
1908
1908
1914
1914
1908
1908
1924
1924
1912
1912
1885
1885
1914
1914
1930
1930
1933
1933
1937
1937
1900
1900
1923
1882
1924
1922
1922
1915
1915
1888
1888
1895
1895
1919
1919
1937
1937
1927
1927
1886
1886
1920
1920
1904
1939
1885
1885
1931
1926
1888
1914
1924
1935
1900
1924
1935
1890
1890
1914
1914
1920
1920
1921
1921
1898
1898
1933
1933
1906
1906
1880
1880
1890
1890
1905
1905
1908
1908
1923
1923
1920
1920
1894
1894
1901
1901
1936
1936
1934
1934
1932
1932
1919
1919
1917
1917
1913
1913
1912
1912
1912
1912
1877
1877
1883
1883
1881
1881
1908
1908
1907
1907
1920
1920
1905
1905
1879
1879
1927
1927
1898
1898
1931
1931
1898
1898
1928
1928
