1911
1918
1880
1894
1918
1864
1915
1900
1911
1914
1886
1913
1916
1885
1900
1911
1880
1916
1890
1919
1920
1895
1922
1914
1920
1894
1913
1920
1885
1885
1916
1897
1917
1914
1921
1912
1906
1918
1913
1916
1918
1916
1904
1913
1899
1916
1896
1904
1912
1916
1915
1910
1916
1918
1909
1879
1879
1916
1903
1908
1910
1894
1907
1903
1908
1903
1916
1918
1918
1919
1900
1922
1914
1921
1914
1905
1913
1912
1916
1871
1912
1910
1917
1919
1918
1902
1902
1902
1915
1914
1914
1908
1904
1913
1911
1884
1914
1914
1916
1921
1907
1910
1913
1918
1914
1913
1912
1910
1924
1910
1917
1914
1914
1919
1904
1900
1898
1897
1913
1910
1897
1918
1912
1905
1909
1906
1921
1913
1915
1905
1898
1897
1907
1914
1921
1913
1904
1921
1912
1912
1867
1913
1911
1912
1909
1916
1906
1916
1913
1922
1900
1901
1917
1914
1916
1920
1915
1906
1907
1920
1916
1916
1896
1915
1903
1903
1916
1911
1909
1921
1917
1914
1893
1920
1906
1903
1898
1899
1889
1905
1921
1924
1913
1916
1913
1908
1920
1917
1917
1911
1912
1921
1913
1916
1891
1907
1898
1920
1921
1915
1901
1920
1920
1910
1919
1919
1912
1918
1913
1915
1915
1921
1911
1919
1914
1913
1920
1885
1910
1907
1914
1896
1907
1920
1919
1919
1903
1920
1888
1911
1921
1892
1916
1917
1905
1919
1919
1919
1877
1916
1910
1908
1910
1912
1907
