1856
1910
1938
1911
1878
1915
1909
1934
1899
1926
1899
1929
1908
1938
1935
1908
1878
1877
1900
1927
1901
1886
1919
1915
1916
1885
1923
1896
1898
1927
1922
1896
1920
1927
1892
1923
1917
1916
1917
1929
1931
1901
1876
1919
1889
1908
1900
1926
1895
1924
1890
1912
1872
1908
1885
1918
1882
1925
1906
1920
1900
1902
1867
1864
1914
1912
1915
1919
1921
1923
1887
1882
1878
1880
1898
1875
1926
1927
1920
1891
1918
1922
1917
1889
1930
1924
1935
1930
1898
1926
1908
1913
1916
1926
1887
1914
1920
1923
1886
1938
1931
1903
1905
