1897
1879
1906
1901
1914
1924
1929
1904
1904
1919
1919
1892
1890
1924
1924
1895
1894
1923
1923
1935
1880
1894
1898
1892
1888
1929
1896
1900
1931
1905
1925
1897
1900
1897
1897
1886
1886
1931
1888
1888
1934
1888
1886
1896
1876
1886
1886
1859
1942
1922
1924
1896
1894
1920
1915
1906
1888
1888
1875
1900
1901
1911
1898
1898
1925
1925
1902
1902
1904
1890
1905
1932
1905
1933
1925
1924
1930
1893
1921
1891
1910
1907
1876
1876
1938
1935
1913
1901
1914
1913
1912
1906
1919
1922
1922
1930
1930
1925
1925
1913
1910
1920
1885
1940
1920
1884
1884
1898
1871
1905
1933
1940
1900
1932
1903
1915
1876
1880
1932
1943
1904
1905
1878
1911
1904
1863
1937
1935
1899
1899
1927
1927
1899
1899
1929
1902
1870
1882
1926
1921
1890
1922
1870
1872
1906
1886
1912
1912
1935
1906
1900
1900
1938
1938
1907
1907
1925
1930
1893
1922
1884
1886
1922
1892
1859
1917
1885
1894
1893
1923
1916
1921
1938
1911
1906
1888
1888
1890
1890
1873
1900
1904
1927
1931
1935
1902
1926
1927
1929
1896
1879
1879
1912
1910
1873
1860
1922
1896
1893
1900
1909
1925
1860
1860
1908
1875
1887
1877
1891
1911
1913
1913
1878
1878
1881
1881
1931
1903
1897
1928
1895
1900
1929
1886
1876
1906
1872
1899
1916
1910
1888
1901
1928
1899
1933
1903
1915
1878
1904
1900
1920
1892
1866
1919
1926
1894
1876
1877
1878
1887
1881
1916
1879
1917
1919
1921
1909
1876
1873
1898
1898
1923
1932
1923
1898
1914
1915
1912
1919
1937
1914
1900
1936
1931
1903
1876
1928
1898
1897
1928
1928
1929
1934
1899
1877
1910
1914
1911
1897
1930
1895
1926
1928
1927
1925
1922
1888
1878
1878
1890
1890
1914
1883
1890
1919
1917
1931
1931
1905
1905
1900
1900
1890
1926
1881
1883
1900
1871
1881
1890
1879
1925
1925
1899
1899
1931
1931
1919
1919
1890
1903
1932
1906
1881
1920
1920
1890
1890
1890
1892
1889
1894
1893
1885
1908
1903
1939
1910
1933
1907
1883
1885
1927
1931
1925
1889
1935
1895
1865
1935
1903
1904
1889
1888
1895
1885
1897
1897
1925
1925
1878
1878
1907
1932
1906
1923
1927
1889
1913
1888
1921
1917
1922
1885
1890
1924
1906
1888
1903
1898
1898
1932
1882
1920
1888
1913
1913
1877
1917
1917
1919
1919
1910
1912
1911
1932
1936
1908
1892
1937
1926
1928
1922
1924
1898
1889
1919
1917
1888
1922
1929
1905
1935
1911
1913
1912
1879
1885
1876
1906
1907
1927
1879
1895
1912
1920
1920
1898
1924
1871
1899
1929
1898
1905
1934
1904
1886
1932
1904
1904
1932
1883
1913
1940
1912
1910
1916
1916
1934
1903
1898
1929
1898
1905
1905
1882
1929
1889
1897
1926
1921
1891
1913
1890
1911
1939
1939
1906
1902
1897
1901
1898
1928
1900
1900
1900
1936
1931
1931
1902
1902
