1935
1905
1906
1939
1886
1893
1901
1920
1912
1907
1912
1911
1871
1926
1880
1920
1917
1893
1923
1909
1909
1934
1889
1900
1926
1937
1878
1911
1928
1923
1896
1932
1929
1893
1918
1926
1915
1887
1923
1882
1903
1896
1924
1933
1930
1902
1906
1928
1924
1935
1925
1896
1911
1941
1892
1909
1911
1888
1917
1915
1889
1898
1914
1906
1906
1932
1882
1908
1935
1920
1922
1883
1885
1925
1926
1929
1916
1894
1915
1904
1930
1908
1935
1911
1913
1883
1894
1907
1930
1927
1926
1931
1896
1906
1870
1927
1902
1932
1913
1935
1912
1890
1910
1919
1890
1922
1911
1925
1923
1900
1916
1885
1912
1922
1909
1887
1928
1885
1907
1892
1917
1900
1924
1925
1896
1894
1930
1875
1893
1927
1906
1930
1898
1891
1900
1900
1921
1914
1920
1895
1930
1922
1932
1904
1886
1923
1900
1900
1918
1910
1900
1905
1914
1929
1919
1900
1900
1903
1897
1932
1938
1931
1886
1912
1908
1927
1929
1932
1903
1922
1905
1859
1889
1907
1932
1907
1933
1895
1924
1920
1897
1885
1911
1906
1913
1916
1875
1924
1901
1862
1868
1905
1929
1878
