1902
1902
1929
1935
1932
1875
1893
1924
1895
1928
1891
1894
1923
1923
1923
1896
1898
1936
1909
1917
1880
1914
1898
1896
1927
1937
1910
1886
1917
1913
1939
1913
1897
1920
1929
1905
1904
1936
1942
1917
1922
1927
1927
1918
1898
1902
1905
1930
1925
1934
1927
1901
1923
1889
1887
1892
1920
1915
1916
1925
1893
1893
1922
1926
1923
1928
1887
1921
1895
1904
1939
1937
1908
1935
1933
1928
1931
1901
1890
1886
1934
1913
1875
1907
1883
1908
1923
1929
1911
1886
1884
1897
1905
1889
1918
1889
1897
1913
1875
1888
1924
1907
1909
1910
1920
1892
1924
1912
1902
1925
