1911
1915
1924
1928
1884
1916
1885
1922
1910
1924
1877
1919
1911
1885
1921
1898
1929
1890
1859
1921
1924
1917
1885
1916
1885
1925
1885
1918
1907
1913
1933
1911
1879
1893
1893
1893
1902
1926
1896
1933
1940
1908
1934
1851
1921
1894
1925
1923
1910
1930
1925
1912
1912
1877
1915
1903
1903
1905
1905
1913
1878
1894
1938
1927
1924
1891
1902
1891
1880
1937
1915
1881
1931
1901
1938
1912
1913
1936
1928
1925
1930
1935
1927
1923
1931
1873
1875
1902
1872
1869
1900
1931
1926
1905
1934
1930
1936
1914
1934
1902
1903
1908
1905
1939
1908
1907
1862
1857
1915
1940
1888
1923
1883
1908
1891
1886
1916
1907
1877
1912
1867
1908
1921
1907
1910
1936
1907
1917
1875
1923
1886
1916
1885
1884
1914
1909
1909
1932
1907
1940
1901
1924
1874
1905
1935
1923
1921
1926
1883
1918
1896
