1926
1931
1922
1912
1912
1923
1892
1929
1886
1906
1902
1937
1900
1927
1884
1879
1906
1916
1907
1884
1914
1886
1879
1913
1933
1936
1908
1896
1929
1905
1924
1896
1934
1908
1905
1914
1897
1893
1917
1923
1886
1901
1920
1916
1891
1912
1927
1925
1898
1893
1894
1895
1922
1926
1932
1927
1941
1900
1938
1933
1906
1906
1909
1881
1874
1912
1921
1889
1893
1926
1921
1889
1889
1905
1903
1941
1936
1934
1897
1938
1881
1881
1936
1900
1908
1889
1938
1900
1910
1924
1920
1881
1896
1904
1931
1928
1926
1924
1935
1922
1902
1904
1900
1928
1878
1905
1900
1940
1922
1934
1933
1910
1883
1885
1873
1926
1923
1874
1876
1871
1918
1900
1896
1876
1883
1911
1913
1870
1925
1924
1890
1900
1866
1902
1919
1911
1909
1912
1909
1910
1927
1911
1940
1892
1893
1926
1900
1906
1913
1907
1915
1939
1941
1937
1910
1927
1896
1897
1912
1886
1901
1927
1881
1882
1897
1885
1925
1889
1922
1906
1912
1917
1884
1880
1923
1920
1920
1915
1919
1934
1907
1927
1900
1892
1937
1906
1889
1875
1904
1901
1903
1900
1893
1936
1937
1905
1884
1927
1873
1927
1919
1924
1927
1888
1892
1890
1925
1909
1926
1869
1933
1912
1903
1941
1913
1927
1900
1882
1883
1924
1897
1920
1926
1910
1888
1927
1890
1927
1926
1902
1901
1928
1912
1925
1906
1930
1892
1922
1926
1910
1905
1933
1903
1931
1930
1894
1885
1926
1922
1888
1888
1868
1909
1892
1904
1878
1935
1899
1897
1871
1902
1908
1939
1894
1924
1919
1917
1921
1918
1923
1924
1931
1925
1910
1908
1929
1900
1900
1915
1903
1935
1900
1903
1936
1908
1912
1924
1910
1911
1926
1921
1921
1914
1904
1906
1890
1930
