1896
1910
1897
1896
1899
1898
1892
1892
1919
1912
1914
1907
1907
1882
1898
1907
1903
1898
1909
1900
1899
1920
1905
1888
1916
1919
1913
1918
1889
1886
1901
1900
1898
1912
1907
1898
1901
1891
1898
1895
1917
1891
1894
1884
1903
1889
1899
1921
1896
1899
1911
1889
1911
1904
1903
1882
1916
1887
1921
1924
1890
1896
1901
1887
1903
1917
1909
1902
1886
1894
1886
1912
1889
1887
1892
1883
1911
1899
1894
1889
1901
1886
1884
1905
1898
1907
1888
1907
1913
1887
1882
1895
1914
1884
1876
1898
1889
1906
1903
1889
1920
1899
1887
1902
1905
1899
1890
1895
1913
1892
1896
1887
1912
1895
1901
1903
1889
1905
1911
1925
1884
1890
1913
1889
1892
1896
1904
1906
1904
1909
1902
1899
1895
1898
1914
1914
1908
1913
1912
1903
1907
1903
1909
1881
1904
1910
1908
1888
1887
1923
1912
1914
1914
1896
1906
1882
1917
1914
1883
1903
1905
