1920
1920
1925
1931
1938
1905
1941
1941
1931
1926
1925
1942
1911
1943
1915
1928
1929
1919
1899
1898
1918
1899
1922
1893
1893
1911
1921
1921
1891
1924
1900
1938
1920
1920
1904
1892
1892
1910
1911
1892
1899
1910
1908
1900
1900
1896
1896
1900
1900
1900
1902
1902
1899
1892
1875
1915
1915
1902
1903
1893
1893
1893
1893
1893
1889
1889
1889
1914
1903
1902
1896
1905
1888
1902
1902
1919
1904
1883
1910
1903
1902
1909
1898
1900
1900
1902
1920
1896
1896
1910
1910
1920
1900
1897
1897
1897
1924
1902
1912
1912
1873
1916
1888
1912
1912
1922
1922
1922
1895
1919
1906
1905
1906
1902
1889
1884
1882
1909
1894
1894
1905
1922
1901
1901
1912
1889
1892
1892
1892
1916
1919
1917
1913
1913
1902
1902
1900
1902
1903
1908
1908
1908
1922
1919
1903
1903
1907
1893
1921
1921
1902
1902
1902
1902
1898
1899
1899
1899
1899
1899
1899
1899
1899
1907
1907
1922
1922
1922
1922
1922
1899
1899
1899
1899
1899
1899
1897
1896
1896
1896
1896
1896
1896
1915
1915
1894
1894
1886
1886
1886
1886
1886
1886
1886
1886
1886
1886
1901
1901
1901
1901
1891
1891
1891
1891
1891
1905
1905
1905
1905
1905
1906
1906
1906
1906
1901
1901
1901
1901
1901
1901
1901
1920
1912
1912
1902
1902
1915
1915
1915
1892
1909
1919
1909
1915
1915
1921
1905
1905
1905
1905
1901
1923
1911
1911
1904
1899
1899
1899
1909
1880
1886
1880
1880
1891
1905
1905
1905
1905
1905
1905
1906
1906
1906
1906
1906
1906
1906
1906
1906
1906
1888
1888
1899
1899
1899
1899
1899
1899
1899
1899
1899
1899
1899
1904
1904
1904
1904
1904
1914
1914
1914
1914
1914
1895
1899
1897
1897
1897
1897
1897
1897
1897
1897
1897
1904
1904
1898
1899
1898
1898
1898
1899
1898
1898
1899
1898
1899
1899
1899
1899
1899
1911
1881
1881
1881
1901
1901
1901
1907
1907
1907
1907
1907
1907
1907
1907
1907
1907
1907
1907
1907
1899
1894
1894
1894
1894
1894
1894
1894
1899
1916
1916
1916
1916
1916
1908
1900
1900
1900
1908
1908
1888
1888
1888
1888
1888
1888
1912
1912
1912
1900
1900
1900
1900
1900
1898
1898
1898
1896
1896
1896
1896
1896
1906
1900
1900
1908
1923
1923
1923
1923
1923
1923
1923
1923
1923
1899
1918
1918
1918
1918
1918
1904
1898
1888
1888
1888
1893
1893
1893
1893
1893
1893
1893
1908
1908
1908
1908
1908
1908
1908
1900
1907
1909
1909
1909
1909
1920
1920
1920
1909
1904
1904
1904
1909
1904
1900
1900
1900
1895
1902
1902
1902
1903
1887
1904
1905
1905
1901
1917
1917
1903
1909
1909
1896
1920
1923
1923
1889
1893
1896
1895
1892
1892
1899
1909
1907
1907
1914
1901
1901
1901
1901
1901
1901
1898
1887
1887
1898
1898
1898
1887
1901
1901
1901
1910
1910
1905
1903
1905
1905
1905
1905
1905
1896
1896
1896
1896
1896
1898
1900
1900
1913
1913
1913
1877
1877
1877
1877
1877
1877
1877
1900
1900
1900
1900
1900
1900
1900
1900
1900
1900
1907
1891
1891
1913
1913
1913
1913
1913
1913
1913
1913
1908
1908
1908
1901
1904
1903
1905
1905
1905
1904
1904
1904
1904
1904
1889
1889
1911
1911
1911
1911
1911
1922
1922
1922
1912
1912
1912
1922
1886
1886
1886
1886
1886
1886
1903
1903
1911
1920
1920
1920
1920
1920
1920
1920
1908
1908
1908
1915
1915
1902
1902
1902
1902
1902
1902
1902
1902
1895
1895
1896
1896
1896
1896
1896
1896
1896
1896
1896
1917
1900
1904
1897
1897
1897
1903
1903
1897
1897
1905
1905
1905
1905
1905
1907
1897
1884
1914
1890
1896
1896
1896
1896
1896
1914
1902
1902
1902
1909
1903
1903
1882
1905
1905
1905
1910
1910
1901
1901
1901
1901
1902
1902
1902
1910
1899
1892
1887
1892
1889
1910
1910
1907
1907
1903
1903
1903
1893
1897
1899
1899
1919
1919
1919
1922
1902
1902
1902
1902
1902
1904
1904
1904
1892
1892
1892
1892
1892
1908
1908
1908
1908
1900
1900
1900
1900
1900
1900
1887
1907
1907
1894
1894
1894
1894
1894
1908
1908
1895
1895
1895
1895
1914
1914
1914
1914
1892
1892
1892
1892
1892
1892
1892
1925
1925
1897
1897
1883
1901
1906
1906
1906
1906
1906
1906
1927
1927
1927
1927
1927
1927
1927
1927
1927
1927
1927
1927
1927
1927
1927
1927
1927
1927
1927
1927
1928
1927
1898
1898
1901
1891
1901
1901
1901
1901
1901
1904
1904
1904
1904
1917
1917
1917
1917
1917
1909
1919
1922
1922
1901
1922
1910
1910
1907
1907
1907
1917
1892
1892
1892
1914
1914
1914
1896
1896
1896
1905
1905
1905
1905
1905
1905
1905
1890
1899
1899
1899
1899
1899
1899
1899
1899
1899
1899
1899
1899
1899
1899
1896
1896
1896
1891
1891
1896
1910
1885
1885
1885
1881
1907
1907
1907
1907
1907
1907
1907
1907
1907
1888
1921
1921
1910
1910
1910
1910
1920
1894
1894
1900
1900
1900
1900
1896
1896
1896
1896
1896
1896
1896
1896
1896
1896
1896
1920
1917
1917
1917
1917
1917
1917
1917
1900
1900
1900
1900
1902
1883
1903
1883
1882
1883
1883
1906
1906
1891
1897
1897
1897
1886
1913
1913
1908
1908
1908
1908
1897
1897
1897
1897
1906
1906
1906
1906
1906
1919
1899
1899
1899
1899
1899
1899
1899
1921
1897
1910
1910
1910
1913
1913
1913
1906
1906
1898
1921
1921
1909
1909
1909
1909
1909
1909
1909
1923
1923
1923
1914
1917
1917
1917
1893
1893
1893
1902
1897
1907
1907
1907
1907
1907
1898
1898
1898
1915
1915
1925
1925
1893
1893
1893
1893
1905
1903
1913
1913
1913
1913
1913
1913
1913
1913
1913
1913
1913
1913
1913
1913
1913
1909
1909
1905
1903
1891
1891
1891
1924
1924
1924
1924
1916
1916
1916
1911
1911
1911
1911
1911
1911
1911
1916
1916
1916
1897
1888
1888
1900
1902
1902
1903
1893
1893
1893
1893
1890
1890
1890
1890
1890
1890
1915
1915
1915
1902
1902
1902
1902
1902
1902
1902
1902
1902
1902
1916
1916
1913
1913
1916
1916
1913
1913
1916
1905
1905
1905
1905
1908
1908
1908
1919
1919
1922
1922
1922
1918
1918
1892
1892
1892
1892
1892
1892
1911
1911
1911
1911
1911
1911
1889
1901
1911
1912
1912
1916
1916
1916
1892
1899
1899
1897
1897
1897
1897
1905
1902
1902
1902
1900
1900
1900
1902
1895
1895
1895
1895
1895
1918
1918
1918
1918
1918
1918
1918
1918
1918
1899
1899
1899
1899
1899
1893
1893
1893
1917
1917
1917
1917
1891
1891
1891
1891
1891
1891
1891
1901
1901
1901
1915
1915
1883
1883
1912
1912
1919
1919
1919
1919
1919
1919
1910
1910
1910
1905
1898
1898
1898
1898
1898
1898
1898
1898
1898
1898
1898
1904
1906
1904
1904
1904
1904
1904
1904
1897
1906
1901
1901
1919
1903
1903
1915
1915
1891
1915
1915
1915
1907
1907
1907
1907
1924
1924
1924
1910
1910
1910
1910
1910
1901
1901
1905
1905
1912
1912
1912
1912
1912
1912
1912
1910
1910
1910
1910
1910
1910
1910
1910
1910
1910
1910
1910
1937
1899
1899
1899
1899
1899
1899
1919
1899
1909
1909
1909
1909
1893
1893
1893
1893
1942
1905
1905
1905
1905
1917
1917
1917
1917
1917
1917
1917
1907
1907
1907
1907
1907
1907
1907
1907
1907
1890
1890
1890
1890
1890
1890
1904
1904
1904
1904
1904
1904
1904
1890
1921
1890
1890
1890
1890
1890
1890
1890
1895
1903
1903
1903
1898
1896
1898
1898
1898
1898
1904
1904
1904
1904
1904
1891
1891
1891
1891
1891
1891
1891
1899
1899
1899
1922
1922
1922
1904
1909
1896
1896
1896
1896
1896
1890
1890
1890
1890
1890
1905
1880
1880
1880
1880
1880
1903
1903
1903
1903
1910
1910
1920
1910
1910
1910
1910
1910
1910
1910
1910
1910
1910
1910
1910
1910
1910
1910
1910
1910
1910
1910
1910
1910
1907
1907
1907
1907
1907
1907
1907
1907
1903
1922
1904
1904
1904
1904
1904
1900
1900
1900
1900
1900
1900
1900
1900
1900
1900
1900
1900
1900
1900
1900
1900
1900
1916
1905
1905
1905
1884
1884
1884
1881
1881
