1916
1888
1886
1884
1908
1891
1923
1932
1898
1935
1902
1872
1867
1925
1895
1896
1918
1899
1939
1938
1906
1909
1915
1890
1925
1902
1925
1891
1923
1883
1910
1873
1887
1887
1905
1866
1904
1922
1925
1894
1923
1897
1900
1930
1928
1926
1913
1892
1884
1879
1915
1920
1907
1910
1902
1870
1904
1936
1912
1895
1886
1915
1904
1931
1928
1897
1904
1905
1933
1930
1893
1911
1939
1904
1863
1939
1913
1888
1881
1918
1923
1876
1930
1905
1905
1932
1909
1937
1916
1923
1924
1888
1919
1908
1938
1934
1937
1934
1905
1931
1905
1911
1890
1912
1914
1916
1918
1882
1935
1908
1910
1890
1916
1917
1909
1912
1936
1923
1926
1892
1902
1929
1930
1928
1892
1906
1913
1894
1919
1923
1900
1937
1869
1904
1908
1875
1886
1870
1939
1916
1912
1908
1908
1909
1906
1921
1893
1918
1923
1925
