1873
1932
1907
1896
1932
1907
1899
1921
1929
1923
1925
1923
1896
1892
1894
1924
1925
1889
1896
1928
1881
1905
1938
1929
1932
1901
1903
1933
1905
1922
1939
1923
1900
1893
1913
1887
1872
1929
1892
1892
1920
1918
1934
1900
1933
1907
1897
1874
1902
1927
1930
1896
1912
1870
1898
1888
1865
1902
1931
1934
1899
1886
1879
1869
1907
1937
1901
1902
1937
1922
1889
1925
1889
1931
1926
1890
1897
1913
1910
1920
1920
1929
1896
1924
1922
1940
1902
1896
1921
1893
1944
1898
1928
1898
1919
1870
1918
1864
1908
1939
1936
1895
1931
1890
1933
1908
1879
1868
1911
1935
1911
1938
1918
1916
1909
1917
1911
1914
1938
1885
1892
1926
1899
1923
1892
1881
1887
1880
1929
1922
1936
1897
1902
1933
1937
1910
1925
1928
1921
1930
1918
1916
1894
1924
1919
1923
1924
1920
1885
1892
1918
1917
1894
1917
1914
1916
1920
1909
1926
1890
1891
1875
1915
1907
1911
1912
1877
1908
1930
1903
1896
1882
1930
1901
1902
1931
1890
1914
1883
1897
1888
1913
1888
1911
1892
1892
1927
1906
1907
1870
1935
1934
1898
1924
1929
1925
