1901
1929
1934
1931
1899
1926
1878
1913
1914
1908
1869
1912
1905
1917
1928
1881
1901
1937
1930
1899
1926
1924
1912
1914
1927
1894
1883
1904
1918
1921
1921
1911
1925
1931
1929
1925
1888
1927
1898
1921
1923
1919
1931
1926
1929
1896
1937
1898
1926
1932
1915
1921
1919
1924
1898
1883
1880
1883
1907
1934
1916
1913
1876
1878
1914
1935
1909
1913
1915
1893
1888
1936
1909
1912
1888
1911
1917
1910
1921
1904
1919
1919
1912
1887
1914
1919
1913
1900
1884
1888
1938
1924
1879
1880
1911
1912
1925
1929
1888
1913
1910
1923
1915
1905
1920
1900
1933
1930
1935
1927
1932
1925
1873
1938
1923
1940
1897
1888
1898
1925
1871
1899
1925
1927
1934
1913
1913
1910
1887
1922
1898
1925
1898
1927
1929
1917
1911
1918
1902
1877
1902
1929
1925
1922
1903
1922
1910
1935
1930
1925
1892
1928
1910
1924
1916
1907
1880
1907
1935
1937
1911
1940
1918
1919
1914
1918
1925
1925
1885
1885
1930
1904
1927
1904
1942
1887
1916
1937
1890
1922
1917
1926
1897
1919
1906
1906
1932
1910
1904
1918
1901
1939
1915
1926
1890
1891
1937
1939
1916
1914
1905
1942
1870
1874
1939
1933
1918
1924
1902
1867
1928
1898
1922
1905
1867
1885
1880
1909
1917
1913
1904
1908
1900
1923
1927
1932
1932
1927
1896
1897
1937
1879
1911
1911
1937
1911
1938
1911
1903
1913
1889
1877
1928
1937
1914
1908
1919
1915
1879
1895
1881
1905
1879
1937
1910
1936
1905
1928
1923
1900
1893
1925
1901
1904
1900
1893
1926
1924
1919
1926
1929
1917
1871
1904
1912
1914
1923
1921
1885
1886
1905
1908
1904
1906
1910
1910
1910
1922
1929
1922
1923
1878
1880
1886
1920
1882
1914
1916
1888
1928
1897
1906
1907
1938
1922
1896
1924
1901
1927
1901
1926
1902
1937
1940
1872
1878
1924
1895
1894
1921
1871
1913
1883
1875
1880
1928
1930
1932
1925
1904
1904
1936
1898
1922
1932
1906
1934
1939
1924
1921
1912
1926
1923
1887
1882
1919
1910
1932
1912
1891
1890
1927
1921
1902
1932
1928
1935
1932
1897
1939
1919
1908
1939
1894
1923
1929
1925
1927
1938
1895
1912
1916
1892
1920
1907
1933
1904
1928
1922
1922
1914
1880
1915
1872
1931
1908
1910
1907
1885
1921
1896
1893
1872
1883
1882
1881
1922
1908
1910
1914
1918
1925
1902
1879
1922
1882
1916
1869
1923
1884
1910
1920
1875
1914
1883
1901
1880
1925
1923
1913
1879
1920
1921
1877
1917
1911
1878
1936
1937
1934
1903
1919
1919
1923
1908
1902
1902
1931
1904
1937
1874
1925
1925
1902
1869
1890
1923
1897
1926
1918
1925
1895
1918
1913
1919
1928
1921
1923
1916
1888
1906
1939
1934
1906
1888
1905
1905
1876
1907
1910
1912
1890
1890
1920
1906
1886
1929
1930
1927
1933
1921
1926
1897
1900
1901
1936
1898
