1922
1939
1913
1914
1927
1923
1890
1925
1925
1888
1884
1926
1916
1920
1917
1922
1916
1915
1906
1939
1903
1911
1909
1894
1893
1924
1896
1900
1933
1903
1925
1898
1929
1894
1927
1916
1916
1912
1885
1881
1890
1892
1900
1913
1871
1904
1937
1911
1913
1898
1923
1895
1935
1917
1892
1914
1885
1920
1925
1922
1894
1917
1920
1883
1939
1878
1881
1926
1883
1927
1909
1898
1907
1926
1927
1923
1927
1921
1929
1892
1891
1881
1923
1886
1929
1886
1877
1894
1925
1888
1907
1881
1871
1924
1927
1902
1931
1934
1902
1933
1900
1927
1908
1922
1925
1920
1925
1887
1885
1906
1876
1908
1908
1940
1937
1908
1910
1935
1930
1932
1917
1901
1924
1925
1888
1905
1871
1935
1898
1875
1900
1929
1925
1927
1891
1931
1894
1922
1899
1903
1914
1913
1896
1903
1902
1903
1915
1918
1915
1890
1915
1911
1915
1902
1871
1895
1878
1923
1925
1926
1900
1900
1910
1926
1896
1890
1911
1915
1924
1879
1880
1916
1919
1883
1926
1928
1894
1905
1913
1925
1898
1928
1891
1930
1903
1900
1934
1882
1892
1887
1897
1899
1884
1908
1882
1915
1921
1871
1893
1880
1915
1896
1913
1885
1907
1937
1932
1918
1911
1939
1916
1907
1927
1898
1925
1907
1906
1923
1932
1907
1889
1920
1926
1886
1903
1909
1906
1936
1905
1899
1903
1902
1870
