1928
1929
1933
1933
1930
1932
1931
1933
1929
1928
1929
1931
1933
1936
1931
1931
1932
1929
1933
1930
1930
1929
1932
1930
1931
1932
1930
1929
1932
1930
1931
1932
1933
1930
1929
1929
1933
1927
1930
1932
1932
1932
1933
1931
1932
1933
1932
1929
1930
1930
1933
1930
1931
1932
1931
1933
1929
1930
1929
1929
1930
1932
1928
1930
1933
1933
1933
1931
1933
1929
1930
1929
1933
1931
1928
1933
1932
1932
1930
1933
1933
1931
1933
1933
1929
1931
1933
1930
1931
1933
1933
1930
1929
1928
1927
1927
1933
1930
1933
1933
1933
1931
1929
1933
1929
1933
1929
