1909
1906
1908
1936
1907
1902
1924
1900
1921
1921
1921
1906
1910
1864
1906
1938
1884
1884
1878
1898
1919
1924
1928
1937
1931
1923
1890
1895
1926
1876
1916
1885
1912
1910
1911
1939
1881
1931
1894
1920
1922
1897
1931
1892
1904
1901
1888
1920
1909
1919
1931
1919
1938
1910
1910
1917
1942
1880
1923
1890
1925
1931
1890
1901
1900
1921
1888
1926
1920
1892
1903
1928
1893
1895
1921
1938
1913
1907
1894
1929
1912
1880
1905
1932
1929
1888
1876
1914
1910
1924
1912
1909
1915
1914
1939
1896
1888
1930
1931
1903
1907
1915
1914
1914
1914
1871
1872
1914
1933
1909
1905
1919
1926
1928
1900
