1909
1893
1884
1897
1886
1919
1922
1928
1909
1887
1926
1891
1875
1915
1883
1915
1881
1891
1875
1874
1879
1937
1886
1897
1923
1890
1879
1884
1904
1922
1890
1890
1915
1922
1883
1886
1894
1890
1903
1902
1874
1912
1888
1882
1878
1873
1876
1922
1894
1878
1881
1892
1887
1880
1886
1892
1940
1903
1930
1878
1873
1901
1896
1927
1892
1895
1907
1906
1937
1886
1885
1894
1873
1930
1899
1907
1890
1876
1871
1885
1877
1883
1883
1885
1920
1894
1880
1888
1914
1880
1879
1903
1882
1902
1897
1916
1891
1900
1891
1903
1899
1928
1905
1911
1938
1892
1880
1877
1901
1892
1883
1931
1889
1910
1928
1894
1899
1896
1888
1927
1883
1892
1869
1881
1895
1897
1879
1898
1882
1901
1933
1925
1926
1888
1922
1901
1880
1910
1923
1898
1883
1881
1893
1880
1922
1904
1920
1875
1909
1883
1906
1896
1886
1881
1891
1884
1882
1882
1889
1891
1887
1898
1932
1911
1884
1902
1874
1877
1895
1937
1907
1885
1893
1906
1904
1873
1889
1891
1887
1919
1886
1876
1923
1874
1880
1906
1901
1884
1929
1890
1885
1912
1907
1895
1894
1881
1887
1895
1872
1885
1874
1887
1940
1907
1894
1890
1887
1936
1939
1922
1911
1903
1890
1906
1929
1914
1901
1906
1896
1932
1920
1893
1898
1902
1897
1934
1886
1871
1868
1875
1885
1915
1899
1927
1923
1891
1902
1874
1879
1883
1887
1904
1874
1879
1903
1895
1882
1891
1898
1902
1894
1930
1900
1934
1881
1884
1891
1876
1925
1894
1911
1888
1897
1923
1902
1897
1924
1884
1875
1891
1908
1893
1925
1883
1918
1884
1922
1879
1891
1895
1924
1916
1897
1926
1881
1893
1882
1930
1897
1923
1896
1891
1904
1873
1896
1897
1931
1891
1891
1935
1902
1879
1893
1888
1886
1876
1887
1901
1924
1889
1936
1924
1919
1932
1889
1911
1923
1888
1904
1901
1902
1887
1893
1889
1888
1899
1895
1920
1894
1891
1890
1927
1886
1896
1935
1921
1903
1888
1927
1899
1922
1901
1930
1889
1933
1898
1890
1887
1907
1908
1938
1910
1883
1911
1917
1878
1933
1927
1897
1905
1938
1888
1890
1913
1893
1881
1900
1913
1885
1890
1912
1912
1912
1913
1873
1908
1911
1880
1927
1897
1938
1902
1879
1891
1886
1924
1899
1885
1926
1878
1876
1875
1903
1879
1881
1897
1906
1930
1902
1887
1888
1896
1886
1911
1875
1885
1929
1901
1908
1880
1895
1884
1906
1886
1884
1887
1931
1910
1900
1887
1880
1905
1909
1880
1918
1888
1888
1926
1914
1880
1880
1889
1910
1915
1912
1915
1938
1913
1898
1883
1902
1884
1888
1877
1880
1884
1880
1901
1891
1933
1899
1892
1894
1896
1897
1896
1884
1878
1899
1939
1905
1938
1886
1878
1882
1896
1906
1912
1899
1930
1894
1878
1894
1896
1894
1884
1909
1895
1896
1873
1874
1889
1920
1878
1920
1891
1874
1879
1887
1918
1900
1903
1881
1927
1889
1886
1873
1878
1887
1879
1884
1873
1894
1887
1891
1902
1908
1916
1914
1882
1879
1874
1872
1885
1924
1901
1864
1884
1905
1937
1908
1908
1934
1874
1893
1933
1877
1874
1874
1904
1928
1908
1908
1881
1883
1910
1897
1885
1881
1878
1874
1877
1902
1881
1898
1932
1888
1898
1909
1889
1868
1899
1927
1896
1899
1906
1928
1910
1905
1899
1903
1871
1878
1887
1886
1886
1887
1891
1879
1875
1914
1882
1884
1890
1905
1912
1877
1900
1868
1904
1902
1927
1907
1876
1893
1924
1906
1895
1908
1877
1898
1905
1881
1908
1900
1895
1900
1919
1877
1886
1900
1927
1893
1936
1876
1901
1877
1920
1872
1933
1914
1886
1913
1913
1883
1905
1924
1885
1907
1915
1903
1901
1893
1892
1892
1902
1887
1925
1884
1880
1888
1910
1867
1885
1926
1889
1894
1885
1910
1900
1911
1872
1936
1900
1937
1906
1908
1910
1882
1910
1906
1875
1888
1932
1895
1929
1894
1927
1904
1891
1935
1919
1884
1884
1904
1890
1904
1877
1889
1879
1880
1875
1893
1925
1899
1883
1878
1910
1885
1873
1885
1875
1877
1894
1876
1878
1886
1879
1874
1907
1882
1917
1941
1908
1916
1905
1919
1912
1915
1921
1920
1894
1904
1919
1880
1885
1895
1895
1874
1913
1927
1878
1898
1939
1921
1880
1893
1884
1882
1904
1880
1904
1884
1882
1895
1887
1923
1882
1884
1888
1884
1895
1880
1911
1913
1880
1889
1888
1873
1902
1888
1936
1926
1897
1931
1889
1882
1899
1890
1931
1900
1903
1904
1901
1902
1921
1877
1883
1885
1896
1876
1878
1897
1898
1873
1914
1882
1876
1885
1906
1874
1875
1892
1891
1891
1873
1892
1919
1884
1890
1896
1895
1882
1880
1935
1922
1876
1898
1873
1875
1904
1892
1902
1937
1929
1892
1896
1897
1939
1913
1931
1894
1882
1884
1914
1884
1907
1886
1900
1924
1896
1905
1873
1890
1926
1907
1890
1893
1903
1909
1892
1896
1877
1880
1905
1909
1874
1868
1878
1889
1900
1910
1883
1889
1880
1897
1921
1894
1893
1885
1911
1874
1882
1902
1928
1891
1922
1887
1884
1878
1890
1909
1896
1901
1882
1888
1919
1917
1900
1901
1937
1914
1874
1903
1902
1893
1882
1898
1873
1888
1903
1885
1882
1895
1885
1926
1898
1898
1899
1891
1889
1906
1897
1881
1887
1886
1897
1891
1895
1928
1887
1927
1890
1891
1912
1897
1911
1906
1894
1888
1904
1927
1904
1880
1885
1876
1876
1884
1881
1895
1904
1911
1895
1897
1879
1875
1905
1877
1878
1879
1897
1905
1925
1894
1899
1894
1896
1893
1896
1879
1879
1929
1885
1894
1899
1895
1933
1889
1926
1888
1890
1937
1898
1901
1899
1898
1902
1925
1887
1871
1891
1878
1897
1886
1885
1914
1920
1889
1883
1921
1883
1873
1883
1874
1872
1897
1906
1880
1891
1892
1883
1894
1885
1920
1927
1908
1887
1874
1888
1887
1910
1873
1938
1880
1879
1890
1927
1901
1886
1906
1936
1932
1934
1890
1892
1891
1877
1899
1888
1872
1869
1901
1902
1930
1893
1894
1898
1928
1888
1898
1861
1901
1895
1886
1881
1876
1868
1896
1894
1887
1926
1894
1879
1909
1890
1885
1890
1928
1926
1894
1902
1928
1875
1874
1921
1901
1891
1866
1893
1894
1897
1899
1893
1888
1877
1882
1866
1895
1909
1902
1930
1934
1920
1881
1899
1885
1883
1910
1903
1884
1890
1898
1899
1893
1885
1927
1928
1896
1894
1920
1887
1898
1886
1900
1921
1884
1883
1871
1895
1924
1886
1886
1893
1882
1921
1892
1928
1896
1931
1879
1881
1875
1890
1921
1900
1923
1897
1890
1919
1892
1908
1867
1879
1893
1897
1887
1873
1882
1933
1875
1873
1894
1908
1919
1884
1880
1886
1900
1926
1908
1905
1885
1901
1925
1902
1892
1912
1886
1878
1891
1894
1928
1889
1927
1901
1901
1880
1896
1926
1924
1937
1931
1930
1933
1934
1927
1896
1927
1921
1891
1889
1914
1878
1889
1904
1891
1889
1912
1877
1906
1901
1877
1874
1885
1920
1885
1887
1883
1881
1882
1893
1864
1869
1867
1893
1881
1888
1879
1895
1883
1925
1935
1910
1906
1921
1892
1937
1909
1899
1888
1885
1864
1892
1888
1920
1890
1864
1923
1904
1926
1878
1884
1887
1885
1882
1899
1888
1878
1924
1894
1894
1875
1884
1900
1920
1892
1884
1879
1902
1880
1894
1920
1890
1935
1883
1878
1908
1913
1931
1908
1893
1920
1908
1916
1878
1896
1925
1896
1882
1893
1887
1880
1925
1891
1891
1880
1892
1910
1885
1886
1898
1938
1886
1885
1901
1906
1881
1882
1874
1891
1923
1887
1915
1875
1914
1924
1926
1864
1892
1925
1880
1894
1886
1922
1883
1887
1890
1889
1883
1878
1883
1887
1888
1872
1880
1910
1877
1909
1911
1878
1876
1881
1878
1880
1874
1888
1901
1923
1926
1923
1872
1902
1935
1895
1934
1904
1920
1932
1902
1887
1885
1885
1925
1878
1899
1911
1902
1933
1885
1891
1908
1937
1922
1885
1916
1917
1879
1902
1902
1885
1897
1905
1887
1931
1907
1937
1903
1886
1886
1902
1928
1901
1889
1894
1942
1922
1925
1897
1899
1901
1913
1882
1888
1880
1873
1918
1888
1897
1919
1925
1885
1879
1879
1884
1880
1884
1879
1922
1877
1868
1938
1898
1911
1900
1919
1942
1921
1888
1882
1888
1905
1934
1898
1889
1894
1889
1880
1889
1928
1897
1923
1930
1875
1881
1928
1920
1889
1877
1898
1925
1924
1934
1882
1877
1891
1910
1901
1912
1903
1875
1889
1891
1903
1926
1894
1888
1898
1938
1878
1912
1881
1893
1902
1894
1920
1885
1885
1891
1829
1876
1887
1908
1888
1932
1940
1919
1896
1932
1934
1895
1893
1923
1878
1880
1884
1913
1882
1881
1878
1899
1914
1883
1907
1920
1936
1901
1897
1874
1895
1917
1876
1909
1906
1929
1887
1878
1883
1886
1885
1896
1930
1894
1892
1907
1874
1889
1935
1882
1909
1877
1933
1879
1903
1894
1894
1921
1914
1884
1911
1902
1938
1891
1880
1876
1886
1889
1885
1922
1899
1922
1895
1924
1891
1921
1923
1895
1893
1918
1890
1883
1895
1920
1884
1908
1912
1919
1906
1934
1883
1914
1919
1908
1893
1929
1926
1902
1897
1892
1884
1887
1881
1921
1893
1880
1900
1921
1913
1885
1873
1942
1888
1879
1887
1911
1882
1913
1875
1892
1896
1932
1934
1937
1928
1899
1901
1890
1880
1912
1886
1921
1905
1872
1883
1899
1895
1921
1882
1886
1891
1871
1883
1882
1883
1929
1888
1931
1901
1907
1930
1900
1895
1882
1898
1929
1865
1890
1875
1863
1912
1874
1886
1899
1878
1883
1908
1888
1884
1883
1895
1887
1936
1884
1907
1901
1912
1882
1882
1892
1892
1887
1876
1908
1907
1876
1905
1878
1877
1899
1934
1896
1932
1903
1913
1887
1891
1915
1902
1909
1883
1878
1896
1906
1885
1924
1916
1933
1874
1907
1902
1901
1891
1899
1909
1890
1932
1935
1904
1892
1908
1888
1920
1884
1906
1904
1881
1897
1892
1923
1908
1888
1886
1928
1894
1925
1894
1878
1892
1887
1888
1910
1916
1898
1885
1898
1874
1896
1925
1900
1885
1901
1927
1913
1880
1890
1874
1880
1884
1926
1928
1875
1888
1908
1904
1874
1924
1878
1884
1875
1883
1924
1902
1893
1928
1913
1887
1893
1895
1890
1912
1923
1883
1929
1902
1935
1902
1904
1886
1912
1925
1891
1886
1892
1914
1928
1898
1904
1869
1905
1903
1894
1890
1905
1891
1891
1878
1915
1861
1887
1885
1883
1923
1872
1908
1890
1929
1924
1935
1897
1939
1889
1907
1891
1899
1882
1892
1883
1894
1922
1877
1888
1907
1884
1883
1912
1909
1877
1882
1893
1880
1872
1902
1930
1876
1924
1896
1877
1884
1891
1890
1927
1937
1883
1907
1881
1915
1884
1886
1880
1882
1885
1891
1891
1886
1938
1927
1901
1904
1896
1871
1900
1892
1902
1904
1901
1888
1921
1934
1906
1871
1876
1878
1882
1894
1922
1886
1890
1896
1871
1874
1872
1914
1885
1870
1888
1897
1910
1901
1895
1882
1887
1890
1901
1884
1892
1883
1887
1882
1894
1882
1927
1886
1882
1895
1891
1883
1883
1886
1879
1897
1884
1900
1916
1883
1913
1892
1923
1897
1925
1899
1880
1888
1894
1928
1882
1889
1888
1909
1888
1880
1875
1888
1897
1918
1921
1904
1912
1878
1881
1940
1899
1892
1892
1898
1892
1925
1899
1924
1928
1890
1889
1892
1898
1885
1886
1920
1890
1887
1889
1875
1887
1891
1881
1870
1868
1895
1925
1906
1837
1916
1916
1919
1886
1888
1875
1885
1884
1920
1888
1894
1884
1893
1887
1903
1909
1898
1897
1887
1910
1886
1912
1875
1882
1878
1891
1893
1893
1921
1890
1908
1906
1929
1925
1876
1929
1924
1882
1892
1878
1883
1887
1881
1895
1899
1896
1876
1921
1879
1911
1940
1895
1894
1885
1877
1932
1909
1928
1897
1896
1920
1880
1906
1877
1931
1884
1892
1921
1919
1891
1887
1893
1874
1920
1881
1933
1891
1877
1901
1901
1914
1883
1911
1921
1924
1885
1879
1872
1892
1912
1913
1889
1897
1898
1880
1886
1906
1930
1892
1873
1926
1890
1885
1878
1889
1877
1895
1879
1883
1887
1915
1903
1880
1920
1892
1885
1907
1919
1931
1931
1898
1911
1919
1875
1875
1873
1870
1890
1925
1898
1913
1874
1878
1899
1879
1904
1892
1876
1880
1881
1929
1896
1880
1875
1876
1876
1868
1893
1905
1933
1886
1938
1886
1908
1910
1931
1936
1922
1928
1891
1904
1900
1894
1933
1878
1874
1923
1888
1902
1929
1927
1934
1878
1878
1903
1904
1904
1929
1932
1883
1895
1892
1896
1881
1880
1899
1885
1874
1888
1900
1881
1885
1883
1899
1878
1891
1887
1886
1876
1903
1930
1886
1917
1884
1893
1912
1887
1878
1873
1884
1890
1874
1898
1894
1882
1883
1903
1892
1878
1899
1888
1880
1923
1884
1929
1899
1878
1928
1898
1933
1902
1922
1883
1901
1872
1912
1883
1927
1890
1895
1926
1902
1883
1882
1882
1886
1893
1896
1880
1878
1875
1886
1879
1871
1892
1877
1884
1907
1899
1926
1885
1885
1910
1927
1925
1898
1923
1900
1894
1933
1932
1884
1937
1894
1893
1888
1878
1893
1923
1878
1899
1896
1895
1932
1874
1879
1907
1930
1877
1911
1883
1917
1924
1888
1893
1924
1892
1889
1902
1879
1897
1876
1873
1890
1881
1912
1887
1879
1883
1879
1907
1904
1889
1884
1875
1887
1891
1925
1901
1901
1885
1892
1919
1917
1895
1895
1894
1879
1920
1912
1877
1924
1883
1888
1894
1919
1887
1897
1918
1912
1885
1896
1881
1911
1928
1907
1914
1891
1893
1872
1890
1898
1880
1889
1884
1921
1889
1932
1885
1889
1885
1877
1882
1880
1886
1890
1877
1879
1878
1893
1891
1921
1888
1882
1880
1881
1887
1923
1867
1877
1906
1891
1882
1879
1906
1909
1895
1923
1930
1882
1892
1888
1881
1879
1896
1900
1891
1907
1863
1928
1892
1921
1866
1903
1888
1879
1886
1881
1871
1925
1900
1912
1889
1885
1882
1883
1885
1884
1933
1903
1898
1870
1900
1887
1886
1898
1888
1883
1884
1886
1899
1902
1862
1873
1904
1930
1893
1902
1879
1886
1898
1905
1891
1890
1884
1878
1884
1893
1886
1888
1899
1925
1884
1923
1896
1890
1885
1882
1892
1888
1915
1937
1929
1913
1896
1942
1878
1909
1906
1883
1900
1920
1928
1887
1895
1898
1890
1922
1886
1910
1894
1907
1901
1909
1874
1890
1879
1869
1906
1924
1924
1932
1898
1930
1892
1929
1892
1882
1893
1875
1889
1886
1882
1895
1897
1897
1937
1909
1899
1888
1896
1879
1879
1882
1895
1893
1906
1884
1882
1904
1925
1877
1911
1914
1897
1884
1873
1880
1891
1893
1906
1897
1905
1931
1928
1875
1929
1901
1884
1879
1884
1920
1926
1881
1892
1881
1919
1898
1883
1896
1876
1912
1875
1908
1909
1894
1895
1887
1875
1899
1876
1873
1869
1875
1928
1898
1883
1886
1923
1918
1920
1887
1870
1919
1919
1908
1880
1911
1875
1893
1920
1890
1879
1898
1878
1894
1898
1885
1881
1909
1915
1884
1875
1878
1892
1876
1907
1886
1891
1893
1885
1879
1899
1928
1895
1924
1875
1883
1877
1882
1910
1908
1899
1899
1880
1891
1885
1921
1912
1938
1917
1908
1884
1887
1899
1880
1881
1908
1880
1887
1881
1893
1885
1889
1879
1875
1927
1908
1887
1879
1899
1908
1893
1892
1926
1889
1908
1884
1883
1874
1927
1891
1927
1882
1883
1873
1879
1901
1904
1906
1891
1920
1889
1889
1896
1883
1878
1909
1884
1897
1885
1894
1882
1895
1903
1891
1891
1932
1890
1927
1881
1881
1907
1915
1903
1889
1885
1881
1923
1879
1880
1878
1903
1879
1876
1903
1889
1923
1903
1890
1890
1903
1877
1921
1884
1927
1900
1887
1876
1894
1900
1889
1934
1901
1879
1897
1914
1876
1904
1920
1892
1907
1875
1884
1931
1885
1881
1906
1890
1941
1937
1908
1909
1889
1888
1917
1890
1941
1922
1884
1880
1898
1925
1890
1883
1898
1927
1919
1889
1884
1876
1890
1932
1894
1885
1889
1895
1909
1906
1896
1879
1890
1909
1877
1920
1889
1882
1887
1880
1885
1886
1909
1925
1915
1868
1930
1876
1903
1879
1890
1942
1922
1878
1884
1868
1890
1878
1910
1881
1882
1885
1897
1894
1880
1884
1904
1880
1902
1926
1942
1896
1906
1886
1933
1877
1868
1889
1894
1892
1885
1876
1895
1896
1876
1924
1920
1927
1893
1922
1878
1919
1926
1900
1899
1893
1892
1904
1896
1880
1927
1892
1897
1923
1887
1890
1875
1924
1910
1894
1894
1939
1890
1886
1882
1884
1881
1879
1870
1880
1885
1925
1921
1898
1916
1884
1896
1885
1902
1892
1873
1883
1888
1903
1889
1929
1901
1894
1899
1899
1882
1919
1883
1882
1897
1929
1938
1902
1930
1899
1873
1921
1889
1883
1908
1877
1879
1880
1880
1885
1876
1897
1887
1889
1924
1922
1890
1887
1876
1903
1918
1886
1871
1909
1898
1926
1889
1900
1909
1911
1886
1912
1901
1884
1880
1928
1896
1896
1881
1890
1889
1890
1906
1906
1881
1885
1917
1922
1892
1887
1878
1891
1895
1883
1873
1875
1927
1898
1878
1896
1895
1897
1889
1895
1924
1889
1886
1886
1920
1880
1879
1890
1926
1879
1898
1924
1926
1897
1895
1879
1907
1900
1878
1872
1886
1878
1886
1890
1893
1891
1886
1917
1873
1885
1873
1923
1891
1932
1902
1918
1901
1895
1889
1891
1874
1887
1880
1902
1917
1916
1883
1877
1910
1879
1889
1876
1917
1878
1879
1880
1924
1903
1888
1888
1874
1880
1874
1887
1920
1885
1901
1873
1896
1878
1882
1898
1915
1893
1893
1927
1878
1878
1905
1877
1879
1878
1921
1879
1880
1882
1886
1888
1884
1876
1892
1887
1895
1885
1922
1878
1891
1914
1923
1880
1914
1889
1881
1889
1879
1875
1891
1913
1881
1881
1922
1893
1890
1881
1882
1880
1894
1923
1928
1928
1878
1899
1903
1900
1885
1932
1925
1927
1926
1905
1898
1893
1928
1934
1896
1883
1887
1886
1877
1877
1886
1924
1894
1902
1890
1878
1908
1884
1891
1883
1890
1932
1921
1898
1901
1910
1884
1885
1875
1921
1875
1892
1875
1906
1896
1915
1937
1881
1935
1899
1907
1931
1876
1874
1927
1896
1896
1922
1880
1874
1865
1892
1889
1895
1890
1887
1919
1920
1921
1924
1874
1882
1878
1886
1892
1891
1885
1898
1901
1897
1870
1904
1937
1935
1892
1897
1891
1892
1863
1872
1896
1906
1878
1881
1895
1885
1879
1893
1896
1879
1887
1906
1873
1903
1881
1894
1895
1902
1882
1907
1884
1869
1906
1897
1928
1895
1875
1903
1886
1936
1876
1889
1901
1891
1883
1904
1878
1886
1884
1905
1879
1913
1917
1906
1890
1892
1934
1901
1875
1876
1883
1883
1876
1883
1901
1884
1914
1885
1900
1898
1881
1870
1884
1870
1911
1898
1883
1878
1877
1893
1879
1886
1897
1885
1923
1881
1927
1929
1902
1904
1933
1899
1908
1920
1923
1929
1900
1885
1914
1885
1897
1881
1909
1940
1903
1868
1924
1886
1885
1878
1874
1921
1892
1884
1883
1909
1877
1902
1899
1902
1879
1901
1917
1879
1887
1937
1922
1887
1881
1885
1876
1874
1897
1913
1881
1881
1900
1873
1889
1884
1894
1906
1921
1899
1884
1876
1871
1886
1921
1883
1906
1879
1875
1881
1883
1924
1878
1922
1893
1883
1891
1876
1921
1888
1892
1899
1899
1877
1882
1878
1905
1902
1885
1897
1876
1887
1928
1896
1927
1935
1896
1884
1865
1885
1890
1889
1878
1924
1891
1895
1876
1885
1885
1883
1926
1891
1874
1905
1868
1875
1881
1877
1924
1889
1882
1897
1884
1882
1940
1902
1896
1931
1888
1911
1890
1899
1892
1899
1896
1896
1939
1911
1872
1875
1895
1878
1899
1888
1927
1893
1920
1896
1900
1884
1909
1885
1889
1921
1897
1923
1884
1890
1892
1888
1921
1926
1888
1884
1888
1916
1881
1904
1907
1892
1924
1885
1886
1878
1882
1883
1885
1891
1886
1893
1885
1876
1893
1920
1875
1895
1896
1896
1866
1882
1936
1880
1893
1925
1915
1905
1877
1899
1889
1926
1886
1878
1908
1893
1874
1903
1898
1899
1891
1880
1902
1889
1927
1901
1890
1922
1890
1880
1885
1892
1908
1876
1877
1924
1892
1916
1879
1879
1890
1912
1890
1884
1875
1891
1895
1890
1900
1875
1928
1886
1872
1881
1902
1906
1882
1913
1932
1919
1921
1926
1889
1884
1912
1880
1881
1879
1880
1880
1884
1933
1907
1907
1897
1899
1893
1909
1877
1920
1922
1924
1871
1908
1906
1892
1931
1875
1893
1907
1891
1874
1900
1900
1936
1906
1896
1926
1885
1890
1877
1927
1871
1884
1875
1896
1909
1882
1875
1889
1904
1883
1896
1904
1876
1923
1900
1872
1897
1940
1886
1877
1927
1880
1902
1908
1895
1874
1875
1881
1889
1903
1921
1886
1884
1898
1903
1892
1893
1879
1901
1887
1892
1889
1871
1897
1926
1927
1929
1884
1889
1926
1894
1886
1881
1877
1915
1874
1918
1884
1896
1891
1911
1912
1917
1923
1872
1884
1908
1886
1883
1901
1888
1928
1892
1894
1901
1878
1938
1894
1913
1907
1893
1879
1894
1898
1885
1894
1888
1898
1924
1877
1877
1925
1887
1882
1894
1884
1872
1918
1881
1881
1873
1893
1896
1891
1906
1879
1901
1893
1882
1877
1928
1900
1931
1901
1880
1927
1895
1871
1892
1886
1897
1905
1913
1935
1900
1911
1900
1894
1886
1884
1915
1934
1888
1928
1919
1882
1931
1883
1886
1923
1911
1922
1902
1886
1883
1894
1886
1886
1907
1896
1894
1926
1926
1893
1891
1910
1879
1879
1881
1912
1918
1894
1892
1896
1907
1886
1897
1894
1935
1920
1873
1896
1908
1875
1904
1902
1941
1887
1903
1880
1892
1914
1915
1881
1908
1901
1893
1938
1908
1899
1935
1937
1907
1884
1890
1906
1927
1890
1913
1900
1900
1888
1875
1885
1926
1896
1892
1926
1907
1887
1922
1895
1939
1894
1887
1874
1895
1883
1884
1890
1887
1875
1882
1925
1890
1896
1922
1879
1873
1867
1874
1941
1916
1940
1890
1891
1934
1909
1904
1883
1933
1908
1909
1872
1883
1890
1883
1887
1875
1871
1905
1909
1876
1884
1894
1880
1887
1879
1888
1898
1929
1905
1892
1904
1933
1887
1929
1896
1907
1873
1933
1896
1925
1897
1896
1933
1901
1885
1892
1873
1884
1942
1915
1882
1907
1910
1910
1887
1901
1903
1888
1891
1891
1880
1896
1894
1903
1900
1880
1927
1929
1898
1885
1892
1921
1890
1919
1925
1931
1900
1892
1876
1895
1894
1895
1911
1905
1899
1927
1902
1924
1932
1925
1941
1910
1908
1939
1885
1922
1927
1890
1886
1911
1933
1895
1929
1895
1891
1894
1891
1880
1898
1921
1886
1894
1881
1885
1926
1887
1876
1889
1894
1878
1877
1929
1883
1902
1892
1884
1877
1885
1889
1917
1889
1877
1883
1886
1877
1906
1884
1907
1881
1900
1881
1877
1877
1879
1928
1887
1925
1889
1872
1870
1886
1898
1877
1892
1898
1899
1922
1880
1901
1903
1913
1874
1897
1897
1877
1882
1917
1892
1884
1879
1887
1886
1878
1882
1887
1892
1923
1886
1905
1872
1885
1900
1925
1885
1927
1885
1883
1913
1884
1887
1923
1887
1880
1879
1876
1879
1877
1885
1898
1921
1929
1898
1877
1873
1924
1880
1895
1897
1931
1933
1877
1906
1910
1906
1938
1908
1880
1873
1905
1884
1899
1901
1874
1876
1875
1908
1888
1921
1891
1884
1925
1869
1888
1881
1933
1899
1931
1927
1905
1908
1888
1885
1877
1901
1879
1888
1904
1883
1885
1879
1884
1913
1935
1905
1875
1875
1922
1893
1882
1877
1907
1884
1883
1878
1899
1875
1873
1875
1891
1892
1901
1881
1880
1883
1928
1936
1879
1887
1890
1885
1896
1921
1882
1892
1899
1882
1891
1926
1892
1910
1903
1882
1906
1880
1912
1893
1863
1895
1873
1880
1884
1889
1880
1887
1900
1907
1880
1889
1894
1889
1884
1895
1888
1898
1860
1876
1874
1890
1914
1912
1937
1895
1894
1891
1909
1893
1882
1883
1926
1895
1930
