1859
1913
1933
1928
1934
1934
1907
1883
1925
1925
1937
1937
1851
1907
1890
1890
1938
1925
1931
1866
1853
1821
1821
1863
1863
1851
1830
1866
1866
1883
1894
1894
1827
1824
1824
1850
1886
1886
1886
1886
1886
1886
1900
1900
1850
1883
1883
1883
1883
1850
1859
1859
1874
1874
1906
1907
1918
1918
1918
1918
1918
1918
1883
1883
1883
1883
1937
1899
1926
1922
1922
1888
1888
1888
1924
1888
1896
1896
1903
1856
1848
1880
1806
1835
1835
1890
1890
1863
1863
1873
1873
1873
1919
1880
1880
1880
1915
1877
1877
1874
1877
1846
1903
1874
1907
1878
1874
1871
1837
1864
1892
1892
1892
1823
1849
1824
1842
1878
1837
1839
1879
1874
1901
1901
1901
1921
1849
1889
1927
1796
1796
1889
1896
1896
1896
1921
1927
1927
1853
1805
1805
1854
1801
1801
1836
1836
1879
1879
1879
1854
1879
1865
1865
1865
1937
1845
1896
1896
1896
1896
1896
1861
1888
1851
1914
1914
1923
1900
1900
1900
1900
1900
1900
1900
1864
1830
1847
1850
1875
1877
1831
1868
1829
1851
1859
1892
1892
1892
1907
1880
1919
1924
1884
1904
1932
1932
1904
1906
1906
1919
1919
1895
1874
1828
1910
1904
1901
1901
1901
1901
1868
1869
1825
1864
1824
1879
1877
1840
1868
1888
1866
1890
1890
1936
1898
1898
1898
1898
1890
1890
1890
1924
1888
1836
1869
1915
1915
1915
1915
1915
1915
1852
1852
1837
1906
1906
1924
1892
1923
1923
1895
1873
1845
1875
1899
1899
1899
1899
1847
1893
1863
1939
1895
1895
1895
1895
1932
1921
1863
1863
1901
1901
1901
1929
1929
1929
1860
1860
1860
1899
1860
1860
1935
1935
1935
1909
1900
1812
1810
1891
1891
1925
1925
1925
1826
1826
1893
1893
1893
1827
1817
1875
1904
1911
1906
1852
1827
1857
1871
1871
1856
1907
1938
1912
1806
1889
1928
1848
1931
1896
1896
1896
1896
1809
1851
1862
1862
1817
1817
1866
1818
1897
1907
1907
1907
1855
1855
1855
1938
1938
1938
1855
1868
1886
1883
1883
1905
1883
1883
1905
1876
1836
1876
1876
1857
1857
1919
1919
1884
1884
1884
1867
1923
1857
1925
1884
1922
1854
1854
1884
1884
1894
1923
1923
1923
1857
1925
1925
1925
1894
1922
1922
1922
1882
1912
1879
1879
1879
1879
1874
1861
1856
1856
1883
1883
1883
1883
1937
1883
1890
1890
1890
1890
1885
1885
1910
1910
1910
1910
1858
1858
1927
1860
1865
1894
1900
1900
1927
1929
1843
1850
1854
1854
1910
1910
1910
1938
1930
1895
1895
1895
1930
1878
1912
1912
1907
1854
1860
1873
1897
1934
1934
1930
1930
1901
1930
1911
1832
1861
1861
1861
1829
1895
1895
1895
1912
1895
1912
1912
1912
1912
1912
1863
1863
1858
1866
1879
1877
1877
1877
1818
1817
1832
1857
1857
1829
1906
1930
1859
1859
1863
1863
1863
1906
1906
1906
1925
1925
1898
1898
1846
1854
1854
1841
1841
1879
1879
1899
1899
1864
1864
1835
1835
1897
1897
1845
1877
1839
1833
1854
1895
1895
1895
1895
1925
1925
1927
1931
1927
1862
1931
1866
1887
1887
1887
1850
1820
1879
1879
1934
1870
1870
1870
1819
1839
1839
1931
1931
1903
1903
1903
1903
1903
1912
1912
1912
1912
1912
1880
1880
1909
1798
1849
1905
1905
1905
1901
1901
1889
1889
1855
1867
1867
1868
1922
1844
1813
1876
1876
1876
1894
1894
1894
1894
1856
1856
1856
1858
1896
1896
1892
1892
1892
1892
1856
1856
1896
1846
1816
1932
1867
1913
1913
1913
1913
1897
1897
1897
1897
1916
1858
1886
1911
1922
1890
1854
1897
1897
1897
1897
1885
1858
1909
1909
1885
1853
1861
1936
1936
1929
1900
1900
1900
1937
1857
1829
1869
1896
1901
1901
1901
1826
1865
1865
1907
1907
1907
1907
1937
1937
1937
1869
1904
1840
1935
1909
1909
1909
1831
1874
1838
1831
1817
1864
1864
1817
1825
1859
1800
1839
1867
1883
1877
1877
1852
1862
1890
1885
1885
1885
1848
1841
1881
1857
1833
1856
1884
1905
1870
1870
1870
1870
1889
1889
1902
1902
1892
1892
1928
1930
1885
1928
1930
1895
1896
1896
1896
1804
1836
1876
1841
1869
1876
1876
1876
1817
1908
1816
1860
1873
1873
1873
1873
1873
1920
1862
1889
1889
1899
1889
1849
1888
1874
1874
1866
1886
1904
1871
1838
1900
1886
1845
1914
1916
1916
1916
1847
1921
1929
1924
1927
1889
1836
1851
1883
1876
1913
1884
1884
1884
1917
1894
1922
1922
1922
1897
1863
1937
1897
1897
1897
1897
1897
1821
1863
1935
1935
1908
1930
1899
1930
1860
1860
1828
1831
1905
1931
1931
1931
1900
1898
1853
1893
1893
1893
1893
1885
1932
1932
1932
1932
1899
1899
1889
1922
1891
1844
1882
1807
1881
1881
1881
1881
1822
1854
1904
1901
1901
1810
1932
1932
1858
1858
1858
1858
1814
1898
1861
1903
1903
1903
1903
1927
1802
1802
1855
1883
1883
1883
1883
1883
1887
1919
1876
1907
1907
1907
1879
1908
1910
1900
1820
1864
1824
1831
1901
1921
1892
1885
1812
1894
1861
1885
1867
1831
1896
1896
1896
1898
1892
1854
1854
1892
1892
1892
1927
1857
1863
1826
1831
1871
1834
1849
1849
1885
1885
1885
1885
1812
1928
1928
1841
1849
1849
1930
1930
1812
1904
1900
1900
1896
1870
1931
1926
1853
1853
1853
1900
1900
1900
1900
1900
1819
1859
1859
1906
1825
1824
1857
1892
1892
1892
1892
1934
1934
1862
1862
1934
1835
1835
1875
1875
1893
1893
1893
1893
1855
1855
1907
1907
1907
1889
1889
1889
1905
1905
1905
1922
1866
1931
1931
1931
1911
1857
1838
1838
1878
1929
1879
1836
1896
1896
1900
1900
1900
1812
1890
1890
1890
1825
1853
1815
1887
1887
1887
1928
1859
1935
1868
1918
1918
1918
1913
1891
1918
1893
1926
1926
1926
1926
1926
1926
1925
1853
1853
1926
1928
1928
1928
1928
1926
1928
1928
1928
1881
1881
1881
1881
1896
1896
1856
1896
1896
1905
1871
1825
1909
1909
1909
1909
1909
1846
1846
1909
1854
1884
1911
1859
1883
1937
1850
1911
1911
1898
1930
1933
1927
1862
1895
1862
1828
1828
1908
1908
1855
1840
1908
1908
1905
1889
1832
1866
1866
1811
1857
1857
1893
1893
1886
1886
1816
1866
1862
1870
1856
1895
1895
1828
1833
1852
1879
1879
1879
1861
1849
1855
1879
1870
1870
1870
1870
1870
1894
1861
1821
1926
1926
1862
1926
1896
1896
1896
1896
1894
1894
1894
1894
1903
1845
1870
1829
1904
1891
1891
1862
1862
1900
1840
1846
1820
1845
1837
1864
1900
1900
1900
1890
1890
1890
1890
1854
1857
1854
1890
1829
1877
1877
1877
1877
1931
1912
1849
1835
1922
1885
1885
1885
1885
1885
1875
1875
1863
1898
1898
1898
1898
1829
1861
1877
1932
1847
1847
1927
1924
1875
1887
1908
1908
1862
1839
1828
1890
1890
1866
1887
1887
1887
1890
1823
1842
1885
1885
1885
1885
1885
1880
1880
1880
1900
1913
1913
1912
1912
1852
1815
1840
1846
1846
1800
1886
1846
1828
1925
1925
1851
1851
1891
1934
1934
1934
1934
1890
1876
1876
1809
1871
1900
1927
1900
1872
1889
1889
1830
1828
1848
1900
1859
1869
1905
1905
1857
1847
1846
1872
1858
1906
1906
1868
1872
1857
1922
1924
1830
1864
1898
1898
1898
1898
1869
1869
1869
1869
1898
1893
1900
1901
1876
1876
1873
1837
1898
1856
1866
1865
1867
1924
1924
1895
1895
1895
1923
1923
1868
1868
1868
1921
1926
1838
1838
1894
1894
1894
1894
1894
1892
1932
1891
1891
1891
1891
1921
1863
1866
1866
1896
1865
1833
1868
1834
1895
1874
1840
1922
1922
1922
1839
1839
1839
1897
1897
1897
1897
1926
1926
1927
1825
1886
1886
1886
1859
1913
1913
1874
1843
1907
1907
1907
1866
1820
1900
1842
1897
1848
1848
1848
1881
1921
1897
1893
1893
1838
1868
1901
1932
1930
1932
1932
1902
1902
1930
1930
1932
1930
1892
1892
1820
1935
1838
1838
1853
1905
1905
1881
1881
1881
1881
1821
1930
1820
1853
1891
1847
1847
1924
1925
1922
1935
1894
1893
1894
1863
1929
1842
1893
1886
1886
1925
1886
1886
1886
1860
1890
1886
1925
1898
1885
1885
1885
1843
1897
1917
1897
1856
1924
1915
1869
1869
1890
1890
1845
1869
1896
1896
1896
1905
1840
1842
1871
1871
1817
1847
1915
1915
1915
1847
1875
1906
1875
1905
1875
1875
1875
1905
1844
1818
1851
1880
1831
1904
1858
1921
1879
1921
1890
1890
1890
1890
1890
1855
1855
1855
1848
1929
1885
1869
1921
1921
1873
1873
1873
1843
1849
1914
1914
1868
1868
1890
1931
1931
1854
1916
1916
1838
1912
1912
1912
1912
1869
1874
1913
1913
1913
1913
1910
1910
1910
1910
1910
1884
1884
1851
1851
1890
1911
1920
1923
1923
1904
1897
1897
1900
1909
1803
1854
1929
1929
1929
1895
1895
1895
1939
1939
1939
1869
1813
1903
1903
1903
1903
1903
1892
1897
1931
1931
1921
1892
1892
1892
1892
1925
1861
1890
1890
1890
1890
1924
1826
1893
1893
1893
1843
1853
1876
1838
1914
1793
1875
1875
1875
1875
1892
1892
1851
1898
1898
1898
1898
1837
1865
1897
1874
1938
1865
1858
1933
1835
1884
1929
1908
1891
1891
1891
1891
1891
1929
1929
1861
1861
1917
1892
1875
1841
1881
1907
1860
1863
1880
1899
1832
1909
1909
1926
1894
1833
1847
1881
1904
1904
1904
1867
1875
1905
1905
1905
1905
1872
1872
1861
1893
1918
1918
1918
1918
1896
1857
1920
1864
1864
1882
1891
1891
1891
1891
1867
1867
1920
1920
1897
1897
1867
1874
1874
1897
1897
1897
1901
1913
1836
1836
1915
1918
1882
1921
1882
1882
1881
1881
1886
1886
1886
1886
1887
1887
1887
1887
1820
1893
1918
1889
1880
1931
1892
1892
1892
1923
1892
1845
1853
1893
1916
1859
1904
1904
1921
1905
1905
1905
1905
1854
1856
1882
1919
1919
1919
1919
1883
1919
1898
1898
1883
1883
1842
1854
1824
1824
1869
1854
1841
1841
1817
1824
1854
1827
1854
1827
1896
1896
1896
1814
1834
1866
1869
1866
1901
1860
1890
1890
1890
1904
1892
1892
1892
1892
1861
1930
1870
1870
1824
1872
1897
1893
1893
1924
1840
1880
1880
1917
1917
1917
1856
1918
1905
1895
1856
1856
1856
1832
1895
1895
1895
1895
1895
1895
1840
1885
1885
1885
1885
1925
1863
1895
1895
1895
1925
1925
1925
1925
1826
1827
1857
1882
1911
1911
1911
1911
1911
1911
1901
1911
1911
1877
1914
1865
1895
1838
1921
1921
1895
1920
1920
1896
1896
1896
1925
1925
1896
1865
1896
1891
1830
1848
1909
1909
1909
1909
1909
1870
1895
1895
1895
1856
1865
1851
1896
1822
1870
1927
1831
1850
1880
1880
1880
1806
1815
1915
1915
1915
1915
1911
1913
1861
1874
1874
1828
1828
1919
1864
1875
1908
1903
1864
1917
1854
1833
1892
1885
1885
1885
1885
1885
1903
1859
1861
1885
1859
1864
1830
1819
1865
1839
1831
1900
1900
1900
1870
1826
1831
1871
1831
1857
1857
1857
1892
1892
1926
1858
1896
1896
1896
1896
1896
1902
1902
1902
1902
1853
1853
1853
1847
1876
1863
1885
1885
1874
1819
1838
1855
1884
1884
1915
1899
1899
1899
1899
1847
1818
1932
1932
1899
1837
1899
1899
1899
1865
1939
1896
1896
1896
1896
1896
1896
1896
1865
1927
1819
1866
1877
1893
1901
1901
1862
1914
1888
1845
1928
1866
1901
1812
1812
1884
1827
1899
1865
1834
1853
1862
1896
1896
1924
1912
1912
1848
1896
1896
1928
1848
1838
1900
1878
1878
1878
1878
1898
1851
1866
1836
1898
1898
1898
1898
1939
1829
1872
1873
1834
1872
1931
1901
1842
1843
1874
1929
1903
1903
1903
1873
1906
1873
1906
1905
1905
1903
1903
1830
1830
1842
1844
1873
1843
1882
1902
1902
1841
1841
1882
1882
1882
1882
1870
1868
1926
1895
1929
1902
1902
1902
1878
1896
1913
1913
1912
1901
1877
1841
1935
1935
1912
1839
1929
1929
1903
1903
1906
1811
1879
1847
1900
1870
1863
1863
1898
1895
1870
1870
1913
1913
1913
1913
1851
1905
1884
1904
1904
1904
1904
1928
1870
1841
1898
1841
1888
1889
1889
1889
1889
1877
1866
1886
1860
1885
1885
1885
1885
1861
1902
1930
1936
1871
1906
1847
1903
1903
1903
1880
1888
1880
1880
1839
1853
1891
1891
1891
1899
1922
1919
1835
1819
1816
1860
1849
1831
1849
1852
1855
1802
1848
1867
1838
1809
1849
1798
1851
1851
1867
1867
1838
1873
1882
1882
1940
1853
1826
1826
1816
1816
1830
1847
1904
1866
1932
1836
1829
1833
1898
1898
1898
1789
1899
1874
1874
1861
1898
1898
1898
1866
1860
1908
1904
1834
1874
1879
1834
1870
1831
1873
1869
1865
1857
1888
1837
1869
1869
1869
1856
1862
1840
1885
1885
1885
1885
1893
1893
1893
1893
1848
1893
1920
1920
1923
1923
1888
1850
1839
1881
1881
1881
1836
1866
1866
1875
1822
1937
1937
1933
1935
1902
1902
1902
1931
1880
1812
1817
1806
1846
1908
1908
1908
1874
1870
1846
1807
1836
1909
1909
1909
1909
1876
1879
1935
1935
1935
1911
1845
1901
1885
1885
1885
1853
1853
1921
1921
1921
1912
1912
1912
1892
1892
1892
1892
1861
1861
1861
1893
1893
1893
1893
1926
1897
1867
1861
1829
1925
1867
1836
1885
1924
1885
1885
1885
1924
1912
1850
1912
1850
1849
1886
1922
1922
1884
1884
1881
1818
1897
1897
1886
1886
1886
1886
1886
1923
1923
1871
1852
1854
1939
1938
1938
1910
1910
1890
1890
1890
1890
1925
1925
1925
1853
1853
1862
1862
1898
1898
1898
1920
1909
1904
1901
1901
1818
1851
1851
1854
1848
1809
1809
1892
1892
1892
1817
1817
1863
1872
1853
1865
1896
1896
1855
1866
1890
1874
1874
1826
1828
1904
1865
1896
1896
1930
1930
1833
1904
1904
1904
1904
1904
1865
1908
1866
1891
1891
1817
1851
1851
1837
1838
1927
1866
1908
1857
1913
1913
1887
1887
1887
1839
1879
1909
1909
1916
1916
1882
1842
1916
1916
1891
1891
1891
1835
1928
1818
1923
1857
1892
1938
1863
1863
1857
1861
1851
1899
1899
1899
1899
1899
1859
1883
1906
1906
1906
1906
1899
1859
1899
1899
1899
1874
1900
1900
1900
1900
1865
1870
1907
1863
1863
1828
1898
1898
1871
1871
1871
1871
1871
1935
1935
1847
1895
1895
1895
1926
1926
1890
1890
1906
1906
1826
1878
1878
1878
1847
1903
1928
1866
1887
1892
1864
1903
1903
1906
1852
1852
1888
1888
1917
1917
1859
1859
1891
1885
1879
1848
1885
1895
1882
1895
1895
1829
1889
1886
1909
1929
1929
1929
1899
1871
1836
1837
1900
1900
1875
1900
1836
1842
1849
1830
1842
1853
1853
1845
1828
1828
1828
1862
1879
1879
1879
1879
1879
1879
1924
1924
1924
1826
1863
1826
1834
1856
1851
1788
1788
1885
1838
1840
1843
1827
1857
1857
1876
1876
1842
1892
1890
1839
1844
1842
1869
1791
1853
1881
1836
1836
1836
1866
1876
1882
1830
1910
1910
1862
1862
1862
1862
1862
1862
1862
1862
1862
1862
1862
1895
1895
1895
1895
1895
1922
1926
1829
1926
1829
1829
1896
1896
1899
1836
1836
1836
1836
1863
1863
1863
1863
1893
1893
1903
1903
1903
1903
1927
1927
1883
1906
1882
1849
1858
1924
1924
1924
1924
1894
1894
1888
1888
1856
1856
1856
1921
1888
1888
1888
1888
1888
1815
1815
1854
1894
1894
1894
1894
1894
1865
1813
1865
1851
1857
1854
1903
1903
1903
1903
1903
1857
1928
1809
1889
1889
1889
1889
1855
1839
1839
1846
1922
1870
1847
1876
1813
1810
1868
1868
1868
1882
1909
1919
1886
1886
1886
1850
1887
1823
1823
1845
1862
1897
1889
1922
1861
1920
1845
1882
1882
1882
1874
1874
1874
1874
1874
1882
1882
1882
1882
1888
1888
1915
1919
1845
1919
1895
1895
1862
1897
1852
1852
1852
1909
1909
1904
1904
1876
1876
1876
1876
1882
1882
1937
1915
1873
1907
1880
1825
1872
1880
1910
1910
1880
1877
1826
1877
1877
1826
1905
1905
1862
1862
1896
1896
1823
1823
1795
1825
1837
1801
1928
1928
1923
1861
1861
1924
1897
1897
1832
1832
1897
1925
1897
1928
1856
1932
1934
1892
1892
1806
1804
1842
1812
1897
1828
1914
1843
1843
1871
1881
1871
1881
1881
1871
1881
1881
1881
1885
1847
1847
1917
1887
1876
1873
1873
1835
1835
1885
1885
1885
1894
1924
1924
1894
1875
1875
1927
1927
1827
1827
1874
1826
1853
1863
1859
1859
1859
1859
1859
1859
1859
1855
1901
1882
1882
1882
1882
1901
1901
1886
1886
1886
1886
1858
1859
1895
1895
1895
1895
1895
1895
1895
1852
1824
1818
1818
1818
1855
1889
1889
1889
1858
1924
1920
1920
1920
1920
1920
1885
1885
1885
1880
1886
1880
1880
1880
1880
1880
1853
1863
1855
1900
1857
1890
1890
1827
1827
1827
1853
1894
1930
1860
1832
1856
1844
1937
1937
1860
1903
1885
1885
1885
1893
1860
1919
1919
1894
1847
1883
1883
1868
1897
1882
1882
1882
1882
1882
1920
1920
1850
1849
1897
1897
1884
1811
1811
1810
1895
1895
1911
1881
1891
1881
1881
1888
1888
1928
1828
1906
1829
1930
1865
1908
1908
1908
1934
1875
1934
1834
1850
1871
1871
1851
1877
1913
1913
1913
1909
1909
1832
1874
1859
1910
1846
1846
1882
1882
1876
1849
1912
1838
1844
1874
1874
1835
1837
1897
1897
1878
1899
1841
1883
1875
1860
1841
1873
1879
1884
1827
1821
1821
1833
1866
1849
1876
1819
1868
1894
1903
1903
1860
1913
1917
1923
1877
1877
1877
1877
1882
1922
1855
1855
1824
1866
1855
1824
1887
1865
1930
1894
1894
1894
1930
1834
1935
1935
1860
1896
1896
1896
1860
1874
1874
1900
1900
1865
1894
1819
1825
1889
1889
1889
1880
1880
1922
1855
1855
1921
1853
1884
1861
1878
1820
1901
1901
1901
1859
1859
1890
1890
1890
1846
1869
1843
1871
1862
1919
1837
1927
1922
1906
1906
1911
1892
1892
1864
1888
1888
1888
1888
1888
1888
1888
1888
1860
1850
1914
1914
1888
1882
1884
1888
1884
1888
1857
1882
1911
1927
1899
1902
1902
1902
1856
1885
1856
1838
1913
1882
1882
1880
1880
1924
1897
1897
1897
1897
1887
1854
1860
1868
1873
1902
1904
1883
1904
1904
1867
1903
1871
1867
1867
1877
1879
1910
1908
1844
1936
1936
1873
1908
1891
1850
1823
1864
1864
1860
1868
1868
1896
1891
1891
1891
1859
1862
1891
1896
1896
1896
1850
1867
1898
1878
1925
1822
1883
1883
1913
1913
1822
1883
1911
1905
1858
1879
1879
1850
1850
1850
1890
1890
1890
1890
1811
1909
1892
1861
1825
1812
1863
1879
1914
1868
1875
1801
1861
1834
1851
1818
1818
1847
1837
1863
1883
1883
1875
1875
1850
1832
1896
1880
1799
1832
1832
1841
1841
1807
1819
1836
1839
1840
1853
1872
1836
1859
1850
1850
1840
1868
1868
1837
1864
1853
1839
1872
1872
1850
1814
1899
1830
1877
1904
1838
1836
1875
1804
1807
1824
1872
1838
1912
1849
1836
1881
1855
1841
1822
1876
1855
1855
1838
1870
1870
1870
1870
1897
1860
1902
1890
1841
1855
1886
1917
1848
1914
1914
1914
1914
1914
1876
1870
1838
1863
1874
1841
1866
1829
1829
1843
1846
1846
1906
1866
1832
1833
1841
1879
1879
1903
1859
1827
1803
1889
1911
1825
1881
1853
1837
1857
1885
1860
1820
1865
1846
1896
1806
1861
1828
1835
1882
1882
1887
1887
1892
1860
1860
1859
1896
1918
1887
1851
1837
1875
1904
1839
1868
1840
1863
1828
1828
1908
1863
1814
1845
1842
1847
1814
1853
1795
1865
1865
1858
1891
1891
1828
1873
1830
1840
1830
1854
1870
1862
1859
1840
1872
1888
1848
1900
1859
1884
1853
1884
1912
1901
1863
1823
1897
1897
1862
1829
1870
1870
1818
1875
1820
1842
1855
1873
1845
1828
1896
1858
1870
1844
1884
1884
1845
1840
1864
1864
1880
1876
1845
1817
1838
1838
1870
1866
1846
1876
1904
1834
1840
1863
1840
1840
1840
1840
1859
1857
1869
1890
1850
1895
1841
1841
1904
1904
1836
1836
1863
1898
1830
1829
1894
1836
1848
1858
1886
1911
1893
1893
1842
1854
1863
1886
1848
1841
1842
1807
1892
1892
1891
1864
1858
1840
1827
1874
1840
1807
1869
1868
1865
1834
1865
1869
1869
1906
1835
1867
1843
1877
1820
1870
1836
1863
1814
1826
1856
1864
1914
1850
1880
1877
1917
1887
1839
1873
1843
1885
1877
1910
1851
1812
1812
1812
1844
1869
1906
1874
1860
1818
1818
1814
1814
1882
1838
1820
1854
1827
1910
1910
1861
1881
1912
1849
1857
1824
1851
1869
1863
1861
1843
1828
1857
1843
1801
1865
1854
1866
1854
1882
1852
1852
1852
1854
1854
1853
1838
1832
1865
1865
1853
1859
1882
1903
1892
1867
1851
1928
1923
1866
1870
1824
1832
1846
1860
1860
1892
1835
1879
1879
1840
1857
1830
1909
1862
1864
1812
1839
1878
1881
1840
1846
1816
1853
1858
1877
1890
1901
1824
1852
1853
1819
1846
1853
1843
1886
1886
1834
1868
1907
1858
1862
1891
1836
1866
1858
1858
1865
1867
1932
1838
1838
1852
1852
1878
1844
1879
1878
1826
1859
1860
1848
1870
1904
1866
1866
1823
1876
1875
1906
1878
1808
1853
1881
1912
1912
1810
1842
1886
1913
1913
1881
1919
1883
1883
1850
1857
1885
1843
1835
1835
1843
1876
1834
1828
1873
1857
1842
1842
1842
1840
1816
1859
1859
1859
1887
1887
1895
1871
1875
1899
1899
1822
1875
1835
1821
1856
1875
1835
1851
1851
1868
1878
1882
1864
1816
1867
1818
1820
1830
1830
1855
1818
1858
1862
1848
1897
1862
1862
1827
1827
1866
1827
1900
1840
1843
1919
1919
1922
1922
1878
1854
1844
1868
1808
1853
1845
1883
1827
1845
1836
1899
1858
1816
1827
1816
1846
1884
1871
1871
1861
1861
1842
1878
1878
1870
1851
1851
1853
1856
1849
1857
1885
1828
1877
1837
1821
1825
1874
1840
1842
1798
1881
1836
1843
1862
1863
1886
1842
1828
1923
1923
1809
1896
1911
1911
1939
1898
1903
1831
1870
1870
1891
1898
1849
1848
1823
1863
1863
1825
1873
1879
1879
1819
1829
1839
1887
1878
1867
1912
1888
1863
1867
1888
1935
1873
1873
1880
1880
1844
1825
1870
1823
1823
1830
1879
1850
1863
1844
1884
1823
1864
1824
1818
1840
1863
1880
1847
1918
1840
1840
1896
1850
1850
1913
1913
1913
1856
1901
1815
1896
1826
1892
1892
1864
1887
1854
1875
1878
1866
1893
1830
1829
1893
1859
1860
