1876
1875
1874
1908
1872
1900
1893
1902
1901
1865
1930
1895
1893
1876
1894
1894
1874
1881
1900
1875
1880
1885
1901
1879
1882
1880
1923
1915
1888
1907
1919
1899
1939
1929
1890
1879
1888
1898
1887
1879
1886
1870
1897
1883
1886
1921
1893
1914
1941
1891
1905
1895
1900
1906
1926
1891
1900
1866
1881
1910
1886
1889
1901
1931
1876
1897
1880
1916
1900
1866
1918
1907
1886
1906
1879
1908
1891
1928
1871
1897
1887
1874
1893
1935
1895
1898
1887
1876
1883
1920
1907
1888
1898
1909
1900
1879
1893
1870
1890
1895
1877
1924
1920
1908
1894
1889
1918
1898
1883
1891
1880
1893
1929
1900
1870
1942
1880
