1895
1895
1926
1926
1923
1923
1930
1930
1922
1922
1903
1903
1910
1910
1915
1915
1943
1943
1919
1919
1909
1909
1920
1920
1909
1909
1916
1916
1907
1907
1936
1936
1907
1907
1916
1916
1929
1929
1920
1920
1918
1918
1896
1896
1929
1929
1893
1893
1897
1897
1897
1897
1929
1929
1903
1903
1926
1926
1912
1912
1914
1914
1879
1879
1899
1899
1929
1929
1902
1902
1937
1937
1910
1910
1933
1933
1914
1914
1884
1884
1912
1912
1925
1925
1914
1914
1944
1944
1935
1935
1912
1912
1912
1912
1912
1912
1925
1925
1904
1904
1932
1932
1908
1908
1915
1915
1919
1919
1917
1917
1933
1933
1926
1926
1882
1882
1919
1919
1883
1883
1898
1898
1915
1915
1931
1931
1904
1904
1938
1938
1884
1884
1914
1914
1900
1900
1911
1911
1909
1909
1884
1884
1923
1923
1910
1910
1910
1910
1887
1887
1934
1934
1911
1911
1937
1937
1907
1907
1908
1908
