1906
1915
1918
1919
1914
1908
1918
1920
1911
1921
1911
1915
1911
1912
1915
1910
1906
1910
1911
1919
1920
1917
1910
1908
1921
1913
1917
1919
1915
1913
1907
1911
1916
1915
1911
1920
1911
1914
1913
1921
1914
1915
1914
1915
1915
1917
1917
1912
1919
1915
1920
1921
1921
1911
1919
1919
1916
1908
1920
1921
1907
1922
1918
1921
1921
1907
1923
1921
1918
1911
1917
1919
1908
1910
1918
1909
1921
1907
1905
1913
1914
1918
1918
1911
1912
1912
1916
1905
1906
1912
1916
1922
1910
1921
1906
1916
1908
1912
1914
1912
1915
1914
1909
1920
1921
1913
1916
1910
1907
1914
1915
1909
1913
1910
1911
1911
1913
1921
1912
1919
1911
1921
1904
1909
1920
1914
1906
1912
1919
1912
1919
1905
1918
1918
1912
1911
1909
1912
1909
1912
1918
1911
1912
1905
1922
1913
1917
1912
1911
1909
1918
1915
1917
1918
1919
1904
1920
1919
1904
1913
1919
1912
1919
1922
1921
1917
1918
1912
1913
1915
1913
1918
1911
1921
1920
1906
1915
1913
1914
1913
1912
1921
1912
1911
1917
1919
1905
1919
1916
1911
1914
1914
1921
1914
1912
1920
1919
1920
1915
1920
