1917
1919
1889
1871
1906
1886
1882
1883
1934
1906
1906
1904
1927
1875
1866
1906
1878
1925
1884
1913
1907
1894
1922
1898
1924
1892
1891
1886
1887
1926
1908
1894
1901
1898
1889
1916
1871
1912
1890
1911
1934
1923
1935
1907
1886
1913
1915
1905
1939
1907
1913
1927
1921
1913
1882
1883
1914
1913
1868
1868
1927
1898
1894
1922
1883
1910
1912
1892
1918
1918
1887
1887
1915
1877
1915
1888
1937
1911
1938
1911
1897
1926
1885
1923
1905
1934
1940
1928
1900
1900
1926
1899
1940
1895
1936
1905
1873
1920
1885
1928
1885
1912
1892
1930
1925
1896
1928
1904
1860
1903
1925
1891
1894
1910
1905
1937
1927
1899
1904
1922
1910
1882
1884
1916
