1930
1930
1910
1910
1932
1932
1905
1905
1897
1897
1931
1931
1917
1917
1943
1943
1912
1912
1914
1914
1921
1921
1875
1875
1905
1905
1906
1906
1911
1911
1918
1918
1920
1920
1910
1910
1910
1910
1925
1925
1916
1916
1923
1923
1910
1910
1905
1905
1909
1909
1910
1910
1902
1902
1930
1930
1903
1903
1924
1924
1916
1916
1912
1912
1944
1944
1900
1900
1893
1893
1898
1898
1894
1894
1922
1922
1920
1920
1924
1924
1887
1887
1907
1907
1910
1910
1927
1927
1929
1929
1913
1913
1909
1909
1913
1913
1911
1911
1904
1904
1927
1927
1898
1898
1931
1931
1903
1903
1926
1926
1899
1899
1936
1936
1920
1920
1921
1921
1904
1904
1906
1906
1938
1938
1882
1882
1875
1875
1929
1929
1906
1906
1879
1879
1880
1880
1909
1909
1909
1909
1931
1931
1900
1900
1914
1914
1904
1904
1912
1912
1918
1918
1885
1885
1902
1902
1938
1938
1914
1914
1910
1910
1907
1907
1934
1934
1935
1935
1938
1938
1920
1920
1932
1932
1926
1926
1929
1929
1897
1897
1927
1927
1918
1918
1915
1915
1927
1927
1926
1926
1891
1891
1923
1923
1897
1897
1905
1905
1908
1908
1911
1911
1912
1912
1915
1915
1925
1925
1900
1900
1915
1915
