1891
1891
1912
1912
1872
1872
1881
1881
1923
1923
1920
1920
1891
1891
1915
1915
1921
1921
1929
1929
1927
1927
1921
1921
1894
1894
1913
1913
1925
1925
1886
1886
1942
1942
1939
1939
1887
1887
1908
1908
1906
1906
1938
1938
1905
1905
1913
1913
1935
1935
1909
1909
1938
1938
1907
1907
1926
1926
1897
1897
1924
1924
1884
1884
1888
1888
1922
1922
1902
1902
1901
1901
1861
1861
1907
1907
1897
1897
1927
1927
1901
1901
1902
1902
1935
1935
1933
1933
1932
1932
1900
1900
1900
1900
1884
1884
1913
1913
1885
1885
1867
1867
1919
1919
1930
1930
1905
1905
1900
1900
1923
1923
1891
1891
1894
1894
1883
1883
1908
1908
1919
1919
1938
1938
1915
1915
1931
1931
1933
1933
1920
1920
1917
1917
1928
1928
1884
1884
1917
1917
1922
1922
1910
1910
1913
1913
1908
1908
1902
1902
1901
1901
1914
1914
1938
1938
1929
1929
1933
1933
1920
1920
1891
1891
1879
1879
1881
1881
1879
1879
1885
1885
1885
1885
1910
1910
1937
1937
1905
1905
1909
1909
1938
1938
1908
1908
1899
1899
1925
1925
1922
1922
1907
1907
1930
1930
1920
1920
1884
1884
1923
1923
1914
1914
1890
1890
1925
1925
1923
1923
1900
1900
1923
1923
1920
1920
1921
1921
1931
1931
1896
1896
1928
1928
1912
1912
1920
1920
1920
1920
1917
1917
1916
1916
1880
1880
1922
1922
1910
1910
1908
1908
1936
1936
1881
1881
1925
1925
1927
1927
1937
1937
1910
1910
1889
1889
1923
1923
1890
1890
1924
1924
1896
1896
1866
1866
1884
1884
1932
1932
1936
1936
1926
1926
1897
1897
1938
1938
1915
1915
1909
1909
1928
1928
1876
1876
1905
1905
1897
1897
1912
1912
1912
1912
1920
1920
1903
1903
1879
1879
1882
1882
1915
1915
1912
1912
1915
1915
1900
1900
1900
1900
1880
1880
1879
1879
1918
1918
1924
1924
1931
1931
1895
1895
1897
1897
1920
1920
1929
1929
1896
1896
1931
1931
1938
1938
1909
1909
1906
1906
1919
1919
1941
1941
1943
1943
1914
1914
1903
1903
