1923
1910
1913
1898
1912
1908
1903
1930
1928
1925
1933
1882
1897
1919
1915
1917
1910
1926
1933
1911
1893
1908
1908
1886
1888
1935
1910
1896
1906
1893
1908
1937
1919
1929
1923
1895
1933
1930
1903
1936
1904
1935
1904
1910
1938
1931
1913
1940
1934
1935
1891
1917
1930
1885
1916
1879
1942
1916
1917
1904
1900
1928
1931
1911
1928
1924
1923
1886
1910
1922
1869
1905
1911
1879
1909
1940
1942
1890
1911
1926
1911
1940
1913
1921
1912
1906
1902
1909
1906
1936
1907
1901
1906
1934
1902
1913
1900
1928
1930
1894
1928
1911
1921
1882
1873
1912
1919
1923
1924
1903
1937
1910
1940
1911
1894
1918
1925
1914
1912
1940
1914
1911
1932
1937
1921
1925
1933
1927
1923
1898
1868
1929
1935
1900
1913
1913
1930
1928
1905
1927
1896
1932
1910
1915
1939
1876
1935
1919
1896
1896
1921
1922
1902
1898
1879
1885
1930
1911
1889
1931
1905
1937
1907
1917
1913
1918
1890
1922
1904
1888
1914
1923
1935
1932
1907
1906
1928
1904
1897
1937
1907
1921
1904
1872
1894
1921
1905
1916
1909
1939
1914
1921
1876
1924
1923
1926
1928
1897
1895
1930
1936
1901
1904
1932
1895
1927
1924
1923
1930
1895
1895
1904
1898
1891
1927
1893
1860
1921
1890
1892
1886
1902
1890
1930
1930
1939
1910
1928
1895
1926
1899
1906
1930
1929
1913
1943
1880
1907
1909
1885
1926
1918
1884
1936
1909
1923
1888
1901
1894
1911
1927
1915
1910
1925
1922
1887
1922
1914
1884
1906
1901
1911
1936
1911
1908
1920
1881
1902
1936
1933
1934
1922
1935
1938
1917
1919
1893
1891
1922
1925
1929
1899
1904
1933
1883
1910
1922
1884
1879
1887
1923
1906
1911
1903
1903
1922
1898
1927
1925
1899
1919
1912
1915
1923
1932
1913
1884
1866
1934
1885
1927
1890
1914
1927
1920
1930
1890
1909
1934
1928
1903
1914
1930
1867
1940
1925
1893
1908
1907
1916
1938
1914
1893
1891
1925
1939
1917
1883
1912
1879
1934
1902
1938
1936
1908
1907
1925
1876
1898
1927
1908
1933
1922
1887
1915
1912
1941
1881
1920
1924
1917
1870
1908
1905
1933
1903
1907
1885
1926
1915
1887
1925
1921
1887
1923
1915
1913
1904
1917
1914
1907
1896
1922
1926
1922
1882
1926
1923
1937
1905
1926
1924
1929
1904
1930
1907
1933
1931
1906
1905
1930
1925
1928
1906
1923
1898
1886
1928
1926
1929
1889
1929
1922
1889
1920
1917
1914
1918
1920
1885
1899
1930
1936
1888
1914
1920
1892
1910
1890
1862
1922
1908
1885
1909
1906
1878
1907
1920
1912
1898
1922
1925
1933
1907
1937
1931
1908
1912
1937
1871
1939
1907
1910
1937
1909
1912
1876
1914
1917
1924
1918
1902
1943
1931
1909
1902
1937
1933
1922
1887
1873
1915
1889
1892
1918
1910
1940
1932
1909
1894
1931
1935
1904
1901
1885
1875
1903
1938
1905
1903
1935
1888
1920
1929
1900
1927
1902
1933
1906
1917
1923
1928
1897
1924
1910
1907
1910
1940
1917
1875
1898
1929
1900
1907
1928
1932
1880
1937
1929
1937
1905
1910
1931
1925
1922
1893
1928
1928
1915
1940
1937
1915
1888
1909
1923
1942
1942
1926
1894
1896
1929
1929
1889
1927
1926
1905
1908
1910
1925
1894
1926
1931
1894
1907
1926
1893
1922
1932
1909
1907
1882
1913
1882
1909
1910
1872
1875
1919
1916
1920
1922
1895
1930
1929
1926
1927
1912
1914
1907
1928
1932
1935
1874
1940
1873
1905
1908
1939
1910
1902
1939
1909
1919
1921
1902
1910
1884
1879
1905
1899
1916
1888
1911
1937
1909
1898
1929
1933
1905
1900
1931
1927
1934
1925
1902
1938
1897
1931
1906
1923
1909
1906
1934
1895
1923
1926
1898
1895
1883
1915
1936
1907
1908
1927
1911
1940
1893
1929
1925
1877
1882
1919
1901
1927
1926
1911
1910
1928
1897
1908
1935
1916
1911
1925
1907
1899
1896
1939
1903
1924
1928
1921
1925
1927
1923
1917
1914
1882
1930
1905
1912
1898
1917
1914
1888
1888
1916
1921
1900
1880
1877
1912
1902
1883
1919
1893
1893
1900
1912
1921
1892
1923
1907
1933
1924
1889
1935
1909
1876
1937
1903
1938
1905
1925
1930
1902
