1874
1880
1880
1894
1919
1919
1886
1886
1903
1923
1923
1904
1904
1930
1933
1936
1902
1902
1890
1928
1928
1922
1925
1908
1900
1890
1890
1900
1892
1928
1899
1925
1901
1901
1889
1889
1891
1891
1891
1891
1929
1929
1931
1931
1923
1923
1929
1929
1889
1889
1892
1892
1903
1903
1939
1909
1883
1883
1919
1921
1924
1924
1893
1893
1899
1899
1894
1922
1912
1937
1906
1876
1868
1887
1927
1893
1919
1875
1906
1911
1940
1919
1919
1941
1941
1915
1915
1912
1912
1916
1914
1890
1902
1924
1914
1912
1926
1914
1923
1920
1932
1890
1918
1890
1924
1884
1884
1925
1925
1921
1895
1894
1936
1936
1910
1910
1915
1915
1910
1913
1911
1903
1893
1927
1912
1912
1911
1911
1937
1937
1937
1939
1939
1913
1875
1913
1915
1913
1909
1898
1932
1904
1919
1923
1912
1886
1887
1908
1906
1893
1910
1901
1930
1896
1896
1885
1885
1927
1912
1881
1881
1894
1894
1880
1901
1928
1896
1935
1903
1880
1904
1880
1903
1903
1910
1919
1920
1909
1907
1914
1932
1908
1929
1873
1910
1898
1928
1930
1913
1898
1913
1912
1909
1926
1929
1932
1923
1902
1904
1938
1923
1888
1921
1916
1916
1916
1942
1894
1885
1925
1874
1910
1910
1904
1904
1924
1920
1887
1940
1938
1914
1914
1878
1878
1909
1909
1906
1906
1899
1939
1914
1922
1881
1926
1918
1881
1914
1939
1929
1929
1920
1887
1935
1909
1909
1908
1914
1885
1922
1932
1927
1915
1922
1893
1904
1939
1939
1939
1927
1930
1923
1916
1923
1910
1909
1909
1909
1908
1916
1910
1889
1881
1905
1921
1883
1883
1917
1927
1912
1939
1912
1910
1914
1940
1911
1911
1940
1895
1931
1931
1923
1917
1924
1924
1919
1926
1926
1939
1939
1922
1922
1907
1934
1938
1908
1872
1926
1896
1894
1908
1897
1917
1903
1872
1880
1913
1916
1902
1909
1907
1907
1932
1939
1919
1893
1919
1878
1912
1893
1927
1898
1908
1908
1878
1921
1881
1910
1904
1929
1924
1917
1890
1912
1923
1871
1930
1937
1903
1906
1897
1897
1897
1910
1906
1927
1923
1888
1927
1890
1921
1908
1908
1897
1925
1884
1884
1929
1906
1897
1913
1927
1921
1885
1923
1874
1874
1919
1887
1883
1909
1912
1912
1912
1884
1874
1936
1905
1910
1915
1915
1927
1895
1909
1909
1911
1911
1907
1875
1939
1908
1908
1933
1904
1931
1905
1921
1908
1932
1907
1905
1932
1902
1904
1904
1902
1899
1923
1923
1896
1886
1920
1920
1912
1912
1920
1924
1927
1932
1907
1879
1910
1937
1877
1908
1908
1898
1908
1898
1898
1898
1928
1925
1932
1922
1898
1898
1928
1925
1932
1922
1898
1898
1928
1912
1912
1890
1897
1897
1926
1926
1890
1890
1920
1920
1912
1939
1905
1931
1906
1875
1875
1886
1886
1908
1908
1912
1936
1906
1931
1937
1906
1917
1917
1923
1923
1917
1904
1893
1917
1917
1880
1880
1887
1882
1891
1901
1891
1941
1897
1941
1894
1924
1892
1894
1926
1928
1906
1929
1923
1889
1929
1895
1878
1938
1902
1902
1902
1902
1902
1935
1935
1937
1937
1895
1925
1899
1906
1906
1910
1889
1893
1881
1894
1927
1906
1873
1879
1911
1941
1941
1912
1868
1898
1909
1929
1925
1892
1888
1919
1931
1912
1912
1888
1895
1926
1935
1922
1924
1895
1931
1929
1934
1907
1939
1881
1881
1878
1878
1914
1914
1890
1878
1884
1940
1898
1884
1918
1921
1914
1907
1920
1918
1880
1912
1909
1879
1905
1894
1894
