1900
1900
1901
1901
1892
1892
1931
1931
1919
1919
1896
1896
1933
1933
1897
1897
1905
1905
1925
1925
1926
1926
1934
1934
1927
1927
1931
1931
1929
1929
1927
1927
1894
1894
1904
1904
1926
1926
1924
1924
1895
1895
1920
1920
1921
1921
1895
1895
1900
1900
1891
1891
1928
1928
1928
1928
1884
1884
1932
1919
1932
1919
1900
1900
1902
1902
1931
1931
1929
1929
1934
1934
1898
1898
1902
1902
1931
1931
1891
1891
1888
1888
1888
1888
1928
1928
1904
1904
1908
1908
1873
1873
1903
1903
1910
1910
1909
1909
1937
1937
1912
1912
1878
1878
1893
1893
1930
1930
1888
1888
1924
1924
1901
1901
1930
1930
1902
1902
1908
1908
1908
1908
1938
1938
1877
1877
1880
1880
1913
1913
1911
1911
1900
1900
1900
1900
1920
1920
1918
1918
1935
1935
1908
1908
1910
1910
1891
1891
1881
1881
1876
1876
1897
1897
1925
1925
1899
1899
1931
1931
1886
1886
1903
1860
1899
1899
1860
1903
1914
1914
1923
1923
1925
1925
1895
1895
1930
1930
1900
1900
1904
1904
1904
1904
1929
1929
1931
1931
1912
1912
1911
1911
1921
1921
1885
1885
1882
1882
1934
1934
1903
1903
1876
1876
1917
1917
1914
1914
1871
1871
1913
1913
1901
1901
1878
1878
1934
1934
1905
1905
1932
1932
1901
1901
1930
1930
1918
1918
1920
1920
1882
1882
1886
1886
1916
1916
1908
1908
1886
1886
1922
1922
1896
1896
1918
1918
1894
1894
1930
1930
1920
1920
1888
1888
1895
1895
1897
1897
1900
1900
1899
1899
1928
1928
1930
1930
1901
1901
1876
1876
1878
1878
1906
1906
1873
1873
1918
1918
1900
1900
1907
1907
1897
1897
1913
1913
1887
1887
1913
1913
1911
1911
1901
1901
1936
1936
1917
1917
1915
1915
1903
1903
1880
1880
1908
1908
1882
1882
1941
1941
1904
1904
1934
1934
1911
1911
1909
1909
1936
1936
1919
1919
1884
1884
1890
1890
1933
1933
1919
1919
1884
1884
1917
1917
1940
1940
1909
1909
1908
1908
1932
1932
1939
1939
1933
1933
1891
1891
1936
1936
1910
1910
1915
1915
1905
1905
1913
1913
1883
1883
1891
1891
1897
1897
1903
1903
1918
1918
1934
1934
1927
1927
1902
1902
1931
1931
1925
1925
1901
1901
1925
1925
1889
1889
1926
1926
1926
1926
1924
1924
1929
1929
1902
1902
1907
1907
1914
1914
1888
1888
1882
1882
1920
1920
1889
1889
1889
1889
1882
1882
1878
1878
1880
1880
1925
1925
1895
1895
1883
1883
1909
1909
1909
1909
1903
1903
1930
1930
1920
1920
1880
1880
1888
1888
1924
1924
1923
1923
1928
1928
1925
1925
1890
1890
1895
1895
1893
1893
1931
1931
1930
1930
1936
1936
1931
1931
1893
1893
1889
1889
1918
1918
1888
1888
1907
1874
1907
1874
1885
1885
1921
1921
1888
1888
1924
1924
1880
1880
1910
1910
1890
1890
1878
1878
1893
1893
1897
1897
1907
1907
1887
1887
1883
1883
