1897
1897
1911
1911
1869
1869
1931
1931
1896
1896
1925
1925
1927
1927
1932
1932
1911
1911
1914
1914
1912
1912
1924
1924
1892
1892
1893
1893
1900
1900
1900
1900
1931
1931
1936
1936
1929
1929
1912
1912
1900
1900
1902
1902
1931
1931
1931
1931
1920
1920
1918
1918
1938
1938
1931
1931
1907
1907
1900
1900
1925
1925
1919
1919
1887
1887
1923
1923
1928
1928
1898
1898
1891
1891
1915
1915
1896
1896
1923
1923
1908
1908
1912
1912
1924
1924
1923
1923
1906
1906
1917
1917
1915
1915
1890
1890
1921
1921
1914
1914
