1926
1889
1932
1927
1929
1907
1910
1907
1910
1938
1931
1904
1940
1899
1866
1910
1883
1883
1911
1911
1938
1938
1882
1882
1920
1920
1892
1915
1911
1925
1881
1923
1901
1908
1908
1937
1937
1906
1906
1887
1907
1905
1934
1871
1871
1873
1873
1907
1907
1878
1895
1902
1902
1906
1906
1934
1934
1933
1933
1937
1937
1939
1939
1918
1930
1916
1888
1926
1921
1899
1934
1932
1894
1921
1925
1927
1929
1923
1938
1884
1923
1892
1901
1930
1937
1908
1865
1898
1891
1891
1927
1927
1925
1925
1893
1893
1866
1907
1872
1906
1935
1931
1928
1906
1931
1940
1908
1895
1920
1918
1889
1917
1867
1926
1937
1909
1911
