1866
1900
1879
1870
1922
1895
1926
1929
1898
1862
1920
1923
1923
1869
1916
1872
1890
1911
1903
1862
1889
1900
1890
1909
1878
1878
1937
1885
1918
1881
1915
1872
1878
1892
1871
1941
1937
1888
1893
1890
1877
1871
1938
1907
1907
1934
1895
1896
1885
1917
1906
1875
1890
1939
1882
1867
1907
1933
1883
1908
1931
1936
1868
1941
1902
1930
1934
1892
1879
1916
1867
1886
1892
1892
1864
1898
1886
1869
1890
1901
1912
1879
1874
1888
1875
1880
1887
1858
1928
1885
1926
1920
1877
1921
1937
1856
1867
1894
1903
1899
1888
1898
1898
1893
1893
1893
1883
1883
1917
1883
1906
1941
1859
1859
1888
1928
1922
1903
1884
1940
1907
1936
1939
1874
1911
1876
1891
1884
1902
1877
1881
1879
1866
1891
1935
1870
1930
1897
1901
1902
1898
1892
1892
1881
1881
1896
1919
1919
1920
1920
1874
1882
1907
1894
1890
1871
1908
1915
1881
1899
1876
1896
1879
1935
1867
1872
1891
1894
1894
1884
1919
1906
1909
1937
1932
1907
1904
1941
1896
1893
1926
1893
1923
1927
1924
1892
1894
1896
1929
1905
1884
1901
1891
1898
1880
1880
1879
1901
1883
1885
1872
1881
1886
1882
1875
1875
1930
1859
1868
1901
1932
1898
1882
1922
1887
1941
1941
1913
1917
1933
1927
1887
1905
1938
1906
1891
1860
1871
1866
1871
1865
1876
1880
1875
1893
1886
1912
1882
1882
1932
1871
1874
1934
1859
1868
1898
1873
1870
1885
1884
1924
1894
1912
1908
1886
1879
1879
1906
1878
1883
1934
1906
1920
1918
1888
1886
1900
1893
1893
1923
1887
1928
1902
1890
1896
1896
1873
1850
1877
1882
1876
1876
1890
1877
1895
1884
1889
1920
1880
1899
1939
1905
1938
1900
1939
1909
1936
1898
1931
1931
1881
1874
1878
1927
1938
1913
1894
1918
1941
1870
1878
1908
1908
1909
1880
1880
1876
1882
1876
1883
1879
1888
1884
1890
1907
1876
1871
1875
1901
1898
1927
1901
1884
1893
1917
1912
1933
1877
1876
1877
1882
1882
1884
1873
1887
1885
1874
1904
1907
1888
1873
1890
1882
1882
1879
1880
1880
1897
1889
1910
1897
1886
1886
1886
1910
1866
1863
1855
1935
1904
1909
1887
1892
1898
1870
1905
1875
1926
1899
1881
1908
1894
1890
1869
1861
1892
1896
1896
1915
1904
1876
1870
1904
1930
1916
1914
1940
1940
1916
1916
1914
1877
1915
1911
1922
1891
1892
1892
1898
1877
1925
1925
1893
1897
1891
1876
1923
1877
1880
1880
1879
1885
1890
1897
1895
1882
1895
1873
1883
1909
1879
1885
1879
1901
1881
1894
1925
1907
1926
1888
1929
1885
1862
1888
1876
1875
1869
1902
1909
1885
1895
1890
1900
1889
1924
1866
1879
1923
1877
1928
1894
1891
1864
1901
1901
1896
1896
1899
1899
1922
1888
1888
1900
1883
1883
1927
1926
1928
1882
1931
1931
1882
1886
1876
1878
1897
1899
1883
1899
1879
1877
1892
1871
1936
1926
1885
1928
1900
1885
1908
1881
1930
1934
1902
1898
1925
1922
1903
1881
1911
1887
1879
1884
1927
1905
1890
1858
1896
1898
1888
1888
1874
1892
1923
1926
1890
1897
1925
1927
1887
1904
1876
1889
1886
1896
1882
1904
1882
1892
1907
1923
1921
1891
1896
1861
1884
1885
1894
1878
1928
1888
1878
1877
1922
1924
1900
1875
1905
1874
1880
1914
1880
1916
1920
1939
1939
1911
1891
1893
1900
1898
1914
1880
1887
1915
1883
1881
1922
1920
1890
1879
1888
1883
1874
1877
1877
1879
1896
1896
1867
1884
1892
1854
1871
1872
1891
1867
1895
1922
1865
1877
1924
1925
1910
1926
1909
1881
1889
1940
1878
1870
1905
1862
1876
1869
1876
1880
1892
1876
1882
1906
1930
1873
1904
1882
1895
1907
1931
1856
1910
1883
1936
1909
1920
1882
1884
1928
1886
1920
1942
1880
1897
1890
1881
1901
1918
1875
1908
1903
1905
1877
1898
1904
1905
1862
1863
1919
1925
1868
1885
1877
1901
1908
1904
1883
1885
1868
1898
1933
1892
1936
1877
1915
1892
1922
1879
1880
1881
1897
1931
1903
1937
1940
1936
1899
1908
1934
1910
1898
1915
1871
1906
1919
1913
1876
1935
1911
1935
1876
1877
1901
1868
1892
1857
1871
1912
1922
1913
1879
1893
1895
1924
1892
1929
1897
1862
1910
1894
1877
1910
1894
1894
1896
1863
1896
1896
1870
1897
1909
1883
1874
1885
1938
1906
1928
1900
1885
1879
1869
1907
1883
1927
1887
1897
1943
1913
1916
1894
1887
1892
1880
1878
1890
1902
1931
1927
1861
1875
1900
1940
1885
1872
1907
1861
1873
1882
1882
1882
1896
1900
1862
1875
1888
1884
1878
1882
1869
1877
1878
1874
1889
1874
1910
1874
1921
1925
1924
1894
1921
1883
1894
1897
1899
1885
1901
1896
1896
1887
1922
1880
1925
1918
1889
1888
1867
1875
1893
1885
1876
1872
1874
1880
1882
1896
1873
1885
1893
1879
1882
1863
1916
1917
1862
1879
1902
1868
1879
1894
1883
1871
1886
1883
1924
1889
1899
1887
1865
1892
1903
1894
1903
1875
1916
1908
1891
1896
1927
1886
1886
1883
1900
1904
1877
1874
1859
1899
1874
1886
1890
1870
1880
1936
1906
1902
1879
1924
1878
1871
1897
1893
1891
1863
1866
1866
1905
1896
1893
1909
1942
1905
1934
1898
1912
1894
1888
1872
1892
1925
1863
1898
1938
1912
1925
1894
1887
1925
1877
1895
1896
1890
1882
1909
1878
1869
1906
1904
1902
1875
1883
1874
1887
1867
1907
1907
1875
1900
1925
1891
1879
1902
1886
1892
1901
1881
1888
1886
1909
1910
1885
1901
1869
1892
1927
1875
1877
1879
1908
1887
1893
1885
1879
1936
1906
1942
1903
1882
1899
1873
1891
1883
1890
1898
1888
1929
1898
1924
1877
1931
1878
1878
1881
1887
1881
1892
1937
1896
1893
1884
1873
1877
1877
1877
1877
1908
1933
1899
1907
1876
1874
1907
1930
1895
1908
1906
1896
1896
1899
1868
1871
1893
1876
1880
1877
1887
1862
1859
1862
1930
1890
1933
1917
1936
1898
1916
1910
1910
1924
1898
1939
1910
1936
1912
1877
1893
1929
1882
1907
1933
1884
1883
1874
1900
1877
1919
1888
1884
1889
1936
1922
1878
1866
1890
1913
1913
1919
1888
1892
1920
1888
1885
1894
1864
1896
1890
1869
1917
1883
1883
1922
1883
1915
1868
1905
1873
1901
1907
1893
1883
1865
1895
1886
1920
1926
1887
1891
1873
1906
1885
1876
1908
1888
1894
1892
1883
1883
1896
1896
1889
1903
1908
1887
1888
1910
1916
1933
1864
1876
1863
1897
1900
1872
1905
1892
1901
1869
1923
1927
1921
1923
1872
1906
1926
1890
1892
1930
1927
1884
1885
1890
1882
1876
1870
1861
1880
1868
1870
1887
1889
1855
1894
1871
1895
1873
1870
1873
1877
1908
1869
1908
1905
1874
1861
1893
1891
1907
1885
1878
1912
1894
1896
1877
1872
1891
1892
1927
1872
1940
1881
1868
1896
1896
1876
1902
1876
1882
1886
1894
1897
1883
1880
1863
1935
1856
1875
1872
1910
1883
1926
1906
1896
1896
1896
1873
1881
1886
1909
1886
1867
1913
1854
1896
1884
1870
1868
1867
1897
1864
1881
1855
1881
1881
1868
1904
1916
1877
1886
1889
1908
1885
1882
1882
1895
1905
1875
1874
1880
1937
1882
1875
1917
1877
1879
1881
1897
1883
1884
1904
1882
1874
1908
1892
1890
1924
1870
1860
1907
1874
1871
1873
1881
1880
1880
1887
1895
1878
1894
1897
1892
1876
1867
1867
1867
1916
1893
1893
1892
1877
1925
1891
1940
1868
1914
1888
1889
1905
1898
1907
1923
1918
1888
1900
1926
1861
1875
1875
1872
1893
1863
1928
1873
1922
1894
1924
1906
1941
1900
1934
1869
1924
1925
1927
1884
1875
1894
1881
1934
1887
1897
1930
1870
1929
1891
1897
1868
1923
1927
1891
1926
1887
1882
1895
1896
1923
1922
1891
1884
1925
1907
1915
1877
1911
1884
1886
1909
1935
1878
1934
1906
1878
1862
1882
1871
1936
1895
1866
1912
1886
1881
1873
1883
1942
1889
1889
1895
1874
1893
1869
1887
1883
1881
1883
1879
1889
1869
1895
1878
1898
1883
1887
1919
1868
1909
1888
1882
1920
1922
1922
1894
1894
1929
1929
1902
1902
1927
1895
1893
1923
1897
1924
1877
1870
1865
1926
1903
1922
1890
1896
1870
1890
1894
1881
1883
1881
1920
1913
1883
1888
1872
1865
1871
1891
1891
1893
1892
1879
1907
1908
1884
1881
1917
1898
1862
1894
1880
1872
1880
1905
1888
1891
1890
1870
1870
1886
1868
1902
1886
1906
1896
1892
1933
1891
1865
1924
1911
1876
1890
1917
1868
1891
1878
1858
1876
1882
1892
1901
1890
1898
1926
1889
1889
1874
1879
1884
1870
1911
1911
1905
1898
1909
1866
1866
1865
1908
1908
1922
1879
1882
1897
1888
1874
1897
1907
1888
1860
1891
1932
1929
1884
1873
1883
1855
1887
1927
1879
1899
1921
1928
1924
1895
1891
1920
1915
1912
1858
1895
1878
1890
1874
1910
1895
1917
1915
1886
1904
1874
1905
1880
1905
1885
1884
1895
1872
1889
1880
1890
1920
1893
1875
1870
1908
1865
1911
1919
1923
1893
1870
1875
1866
1878
1893
1875
1930
1909
1909
1892
1875
1908
1881
1900
1883
1918
1912
1911
1879
1889
1920
1924
1878
1914
1918
1918
1918
1881
1935
1874
1908
1881
1920
1882
1871
1888
1887
1854
1886
1898
1879
1873
1900
1892
1926
1899
1921
1890
1895
1920
1893
1893
1891
1921
1885
1898
1865
1873
1878
1874
1880
1903
1875
1876
1902
1893
1902
1887
1869
1878
1906
1906
1921
1921
1892
1892
1879
1876
1895
1875
1893
1901
1868
1891
1890
1890
1896
1896
1924
1924
1888
1888
1905
1902
1921
1882
1915
1888
1911
1911
1906
1863
1892
1878
1892
1886
1884
1890
1879
1929
1902
1898
1891
1898
1894
1869
1905
1866
1920
1896
1909
1882
1878
1891
1892
1885
1914
1930
1889
1883
1882
1909
1867
1873
1898
1890
1875
1879
1893
1857
1868
1865
1939
1886
1884
1884
1909
1874
1885
1878
1878
1899
1881
1919
1885
1890
1883
1873
1883
1872
1902
1897
1907
1912
1894
1886
1901
1928
1884
1887
1870
1881
1881
1881
1872
1881
1877
1873
1905
1889
1892
1888
1910
1899
1888
1879
1900
1925
1920
1894
1882
1874
1876
1851
1944
1866
1882
1881
1886
1933
1905
1929
1907
1891
1886
1886
1859
1891
1882
1891
1893
1928
1889
1894
1936
1901
1934
1877
1916
1916
1877
1885
1889
1892
1891
1901
1922
1885
1880
1884
1924
1876
1898
1872
1869
1892
1861
1856
1865
1918
1869
1895
1864
1899
1904
1936
1875
1873
1879
1877
1924
1880
1886
1881
1884
1931
1922
1899
1864
1930
1878
1875
1872
1893
1885
1898
1899
1881
1879
1904
1880
1880
1874
1894
1899
1919
1943
1899
1896
1869
1873
1883
1864
1892
1897
1877
1886
1936
1875
1887
1889
1891
1920
1889
1915
1877
1876
1873
1872
1878
1854
1885
1922
1888
1874
1887
1915
1911
1911
1934
1888
1880
1857
1873
1901
1876
1885
1929
1872
1872
1880
1876
1938
1893
1881
1889
1885
1923
1888
1884
1916
1899
1922
1927
1867
1912
1900
1889
1918
1883
1915
1891
1895
1871
1900
1882
1879
1851
1878
1866
1866
1900
1874
1880
1914
1880
1883
1872
1903
1897
1934
1932
1858
1940
1937
1908
1915
1917
1893
1909
1899
1894
1881
1893
1912
1883
1895
1918
1910
1942
1938
1876
1897
1880
1878
1865
1872
1872
1864
1876
1873
1869
1873
1881
1875
1909
1909
1876
1890
1867
1878
1900
1900
1907
1907
1871
1902
1906
1879
1935
1924
1909
1876
1920
1894
1923
1878
1901
1869
1888
1875
1907
1885
1905
1891
1974
1890
1864
1883
1907
1898
1890
1882
1863
1920
1870
1887
1880
1935
1935
1867
1895
1869
1900
1875
1898
1898
1920
1899
1880
1882
1882
1904
1904
1887
1893
1867
1927
1907
1896
1896
1887
1889
1872
1880
1903
1903
1909
1889
1894
1902
1914
1938
1910
1894
1897
1905
1876
1878
1924
1925
1876
1876
1887
1882
1884
1858
1887
1888
1868
1894
1877
1896
1925
1902
1898
1914
1865
1941
1911
1878
1906
1867
1866
1884
1909
1882
1872
1910
1883
1895
1907
1941
1913
1899
1910
1882
1875
1858
1889
1889
1867
1866
1909
1879
1876
1865
1876
1894
1893
1893
1925
1922
1884
1903
1883
1892
1904
1887
1858
1881
1871
1894
1877
1876
1891
1891
1894
1877
1866
1878
1879
1887
1870
1901
1896
1893
1867
1895
1903
1894
1885
1876
1897
1885
1881
1876
1918
1924
1912
1921
1905
1920
1882
1940
1886
1886
1886
1931
1913
1918
1918
1898
1885
1885
1919
1880
1881
1941
1941
1897
1870
1870
1890
1891
1873
1880
1875
1904
1869
1873
1866
1902
1923
1907
1909
1929
1939
1906
1896
1933
1936
1905
1884
1866
1881
1867
1922
1912
1908
1910
1895
1897
1889
1895
1924
1872
1897
1874
1883
1883
1905
1879
1872
1872
1900
1874
1882
1901
1887
1874
1922
1888
1906
1878
1890
1900
1874
1884
1898
1862
1878
1876
1880
1883
1915
1919
1881
1931
1892
1872
1900
1918
1939
1921
1878
1890
1892
1941
1914
1875
1885
1921
1885
1899
1894
1881
1878
1903
1884
1917
1897
1893
1878
1870
1860
1920
1920
1871
1871
1899
1884
1889
1892
1918
1918
1919
1924
1887
1906
1898
1896
1861
1944
1881
1929
1927
1875
1896
1929
1928
1890
1893
1928
1888
1903
1915
1870
1876
1889
1904
1904
1907
1918
1904
1911
1913
1895
1905
1865
1869
1916
1944
1911
1878
1878
1910
1892
1938
1921
1921
1898
1923
1921
1927
1896
1872
1882
1921
1904
1886
1881
1879
1883
1938
1878
1878
1868
1870
1870
1900
1870
1872
1899
1877
1905
1887
1885
1890
1905
1896
1862
1880
1892
1896
1875
1896
1896
1872
1879
1927
1925
1895
1905
1920
1876
1889
1885
1883
1871
1924
1899
1897
1891
1891
1895
1898
1871
1879
1885
1852
1866
1876
1885
1872
1895
1874
1877
1893
1879
1879
1906
1898
1901
1877
1903
1882
1881
1876
1880
1876
1880
1869
1894
1924
1908
1920
1930
1941
1876
1884
1899
1909
1880
1876
1882
1880
1905
1906
1879
1876
1868
1897
1867
1882
1896
1886
1937
1881
1896
1894
1901
1929
1900
1901
1865
1886
1880
1922
1886
1875
1901
1886
1897
1881
1907
1914
1919
1892
1869
1922
1922
1883
1887
1896
1881
1933
1928
1881
1876
1866
1899
1885
1913
1880
1880
1885
1906
1892
1914
1916
1901
1896
1877
1877
1866
1894
1887
1875
1864
1877
1869
1880
1879
1865
1873
1882
1919
1907
1898
1880
1890
1920
1875
1881
1875
1875
1911
1905
1935
1895
1866
1893
1859
1862
1923
1893
1873
1871
1887
1919
1884
1903
1934
1903
1890
1906
1907
1934
1935
1892
1899
1906
1911
1913
1875
1875
1860
1911
1883
1883
1880
1935
1910
1928
1873
1876
1907
1890
1925
1890
1921
1884
1875
1911
1870
1904
1918
1941
1918
1921
1895
1894
1897
1943
1875
1869
1889
1864
1882
1875
1903
1893
1899
1897
1940
1893
1885
1899
1940
1912
1912
1894
1882
1873
1877
1893
1876
1889
1920
1939
1929
1927
1868
1864
1877
1916
1901
1883
1879
1937
1909
1896
1896
1900
1924
1938
1872
1937
1910
1888
1927
1929
1890
1921
1900
1915
1889
1885
1879
1905
1924
1922
1890
1895
1921
1894
1875
1923
1874
1892
1882
1886
1861
1891
1884
1881
1902
1868
1873
1899
1922
1923
1886
1882
1921
1874
1901
1874
1920
1898
1898
1876
1913
1908
1865
1882
1920
1892
1921
1878
1879
1870
1883
1925
1889
1921
1921
1876
1894
1899
1912
1886
1882
1896
1899
1910
1897
1909
1897
1919
1884
1884
1866
1930
1867
1880
1887
1875
1879
1887
1923
1888
1900
1894
1867
1867
1906
1935
1878
1903
1901
1937
1899
1897
1924
1928
1905
1868
1884
1891
1894
1894
1874
1872
1895
1895
1908
1885
1895
1889
1871
1881
1905
1913
1890
1893
1887
1894
1901
1899
1877
1874
1897
1901
1890
1864
1865
1883
1892
1880
1894
1862
1902
1867
1877
1877
1874
1874
1890
1944
1897
1912
1911
1910
1938
1879
1894
1904
1904
1896
1890
1926
1898
1901
1893
1881
1886
1897
1927
1927
1896
1932
1928
1930
1872
1900
1878
1890
1891
1872
1900
1902
1907
1913
1885
1874
1875
1868
1904
1876
1895
1889
1908
1907
1904
1916
1939
1915
1891
1896
1907
1891
1896
1885
1891
1880
1896
1903
1900
1913
1898
1886
1909
1857
1889
1899
1903
1887
1891
1888
1939
1863
1908
1908
1909
1938
1942
1878
1891
1890
1884
1907
1909
1875
1875
1865
1865
1882
1898
1865
1928
1880
1879
1875
1878
1861
1907
1910
1885
1916
1884
1898
1889
1884
1885
1932
1924
1892
1869
1886
1905
1875
1888
1883
1890
1895
1928
1878
1852
1875
1881
1877
1880
1939
1909
1916
1908
1902
1940
1903
1901
1876
1940
1884
1888
1883
1921
1893
1890
1890
1877
1899
1927
1883
1926
1881
1895
1898
1877
1865
1893
1907
1939
1906
1885
1914
1872
1918
1880
1893
1882
1877
1875
1873
1861
1881
1869
1884
1910
1871
1888
1872
1926
1884
1884
1883
1912
1913
1881
1891
1875
1885
1923
1887
1878
1880
1911
1877
1885
1885
1890
1906
1883
1882
1888
1879
1859
1859
1872
1872
1863
1863
1870
1870
1941
1938
1900
1922
1893
1911
1877
1891
1904
1883
1908
1865
1887
1896
1918
1933
1930
1930
1880
1910
1893
1899
1876
1887
1877
1874
1872
1912
1872
1874
1939
1870
1871
1910
1867
1875
1885
1880
1886
1887
1897
1935
1866
1894
1940
1865
1870
1892
1899
1903
1911
1937
1911
1911
1864
1896
1913
1883
1878
1904
1893
1870
1878
1893
1889
1869
1940
1890
1888
1901
1907
1885
1872
1872
1877
1876
1921
1925
1922
1899
1887
1904
1901
1901
1905
1901
1873
1914
1901
1872
1900
1919
1888
1916
1924
1881
