1912
1896
1903
1913
1939
1915
1923
1912
1898
1916
1914
1878
1909
1940
1931
1935
1880
1878
1907
1930
1905
1911
1908
1908
1885
1910
1910
1910
1939
1936
1896
1883
1901
1910
1904
1921
1881
1921
1912
1904
1925
1913
1927
1912
1897
1875
1898
1885
1911
1932
1928
1889
1891
1939
1939
1932
1908
1908
1939
1935
1907
1907
1924
1921
1890
1884
1942
1913
1911
1897
1925
1921
1888
1884
1895
1922
1920
1937
1933
1893
1925
1916
1913
1907
1922
1901
1935
1883
1913
1915
1927
1903
1900
1930
1902
1923
1922
1922
1926
1891
1886
1881
1884
1879
1886
1905
1913
1912
1910
1908
1900
1932
1926
1915
1924
1920
1908
1882
1914
1904
1859
1912
1908
1882
1884
1911
1915
1909
1909
1936
1901
1916
1893
1925
1934
1896
1885
1914
1920
1924
1895
1891
1924
1911
1897
1922
1885
1903
1901
1903
1901
1862
1920
1884
1921
1923
1888
1916
1926
1926
1885
1885
1933
1906
1939
1919
1910
1908
1936
1862
1911
1936
1906
1939
1922
