1892
1892
1926
1899
1907
1938
1933
1919
1924
1924
1910
1901
1885
1912
1898
1898
1921
1908
1907
1907
1907
1907
1907
1907
1907
1907
1907
1907
1907
1907
1891
1891
1888
1898
1923
1899
1900
1903
1903
1887
1887
1898
1898
1927
1910
1888
1922
1905
1922
1878
1905
1905
1902
1911
1872
1895
1893
1900
1900
1900
1900
1900
1900
1914
1859
1914
1898
1901
1901
1905
1905
1891
1881
1923
1897
1922
1902
1878
1878
1878
1911
1934
1936
1935
1910
1910
1906
1906
1905
1905
1921
1924
1925
1908
1914
1881
1896
1909
1922
1922
