1899
1925
1928
1904
1905
1905
1932
1890
1938
1930
1890
1894
1934
1925
1912
1889
1922
1918
1908
1881
1903
1929
1931
1905
1934
1934
1865
1900
1933
1929
1936
1927
1904
1912
1934
1907
1936
1939
1894
1891
1916
1914
1886
1938
1906
1899
1940
1908
1927
1922
1890
1923
1930
1894
1893
1921
1893
1927
1896
1925
1856
1884
1906
1886
1883
1909
1901
1920
1875
1914
1880
1935
1910
1881
1912
1859
1902
1873
1910
1939
1885
1916
1924
1929
1894
1890
1896
1889
1927
1929
1923
1919
1929
1930
1890
1905
1903
1882
1880
1870
1924
1889
1897
1927
1917
1920
1879
1883
1925
1872
1874
1908
1908
1933
1934
1932
1936
1905
1865
1904
1930
1922
1928
1892
1890
1877
1875
1904
1920
1930
1908
1875
1907
1938
1935
1907
1912
1912
1916
1926
1917
1860
1923
1914
1885
