1919
1902
1890
1885
1886
1904
1889
1899
1887
1887
1896
1901
1901
1886
1885
1883
1900
1894
1887
1898
1902
1901
1911
1894
1894
1873
1902
1893
1893
1904
1899
1908
1904
1896
1887
1894
1904
1886
1898
1898
1894
1886
1902
1902
1914
1883
1886
1883
1898
1905
1900
1893
1910
1920
1910
1901
1881
1908
1892
1900
1916
1895
1892
1892
1888
1903
1894
1895
1892
1890
1886
1911
1915
1915
1880
1890
1898
1903
1898
1879
1907
1899
1906
1887
1898
1895
1887
1922
1880
1902
1909
1910
1902
1913
1901
1905
1900
1918
1886
1884
1882
1888
1884
1884
1904
1904
1880
1892
1892
1922
1901
1891
1892
1892
1881
1882
1882
1906
1904
1904
1900
1884
1906
1891
1909
1887
1893
1887
1879
1885
1895
1884
1880
1893
1913
1902
1904
1907
1892
1884
1882
1882
1897
1887
1893
1904
1887
1892
1883
1892
1906
1887
1883
1898
1899
1899
1889
1900
1885
1898
1918
1894
1882
1888
1897
1898
1888
1898
1897
1888
1886
1887
1898
1904
1900
1906
1897
1904
1895
1898
1896
1899
1888
1885
1894
1907
1914
1880
1905
1905
1897
1897
1898
1898
1911
1897
1897
1894
1904
1904
1887
1905
1905
1901
1901
1889
1889
1884
1903
1903
1895
1895
1905
1910
1896
1893
1886
1895
1892
1892
1901
1892
1880
1912
1921
1890
1910
1913
1896
1887
1887
1890
1895
1887
1900
1887
1920
1890
1893
1907
1883
1892
1885
1890
1883
1884
1884
1901
1886
1886
1920
1881
1881
1887
1887
1904
1897
1911
1900
1914
1900
1906
1895
1914
1906
1913
1915
1885
1898
1919
1901
1890
1896
1889
1902
1891
1890
1891
1886
1905
1883
1894
1905
1880
1913
