1913
1913
1918
1918
1912
1912
1923
1923
1876
1876
1920
1920
1872
1872
1912
1912
1909
1909
1870
1870
1870
1870
1911
1911
1914
1914
1912
1912
1937
1937
1909
1909
1922
1922
1882
1882
1883
1883
1914
1914
1902
1902
1870
1870
1914
1914
1918
1918
1915
1915
1874
1874
1874
1874
1917
1917
1882
1882
1913
1913
1878
1878
1914
1914
1918
1918
1917
1917
1935
1935
1907
1907
1906
1906
1931
1931
1925
1925
1903
1903
1940
1940
1906
1906
1929
1929
1927
1927
1900
1900
1927
1927
1934
1934
1892
1892
1927
1927
1920
1920
1918
1918
1889
1889
1930
1930
1916
1916
1880
1880
1871
1871
1871
1871
1911
1911
1892
1892
1931
1931
1929
1929
1904
1904
1907
1907
1935
1935
1910
1910
1914
1914
1912
1912
1916
1916
1935
1935
1903
1903
1907
1907
1929
1929
1905
1905
1930
1930
1932
1932
1940
1940
1902
1902
1881
1881
1886
1886
1910
1910
1891
1891
1927
1927
1922
1922
1892
1892
1927
1927
1930
1930
1933
1933
1935
1935
1927
1927
1899
1899
1909
1909
1914
1914
1915
1915
1919
1919
1882
1882
1898
1898
1928
1928
1891
1891
1918
1918
1923
1923
1925
1925
1881
1881
1914
1914
1911
1911
1895
1895
1935
1935
1894
1894
1933
1933
1939
1939
1908
1908
