1913
1871
1909
1903
1926
1916
1910
1882
1887
1909
1941
1913
1904
1937
1911
1911
1868
1920
1927
1931
1930
1926
1895
1885
1899
1937
1938
1908
1925
1889
1886
1931
1906
1920
1939
1915
1923
1905
1933
1927
1891
1911
1919
1907
1900
1914
1910
1899
1924
1938
1914
1938
1908
1910
1915
1914
1939
1911
1872
1895
1922
1903
1935
1925
1920
1928
1893
1909
1881
1902
1935
1902
1926
1929
1930
1929
1925
1931
1895
1929
1894
1926
1896
1924
1898
1925
1905
1895
1928
1933
1930
1896
1903
1910
1898
1923
1929
1927
1921
1896
1929
1885
1934
1902
1906
1903
1930
1901
1926
1928
1930
1905
1905
1905
1931
1922
1915
1911
1919
1910
1932
1906
1928
1905
1931
1876
1873
1916
1930
1913
1896
1942
1920
1924
1934
1928
1917
1939
1919
1872
1917
1898
1910
1903
1903
1937
1892
1928
1904
1902
1887
1910
1910
1909
1905
1937
1910
1911
1891
1902
1937
1915
1912
1920
1910
1909
1935
1933
1936
1909
1906
1924
1926
1925
1915
1910
1912
1919
1921
1923
1926
1924
1911
1899
1900
1898
1914
1922
1890
1891
1924
1903
1903
1930
