1936
1912
1903
1905
1902
1879
1910
1913
1928
1900
1905
1918
1919
1913
1880
1909
1907
1877
1931
1914
1914
1926
1907
1908
1886
1917
1903
1913
1873
1904
1915
1888
1892
1903
1933
1910
1912
1905
1906
1908
1910
1923
1913
1918
1916
1910
1935
1904
1915
1875
1895
1913
1915
1913
1899
1919
1907
1910
1912
1879
1914
1925
1896
1917
1906
1894
1920
1915
1912
1913
1909
1908
1918
1915
1909
1911
1905
1913
1921
1916
1916
1911
1910
1911
1913
1909
1932
1913
1900
1927
1902
1902
1921
1893
1912
1905
1910
1917
1911
1922
1910
1909
1915
1911
1909
1913
1874
1922
1913
1904
1896
1914
1925
1919
1917
1909
1907
1908
1912
1913
1918
1908
1916
1922
1909
1914
1896
1912
1889
1929
1896
1923
1917
1904
1912
1915
1916
1905
1888
1909
1916
1917
1918
1920
1878
1922
1920
1909
1908
1909
1910
1919
1923
1913
1913
1906
1903
1905
1911
1915
1912
1888
1937
1910
1915
1910
1908
1914
1913
1909
1939
1912
1913
1910
1914
1908
1915
1917
1913
1904
1904
1904
1921
1900
1889
1913
1918
1898
1909
1918
1873
1914
1916
1904
1913
1916
1909
1914
1908
1918
1905
1901
1915
1937
1921
1896
1894
1921
1915
1889
1908
1908
1901
1911
1903
1916
1914
1921
1897
1902
1899
1912
1906
1904
1928
1911
1904
1934
1904
1913
1916
1903
1914
1905
1909
1937
1914
1933
1911
1920
1913
1918
1905
1909
1929
1906
1919
1914
1911
1920
1890
1920
1889
1910
1910
1896
1907
1912
1910
1910
1914
1913
1918
1913
1909
1910
1914
1906
1905
1910
1909
1910
1909
1938
1918
1910
1895
1915
1928
1901
1931
1912
1918
1914
1919
1906
1932
1919
1921
1911
1912
1917
1937
1917
1907
1912
1907
1911
1908
1911
1919
1929
1905
1934
1910
1909
1933
1912
1910
1906
1905
1918
1915
1914
1897
1906
1917
1902
1908
1911
1919
1909
1914
1917
1910
1917
1915
1896
1916
1922
1927
1903
1925
1894
1927
1932
1934
1918
1905
1904
1909
1918
1910
1907
1932
1912
1916
1909
1907
1933
1928
1900
1887
1923
1894
1920
1911
1914
1923
1915
1916
1899
1920
1911
