1934
1937
1937
1934
1933
1927
1924
1927
1932
1931
1933
1935
1931
1933
1925
1928
1928
1925
1930
1937
1925
1931
1930
1934
1927
1891
1925
1937
1933
1929
1931
1928
1933
1927
1937
1933
1929
1931
1929
1922
1927
1932
1928
1926
1935
1932
1928
1924
1927
1934
1932
1932
1928
1926
1926
1925
1928
1924
1927
1928
1927
1888
1937
1934
1934
1935
1928
1928
1936
1929
1937
1911
1914
1926
1930
1933
1931
1934
1926
1927
1927
1927
1929
1936
1934
1926
1928
1932
1932
1925
1924
1938
1928
1887
1928
1927
1929
1928
1933
1928
1933
1930
1930
1928
1936
1929
1930
1933
1926
1926
1933
1925
1931
1932
1925
1937
1933
1925
1927
1934
1925
1927
1925
1928
1925
1923
1895
1898
1927
1927
1934
1932
1936
1926
1930
1934
1927
1931
1925
1928
1934
1911
1931
1929
1927
1930
1931
1927
1937
1937
1935
1924
1924
1928
1934
1937
1937
1926
1927
1928
1929
1928
1928
1910
1926
1913
1913
1929
1922
1934
1930
1928
1928
1936
1934
1928
1930
1936
1932
1930
1929
1922
1927
1931
1934
1927
1926
1924
1925
1924
1927
1925
1925
1925
1927
1933
1928
1931
1924
1923
1915
1930
1928
1927
1928
1927
1926
1926
1929
1927
1925
1926
1932
1929
1928
1913
1928
1929
1927
1927
1922
1930
1930
1929
1924
1926
1933
1929
1910
1929
1933
1882
1933
1924
1936
1927
1926
1929
1926
1935
1924
1926
1931
1925
1936
1933
1932
1928
1926
1926
1933
1937
1934
1928
1930
1929
1929
1928
