1910
1910
1911
1911
1933
1933
1894
1894
1918
1918
1926
1926
1923
1923
1917
1917
1912
1912
1898
1898
1898
1898
1917
1917
1921
1921
1923
1923
1889
1889
1905
1905
1919
1919
1919
1919
1878
1878
1922
1922
1926
1926
1902
1902
1881
1881
1908
1908
1889
1889
1927
1927
1925
1925
1924
1924
1907
1907
1922
1922
1920
1920
1919
1919
1924
1924
1930
1930
1905
1905
1930
1930
1896
1896
1896
1896
1894
1894
1893
1893
1907
1907
1926
1926
1896
1896
1927
1927
1916
1916
1913
1913
1903
1903
1900
1900
1923
1923
1882
1882
1891
1891
1914
1914
1916
1916
1881
1881
1919
1919
1907
1907
1903
1903
1928
1928
1924
1924
1926
1926
1924
1924
1880
1880
1907
1907
1912
1912
1907
1907
1932
1932
1927
1927
1925
1925
1892
1892
1921
1921
1923
1923
1909
1909
1916
1916
1918
1918
