1870
1913
1939
1886
1903
1930
1901
1934
1933
1922
1890
1920
1917
1892
1891
1916
1924
1903
1916
1937
1928
1904
1931
1894
1921
1895
1924
1880
1906
1889
1882
1907
1924
1937
1886
1922
1920
1911
1936
1875
1908
1897
1901
1933
1913
1911
1922
1925
1895
1919
1896
1924
1921
1895
1870
1870
1909
1935
1900
1932
1916
1905
1906
1933
1934
1887
1931
1928
1890
1921
1926
1884
1884
1875
1904
1886
1937
1902
1897
1912
1910
1936
1934
1905
1928
1937
1866
1925
1897
1897
1932
1923
1911
1936
1869
1913
1912
1875
1882
1906
1874
1913
1905
1907
1909
1880
1936
1909
1931
1898
1904
1919
1922
1898
1925
1895
1928
1886
1893
1911
1909
1868
1902
1906
1936
1934
1906
1923
1921
1900
1936
1897
1930
1885
1912
1914
1923
1909
1919
1915
1875
1909
1908
1936
1928
1935
1921
1892
1897
1915
