1899
1932
1918
1930
1885
1920
1928
1928
1936
1927
1918
1922
1928
1910
1909
1899
1901
1917
1900
1919
1910
1909
1917
1922
1918
1909
1909
1905
1914
1925
1909
1922
1926
1928
1921
1911
1891
1917
1921
1901
1928
1902
1906
1897
1908
1918
1926
1934
1903
1942
1914
1928
1907
1928
1926
1922
1913
1924
1925
1905
1895
1893
1930
1932
1915
1911
1912
1834
1903
1880
1927
1911
1911
1906
1902
1916
1907
1912
1887
1935
1889
1941
1902
1929
1934
1936
1936
1901
1920
1913
1903
1888
1888
1908
1885
1910
1916
1909
1907
1908
1939
1903
1889
1918
1890
1934
1927
1908
1927
1931
1921
1904
1923
1899
1923
1926
1925
1898
1913
1900
1907
1914
1905
1928
1903
1902
1914
1900
1907
1923
1908
1909
1912
1912
1924
1910
1909
1897
1926
1905
1933
1908
1906
1913
1905
1916
1911
1903
1906
1899
1888
1913
1924
1904
1922
1902
1916
1926
1924
1903
1905
1925
1892
1919
1910
1907
1902
1914
1896
1909
1911
1927
1910
1905
1897
1901
1913
1922
1909
1910
1926
1893
1943
1909
1925
1927
1910
1906
1903
1899
1909
1918
1941
1915
1902
1913
1913
1909
1916
1903
1913
1910
1908
1909
1928
1909
1905
1918
1913
1935
1899
1913
1908
1917
1899
1913
1906
1934
1911
1910
1926
1927
1904
1927
1914
1933
1918
1917
1913
1920
1928
1908
1910
1914
1889
1886
1920
1904
1908
1905
1925
1925
1913
1907
1916
1905
1913
1910
1918
1907
1908
1902
1897
1909
1910
1926
1919
1924
1910
1897
1916
1892
1903
1928
1909
1907
1928
1896
1912
1902
1927
1909
1905
1919
1909
1903
1921
1927
1900
1910
1926
1899
1914
1893
1928
1919
1895
1905
1899
1922
1912
1904
1906
1905
1938
1910
1913
1922
1916
1908
1917
1910
1938
1913
1889
1896
1925
1916
1942
1922
1911
1925
1905
1910
1927
1926
1905
1906
1895
1914
1893
1931
1913
1918
1908
1915
1928
1908
1930
1917
1915
1914
1894
1897
1920
1923
1926
1915
1911
1905
1924
1924
1923
1926
1910
1916
1910
1915
1922
1899
1923
1904
1910
1903
1934
1903
1922
1925
1909
1918
1925
1916
1921
1925
1925
1931
1925
1911
1909
1915
1910
1934
1912
1900
1915
1885
1884
1910
1920
1924
1888
1889
1906
1928
1927
1926
1889
1928
1910
1907
1913
1901
1915
1904
1912
1910
1896
1901
1936
1916
1909
1932
1913
1896
1916
1892
1919
1894
1894
1915
1918
1916
1926
1922
1914
1918
1925
1896
1918
1923
1927
1917
1912
1903
1937
1925
1902
1918
1913
1929
1909
1888
1925
1901
1906
1926
1900
1924
1916
1917
1918
1927
1929
1906
1938
1900
1913
1915
1925
1902
1919
1918
1922
1927
1909
1930
1926
1899
1928
1921
1920
1906
1915
1910
1903
1907
1912
1919
1920
1924
1897
1909
1900
1910
1903
1909
1909
1918
1918
1917
1929
1898
1912
1928
1886
1900
1909
1896
1910
1942
1913
1912
1910
1912
1909
1944
1912
1912
1924
1901
1887
1887
1895
1912
1912
1911
1909
1908
1910
1906
1906
1925
1914
1892
1910
1916
1909
1909
1893
1919
1903
1925
1900
1906
1920
1922
1900
1897
1912
1896
1908
1920
1908
1926
1894
1914
1902
1914
1912
1912
1916
1936
1881
1909
1905
1896
1921
1896
1913
1925
1892
1914
1913
1900
1892
1910
1904
1910
1913
1937
1916
1905
1921
1910
1902
1928
1885
1945
1942
1926
1902
1925
1928
1936
1908
1933
1901
1920
1921
1921
1917
1929
1930
1899
1926
1909
1913
1920
1909
1906
1899
1906
1910
1919
1918
1927
1912
1923
1900
1929
1906
1925
1903
1906
1909
1905
1922
1887
1930
1927
1923
1923
1893
1924
1920
1909
1922
1886
1922
1925
1919
1923
1917
1903
1910
1937
1892
1914
1925
1892
1920
1909
1911
1897
1905
1906
1909
1907
1931
1900
1927
1910
1899
1889
1907
1935
1918
1925
1901
1908
1907
1921
1907
1939
1902
1915
1910
1910
1926
1920
1902
1922
1887
1903
1903
1944
1907
1908
1902
1907
1919
1937
1905
1921
1881
1926
1915
1925
1920
1916
1916
1908
1912
1923
1906
1902
1899
1902
1906
1926
1901
1914
1898
1901
1927
1944
1928
1920
1880
1917
1925
1928
1914
1903
1897
1913
1907
1917
1907
1914
1924
1907
1907
1905
1909
1919
1917
1920
1910
1909
1900
1925
1922
1899
1898
1927
1909
1906
1920
1897
1922
1907
1914
1938
1933
1912
1906
1921
1916
1918
1926
1911
1911
1913
1891
1899
1924
1906
1904
1927
1919
1927
1927
1903
1900
1910
1937
1910
1914
1925
1910
1904
1916
1917
1912
1922
1910
1909
1917
1909
1900
1907
1922
1904
1904
1908
1898
1908
1917
1944
1908
1924
1915
1918
1920
1920
1910
1911
1923
1900
1914
1908
1908
1909
1908
1927
1926
1939
1924
1906
1908
1925
1927
1927
1910
1939
1907
1911
1910
1909
1936
1911
1910
1915
1922
1926
1913
1910
1907
1917
1920
1906
1911
1898
1920
1925
1901
1902
1926
1913
1899
1909
1923
1927
1907
1928
1907
1908
1915
1919
1918
1914
1909
1899
1925
1912
1916
1905
1906
1934
1910
1929
1908
1905
1912
1912
1906
1910
1926
1922
1936
1914
1905
1910
1911
1920
1925
1925
1907
1924
1901
1893
1902
1915
1937
1912
1913
1918
1915
1928
1936
1905
1908
1890
1900
1925
1918
1906
1905
1891
1933
1906
1908
1889
1894
1923
1914
1942
1918
1908
1922
1903
1926
1900
1918
1905
1916
1902
1907
1915
1896
1890
1927
1937
1912
1908
1910
1915
1908
1924
1907
1909
1910
1914
1933
1905
1932
1924
1922
1897
1897
1909
1918
1928
1936
1925
1925
1923
1925
1904
1898
1913
1941
1926
1927
1921
1906
1925
1933
1903
1912
1910
1900
1927
1924
1921
1927
1928
1896
1923
1910
1923
1944
1932
1911
1936
1904
1914
1898
1924
1922
1909
1912
1905
1913
1928
1919
1906
1905
1912
1904
1896
1908
1928
1926
1918
1925
1919
1932
1927
1900
1924
1898
1892
1898
1902
1928
1929
1893
1916
1906
1911
1920
1899
1924
1938
1932
1903
1907
1923
1930
1921
1905
1905
1910
1892
1895
1908
1916
1925
1905
1917
1916
1901
1915
1894
1909
1915
1909
1911
1909
1922
1927
1902
1908
1908
1902
1903
1909
1906
1904
1915
1907
1910
1917
1930
1919
1920
1919
1910
1896
1927
1909
1904
1920
1910
1913
1927
1898
1919
1927
1899
1908
1913
1919
1938
1907
1910
1906
1917
1915
1914
1924
1913
1897
1908
1908
1937
1926
1925
1909
1921
1930
1903
1888
1933
1906
1935
1914
1908
1916
1878
1918
1906
1912
1909
1939
1913
1910
1921
1882
1927
1893
1903
1927
1914
1907
1910
1882
1903
1912
1920
1910
1909
1910
1927
1926
1899
1923
1919
1940
1912
1912
1926
1939
1896
1909
1896
1909
1914
1910
1925
1904
1909
1928
1926
1919
1925
1913
1912
1893
1915
1926
1909
1914
1899
1932
1900
1919
1919
1901
1943
1913
1895
1917
1890
1914
1903
1929
1938
1912
1909
1920
1903
1909
1912
1907
1906
1910
1916
1912
1884
1920
1916
1939
1908
1900
1910
1909
1928
1922
1915
1893
1905
1924
1913
1905
1912
1902
1914
1919
1900
1906
1927
1913
1936
1926
1919
1913
1926
1906
1915
1922
1896
1902
1916
1894
1910
1920
1906
1911
1901
1920
1928
1923
1900
1930
1926
1893
1901
1938
1910
1930
1907
1907
1904
1910
1920
1929
1910
1926
1913
1899
1885
1924
1917
1901
1925
1905
1914
1905
1899
1924
1905
1918
1924
1925
1908
1906
1915
1931
1901
1900
1920
1925
1910
1917
1940
1903
1905
1929
1925
1926
1888
1921
1908
1901
1901
1909
1917
1945
1918
1903
1907
1927
1898
1922
1919
1904
1900
1909
1929
1908
1900
1916
1909
1915
1900
1896
1901
1923
1938
1909
1921
1904
1922
1902
1908
1901
1909
1907
1919
1914
1894
1942
1926
1885
1886
1918
1910
1902
1940
1908
1912
1909
1926
1893
1919
1908
1897
1930
1896
1928
1925
1913
1937
1899
1903
1910
1926
1918
1921
1904
1910
1940
1938
1910
1909
1905
1911
1911
1897
1935
1906
1909
1926
1913
1913
1903
1909
1918
1899
1912
1904
1906
1909
1936
1898
1914
1899
1923
1939
1905
1901
1905
1893
1914
1903
1914
1904
1911
1911
1907
1907
1915
1934
1923
1910
1912
1926
1920
1896
1915
1906
1910
1908
1927
1906
1907
1914
1917
1911
1896
1912
1905
1909
1887
1887
1884
1884
1902
1873
1900
1933
1929
1919
1891
1920
1918
1906
1904
1933
1890
1900
1928
1905
1920
1907
1907
1944
1904
1926
1910
1906
1912
1912
1936
1928
1914
1902
1929
1925
1908
1938
1925
1909
1915
1900
1910
1932
1935
1928
1903
1904
1898
1911
1928
1901
1893
1920
1906
1902
1906
1909
1927
1926
1904
1916
1910
1906
1927
1903
1886
1917
1921
1908
1944
1910
1895
1917
1904
1917
1921
1917
1941
1927
1909
1919
1908
1922
1926
1909
1927
1908
1902
1891
1914
1924
1911
1914
1910
1917
1941
1914
1896
1917
1914
1941
1901
1900
1902
1916
1926
1920
1903
1905
1908
1918
1903
1907
1901
1906
1916
1914
1932
1909
1908
1908
1901
1925
1909
1920
1924
1887
1909
1906
1910
1909
1907
1926
1915
1915
1885
1925
1929
1901
1914
1923
1908
1920
1908
1902
1907
1938
1895
1922
1923
1909
1919
1912
1924
1920
1887
1944
1913
1910
1904
1905
1910
1908
1905
1936
1898
1914
1919
1910
1910
1914
1910
1910
1902
1902
1916
1895
1901
1899
1920
1928
1922
1912
1925
1934
1917
1916
1939
1924
1924
1928
1923
1898
1901
1921
1898
1902
1914
1906
1909
1926
1891
1931
1924
1908
1908
1898
1922
1908
1923
1910
1930
1916
1909
1922
1910
1899
1905
1921
1913
1907
1910
1909
1906
1932
1909
1899
1894
1888
1941
1922
1928
1906
1908
1889
1921
1891
1910
1880
1920
1893
1925
1912
1921
1914
1898
1903
1934
1900
1931
1902
1922
1907
1910
1904
1908
1907
1917
1926
1922
1914
1901
1935
1922
1908
1911
1896
1910
1907
1928
1909
1913
1925
1920
1913
1886
1921
1914
1910
1903
1932
1910
1929
1913
1893
1908
1925
1926
1906
1912
1926
1898
1932
1909
1892
1916
1908
1902
1921
1919
1913
1910
1901
1921
1886
1907
1928
1912
1926
1922
1925
1904
1925
1893
1912
1903
1905
1904
1915
1906
1928
1918
1928
1941
1908
1919
1910
1915
1918
1905
1921
1942
1908
1892
1927
1909
1921
1907
1907
1928
1904
1904
1909
1909
1928
1902
1902
1895
1938
1938
1931
1931
1902
1902
1908
1908
1903
1903
1926
1909
1926
1926
1921
1917
1917
1899
1899
1915
1915
1914
1914
1897
1897
1926
1926
1926
1928
1928
1912
1912
1907
1907
1922
1922
1920
1920
1900
1900
1908
1908
1915
1915
1916
1916
1904
1904
1920
1920
1926
1926
1901
1901
1900
1900
1910
1910
1901
1901
1933
1909
1933
1909
1936
1936
1915
1915
1940
1940
1927
1927
1892
1892
1928
1890
1890
1928
1928
1928
1927
1927
1886
1886
1904
1904
1910
1910
1929
1917
1884
1884
1905
1905
1929
1925
1925
1935
1935
1893
1893
1917
1898
1898
1909
1909
1902
1902
1930
1930
1906
1906
1900
1900
1907
1907
1940
1940
1906
1906
1924
1924
1920
1920
1904
1904
1916
1916
1909
1909
1909
1909
1934
1934
1902
1902
1915
1915
1896
1896
1905
1905
1919
1919
1920
1920
1909
1909
1900
1900
1912
1912
1902
1902
1912
1912
1910
1910
1895
1895
1931
1931
1914
1914
1904
1904
1899
1899
1924
1924
1929
1929
1915
1915
1913
1913
1936
1936
1921
1921
1889
1889
1934
1934
1905
1905
1930
1930
1895
1895
1925
1925
1905
1905
1911
1911
1904
1904
1900
1900
1919
1919
1903
1903
1905
1905
1920
1920
1924
1924
1922
1922
1920
1920
1918
1918
1903
1903
1912
1912
1905
1905
1899
1899
1915
1915
1903
1903
1932
1932
1902
1902
1904
1904
1912
1912
1908
1908
1915
1915
1932
1932
1889
1903
1903
1916
1916
1913
1913
1907
1907
1910
1910
1915
1915
1896
1896
1883
1883
1912
1912
1909
1909
1921
1921
1920
1920
1902
1902
1909
1909
1902
1902
1919
1932
1919
1932
1920
1920
1909
1909
1908
1908
1913
1913
1944
1944
1910
1910
1929
1929
1906
1906
1941
1914
1901
1901
1925
1925
1908
1908
1905
1900
1922
1922
1934
1934
1903
1903
1922
1922
1902
1933
1928
1918
1929
1908
1900
1916
1896
1922
1900
1922
1888
1909
1910
1918
1904
1907
1924
1894
1904
1898
1904
1909
1907
1929
1907
1912
1931
1927
1903
1923
1919
1907
1904
1901
1924
1927
1905
1893
1908
1919
1925
1890
1889
1916
1941
1908
1896
1902
1909
1936
1933
1912
1927
1888
1925
1911
1900
1910
1909
1911
1929
1896
1920
1928
1884
1908
1904
1921
1909
1909
1920
1893
1914
1904
1928
1906
1907
1911
1910
1934
1927
1917
1883
1882
1917
1915
1914
1918
1910
1897
1913
1926
1926
1907
1918
1914
1916
1912
1885
1920
1910
1910
1928
1931
1898
1898
1936
1908
1930
1901
1918
1909
1930
1932
1895
1928
1910
1904
1905
1887
1912
1905
1905
1920
1926
1905
1919
1926
1908
1942
1923
1882
1910
1920
1916
1914
1907
1941
1912
1912
1917
1927
1889
1903
1904
1920
1929
1909
1910
1900
1895
1908
1911
1928
1909
1927
1900
1932
1903
1901
1903
1926
1909
1910
1900
1892
1887
1887
1916
1924
1909
1928
1918
1915
1909
1906
1920
1909
1889
1921
1922
1918
1901
1923
1913
1898
1902
1912
1920
1917
1944
1922
1902
1902
1898
1922
1899
1930
1905
1927
1927
1906
1899
1906
1913
1899
1909
1901
1911
1904
1910
1894
1922
1928
1900
1898
1920
1915
1890
1909
1920
1903
1916
1927
1910
1920
1914
1926
1909
1920
1895
1897
1896
1921
1934
1917
1905
1915
1926
1902
1911
1908
1904
1903
1923
1910
1927
1903
1916
1906
1901
1910
1920
1893
1922
1898
1928
1933
1913
1892
1915
1922
1895
1915
1901
1896
1898
1900
1903
1901
1903
1914
1940
1901
1908
1899
1908
1916
1926
1923
1919
1935
1898
1930
1919
1889
1909
1905
1900
1933
1933
1917
1940
1893
1934
1910
1927
1908
1915
1919
1913
1913
1899
1891
1910
