1895
1900
1898
1913
1908
1912
1891
1904
1906
1909
1907
1899
1896
1891
1902
1906
1909
1891
1895
1910
1906
1905
1902
1888
1897
1900
1905
1897
1895
1906
1897
1874
1899
1897
1919
1902
1908
1900
1907
1903
1897
1893
1898
1900
1894
1901
1904
1895
1883
1909
1882
1903
1892
1923
1900
1907
1904
1903
1882
1908
1903
1909
1893
1901
1915
1910
1909
1909
1900
1909
1896
1896
1901
1897
1922
1897
1923
1908
1898
1895
1910
1909
1904
1905
1896
1894
1897
1907
1917
1884
1907
1904
1892
1898
1890
1885
1901
1887
1892
1883
1908
1884
1882
1903
1892
1902
1896
1896
1893
1900
1903
1894
1903
1894
1910
1904
1897
1911
1893
1917
1908
1883
1924
1906
1892
1924
1908
1885
1907
1894
1894
1901
1896
1901
1899
1903
1899
1896
1891
1897
1903
1916
1899
1898
1901
1921
1882
1911
1899
1911
1903
1901
1882
1890
1895
1904
1895
1905
1900
1903
1891
1906
1899
1898
1898
1904
1892
1886
1897
1888
1895
1910
1892
1905
1899
1907
1894
1896
1903
1896
1901
1898
1919
1896
1919
1898
1912
1907
1889
1892
1903
1912
1905
1904
1900
1918
1912
1902
1914
1904
1916
1897
1893
1907
1911
1905
1883
1884
1887
1904
1896
1915
1898
1901
1873
1883
1896
1885
1906
1895
1900
1922
1900
1903
1886
1903
1900
1905
1907
1889
1914
1895
1918
1896
1894
1895
1919
1901
1903
1893
1910
1924
1903
1902
1910
1916
1890
1891
1897
1893
1890
1892
1892
1908
1910
1911
1886
1900
1891
1903
1904
1909
1893
1908
1904
1898
1896
1902
1890
1896
1902
1909
1902
1902
1917
1897
1897
1890
1893
1892
1896
1897
1895
1910
1898
1894
1894
1897
1900
1891
1905
1912
1917
1895
1889
1912
1899
1888
1890
1897
1883
1901
1900
1896
1899
1887
1904
1895
1910
1902
1907
1905
1896
1890
1904
1899
1899
1897
1899
1898
1893
1908
1897
1894
1909
1904
1910
1897
1922
1899
1894
1892
1903
1903
1908
1903
1910
1898
1907
1914
1899
1922
1903
1895
1886
1888
1886
1902
1902
1892
1906
1892
1901
1909
1922
1921
1884
1904
1907
1913
1908
1905
1894
1902
1905
1915
1904
1904
1911
1906
1900
1892
1917
1890
1895
1904
1896
1901
1890
1901
1902
1900
1896
1890
1891
1901
1915
1898
1896
1897
1889
1899
1895
1896
1905
1905
1893
1900
1897
1901
1909
1905
1890
1916
1903
1906
1901
1897
1923
1900
1911
1898
1900
1907
1896
1891
1898
1895
1900
1894
1899
1908
1909
1909
1883
1904
1911
1897
1898
1887
1906
1907
1885
1910
1904
1885
1888
1905
1884
1895
1903
1898
1906
1900
1912
1901
1912
1906
1903
1883
1884
1895
1894
1906
1900
1923
1905
1883
1889
1907
1903
1909
1896
1899
1921
1907
1888
1888
1912
1916
1911
1912
1911
1895
1894
1908
1898
1891
1899
1891
1893
1908
1905
1903
1917
1904
1909
1910
1907
1893
1922
1897
1890
1896
1902
1898
1904
1902
1921
1893
1903
1900
1908
1903
1897
1910
1895
1904
1914
1911
1906
1913
1901
1883
1905
1905
1910
1896
1908
1889
1887
1913
1907
1903
1914
1905
1900
1911
1903
1891
1905
1897
1897
1905
1905
1889
1907
1896
1911
1889
1913
1912
1908
1903
1908
1908
1895
1920
1902
1894
1908
1893
1914
1895
1900
1897
1902
1892
1906
1924
1884
1900
1898
1900
1908
1906
1900
1908
1895
1920
1889
1907
1903
1902
1906
1897
1893
1907
1899
1894
1901
1903
1896
1916
1890
1897
1901
1892
1908
1888
1910
1905
1877
1908
1896
1900
1908
1887
1910
1904
1912
1900
1882
1899
1878
1909
1896
1899
1893
1891
1904
1892
1906
1920
1898
1898
1897
1892
1909
1896
1896
1904
1907
1900
1907
1904
1910
1890
1898
1902
1902
1886
1898
1900
1892
1897
1889
1883
1888
1899
1897
1891
1901
1905
1897
1902
1901
1911
1900
1881
1907
1903
1886
1894
1887
1892
1912
1905
1907
1906
1898
1902
1893
1885
1892
1899
1905
1914
1909
1906
1896
1912
1898
1900
1902
1899
1898
1905
1907
1906
1914
1890
1899
1902
1895
1919
1915
1893
1911
1921
1917
1912
1890
1902
1894
1912
1899
1909
1881
1920
1876
1900
1912
1899
1902
1895
1911
1897
1893
1906
1912
1899
1916
1913
1895
1905
1905
1905
1896
1900
1894
1896
1906
1906
1913
1885
1892
1907
1879
1911
1903
1888
1910
1908
1895
1895
1890
1897
1900
1871
1914
1904
1902
1905
1903
1884
1903
1893
1904
1898
1899
1912
1917
1891
1902
1911
1895
1895
1903
1892
1899
1907
1894
1908
1888
1897
1903
1887
1904
1899
1915
1912
1905
1889
1882
1902
1901
1903
1913
1912
1903
1899
1913
1906
1907
1919
1892
1890
1904
1905
1903
1889
1894
1897
1887
1902
1901
1912
1900
1891
1894
1911
1896
1899
1900
1891
1893
1921
1895
1912
1900
1915
1899
1901
1896
1899
1880
1886
1898
1887
1901
1900
1899
1909
1899
1903
1886
1906
1898
1900
1905
1902
1892
1897
1904
1898
1887
1895
1912
1878
1899
1896
1901
1891
1906
1904
1891
1901
1898
1910
1919
1902
1898
1904
1883
1887
1911
1915
1898
1891
1889
1905
1910
1913
1914
1910
1918
1892
1906
1895
1892
1901
1905
1897
1899
1913
1916
1904
1883
1912
1906
1890
1885
1895
1896
1894
1912
1895
1909
1896
1899
1902
1904
1894
1901
1920
1904
1897
1883
1899
1892
1892
1893
1909
1911
1906
1882
1895
1902
1907
1898
1897
1914
1904
1889
1900
1890
1909
1890
1905
1896
1912
1913
1902
1882
1903
1899
1913
1902
1886
1891
1898
1899
1894
1891
1901
1875
1899
1905
1902
1902
1914
1904
1890
1904
1902
1888
1895
1883
1888
1887
1902
1889
1898
1897
1900
1896
1893
1903
1905
1895
1906
1909
1907
1892
1911
1894
1891
1910
1908
1906
1908
1915
1883
1912
1891
1905
1903
1918
1906
1905
1894
1895
1905
1885
1907
1909
1877
1897
1899
1895
1894
1894
1905
1893
1905
1891
1907
1892
1894
1906
1895
1900
1877
1910
1888
1902
1902
1905
1895
1898
1893
1904
1899
1882
1884
1907
1891
1906
1892
1886
1899
1922
1913
1905
1911
1910
1901
1895
1909
1881
1908
1910
1905
1909
1920
1893
1889
1904
1894
1907
1903
1912
1910
1910
1905
1908
1894
1893
1896
1895
1916
1922
1897
1905
1906
1909
1903
1903
1907
1907
1921
1898
1900
1894
1901
1906
1911
1906
1900
1873
1912
1907
1898
1915
1915
1915
1908
1911
1877
1907
1902
1896
1896
1885
1904
1909
1912
1901
1894
1910
1894
1901
1899
1892
1903
1927
1918
1910
1916
1894
1899
1906
1895
1913
1903
1909
1897
1907
1898
1897
1902
1895
1900
1907
1886
1882
1918
1905
1898
1898
1896
1891
1889
1903
1904
1904
1902
1911
1879
1892
1888
1882
1898
1897
1901
1899
1901
1908
1891
1884
1894
1888
1894
1896
1901
1903
1893
1901
1914
1892
1911
1902
1913
1907
1896
1898
1908
1894
1906
1907
1906
1888
1900
1898
1899
1890
1883
1890
1911
1909
1882
1892
1907
1891
1895
1904
1906
1898
1910
1904
1902
1903
1891
1895
1895
1901
1916
1902
1892
1896
1900
1908
1897
1905
1919
1897
1906
1894
1915
1890
1894
1898
1897
1900
1892
1901
1895
1897
1914
1902
1905
1901
1904
1893
1909
1890
1899
1906
1903
1892
1892
1906
1906
1912
1897
1897
1883
1907
1903
1891
1907
1894
1900
1893
1906
1909
1905
1897
1897
1897
1897
1889
1906
1913
1909
1898
1912
1905
1909
1901
1903
1908
1911
1881
1905
1902
1905
1891
1907
1895
1912
1911
1885
1905
1912
1900
1886
1898
1899
1918
1920
1912
1908
1902
1893
1908
1901
1907
1894
1904
1893
1902
1911
1906
1901
1897
1904
1907
1912
1914
1896
1903
1890
1898
1884
1902
1897
1905
1908
1910
1892
1911
1909
1892
1896
1899
1893
1900
1910
1895
1917
1901
1895
1896
1905
1916
1913
1893
1890
1900
1884
1904
1913
1910
1904
1907
1898
1897
1902
1883
1895
1896
1912
1920
1899
1911
1884
1895
1913
1910
1893
1885
1891
1889
1899
1904
1891
1905
1893
1896
1904
1905
1888
1878
1909
1903
1896
1897
1910
1896
1890
1891
1890
1896
1893
1891
1894
1899
1906
1894
1907
1884
1911
1890
1903
1900
1898
1910
1910
1900
1916
1901
1885
1909
1882
1903
1905
1897
1904
1905
1898
1904
1900
1899
1910
1907
1884
1897
1912
1902
1902
1901
1894
1899
1904
1897
1893
1894
1911
1905
1904
1906
1905
1908
1890
1900
1900
1888
1905
1902
1907
1895
1911
1892
1909
1889
1904
1908
1905
1908
1884
1895
1896
1890
1894
1888
1911
1907
1921
1907
1906
1898
1909
1893
1888
1896
1897
1909
1888
1909
1908
1894
1907
1913
1893
1917
1890
1912
1902
1906
1900
1902
1901
1908
1916
1885
1908
1903
1885
1895
1904
1903
1889
1911
1884
1914
1902
1891
1906
1915
1910
1901
1895
1919
1880
1919
1895
1902
1891
1906
1900
1894
1890
1907
1909
1907
1901
1903
1902
1903
1899
1887
1891
1882
1908
1905
1893
1905
1903
1915
1899
1895
1890
1895
1901
1895
1905
1905
1905
1912
1901
1909
1884
1914
1894
1892
1907
1910
1921
1893
1895
1918
1887
1904
1903
1898
1896
1909
1896
1907
1911
1906
1899
1897
1895
1901
1901
1895
1918
1902
1911
1905
1901
1901
1896
1902
1900
1890
1892
1902
1892
1893
1891
1894
1898
1905
1896
1894
1907
1908
1905
1904
1897
1885
1906
1915
1892
1906
1905
1882
1896
1906
1890
1914
1894
1899
1903
1908
1900
1899
1905
1906
1907
1887
1901
1893
1907
1907
1904
1890
1893
1892
1897
1900
1909
1902
1912
1893
1905
1901
1891
1903
1906
1900
1914
1897
1902
1903
1897
1903
1906
1889
1904
1899
1892
1899
1900
1886
1909
1914
1902
1897
1910
1899
1911
1883
1884
1892
1898
1887
1894
1892
1904
1908
1893
1904
1905
1912
1899
1889
1919
1901
1893
1906
1902
1909
1912
1906
1910
1890
1913
1908
1906
1893
1898
1893
1905
1878
1905
1899
1897
1894
1906
1901
1908
1904
1911
1894
1895
1896
1899
1911
1915
1883
1902
1896
1892
1884
1907
1908
1906
1891
1883
1904
1895
1906
1881
1894
1904
1881
1904
1892
1900
1897
1902
1907
1912
1901
1902
1904
1919
1901
1916
1902
1904
1897
1909
1896
1896
1891
1914
