1924
1924
1925
1925
1901
1901
1926
1926
1913
1913
1938
1938
1908
1908
1921
1921
1910
1910
1905
1905
1900
1900
1907
1907
1922
1922
1926
1926
1923
1923
1918
1918
1926
1926
1925
1925
1898
1898
1893
1893
1928
1928
1913
1913
1910
1910
1901
1901
1908
1908
1907
1907
1919
1919
1922
1922
1926
1926
1890
1890
1927
1927
1924
1924
1890
1890
1890
1890
1922
1922
1929
1929
1913
1913
1922
1922
1916
1916
1915
1915
1884
1884
1886
1886
1884
1884
1938
1938
1904
1904
1900
1900
1941
1941
1913
1913
1899
1899
1927
1927
1932
1932
1929
1929
1887
1887
1918
1918
1921
1921
1924
1924
1896
1896
1893
1893
1926
1926
1899
1899
1923
1923
1925
1925
1928
1928
1912
1912
1879
1879
1900
1900
1924
1924
1927
1927
1898
1898
1941
1941
1935
1935
1932
1932
1893
1893
1902
1902
1895
1895
1902
1902
1923
1923
1910
1910
1873
1873
1912
1912
1911
1911
1899
1899
1895
1895
1936
1936
1918
1918
1896
1896
1932
1932
1938
1938
1925
1925
1903
1903
1910
1910
1920
1920
1916
1916
1911
1911
1919
1919
1915
1915
1911
1911
1937
1937
1911
1911
1921
1921
1895
1895
1923
1923
1926
1926
1932
1932
1934
1934
1914
1914
1914
1914
1906
1906
1927
1927
1924
1924
1895
1895
1922
1922
1880
1880
1917
1917
1883
1883
1911
1911
1908
1908
1908
1908
1934
1934
1903
1903
1906
1906
1916
1916
1913
1913
1923
1923
1928
1928
1914
1914
1876
1876
1915
1915
1915
1915
1879
1879
1921
1921
1915
1915
1917
1917
1892
1892
1926
1926
1917
1917
1912
1912
1918
1918
1918
1918
1928
1928
1923
1923
1922
1922
1920
1920
1914
1914
1939
1939
1914
1914
1929
1929
1935
1935
1900
1900
1908
1908
1937
1937
1914
1914
1944
1944
1911
1911
1911
1911
1901
1901
1901
1901
1914
1914
1916
1916
1940
1940
1942
1942
1874
1874
1921
1921
1923
1923
1897
1897
1908
1908
1911
1911
1938
1938
1912
1912
1898
1898
1902
1902
1905
1905
1908
1908
1914
1914
1934
1934
1921
1921
1900
1900
1938
1938
1925
1925
1906
1906
1922
1922
1895
1895
1923
1923
1925
1925
1929
1929
1902
1902
1903
1903
1926
1926
1914
1914
1923
1923
1894
1894
1925
1925
1921
1921
1914
1914
1898
1898
1903
1903
1942
1942
1909
1909
1931
1931
1906
1906
1906
1906
1897
1897
1934
1934
1910
1910
1913
1913
1897
1897
1925
1925
1932
1932
1924
1924
1927
1935
1927
1935
1914
1914
1933
1933
1899
1899
1935
1935
1913
1913
1907
1907
1923
1923
1916
1916
1885
1885
1903
1903
1909
1922
1913
1909
1922
1913
1904
1904
1937
1937
1923
1923
1922
1922
1913
1913
1889
1889
1887
1887
1923
1923
1909
1909
1908
1908
1925
1925
1940
1940
1911
1911
1916
1916
1911
1911
1912
1912
1898
1898
1904
1904
1889
1889
1908
1908
1907
1907
1931
1931
1936
1936
1938
1938
1933
1933
1906
1906
1907
1907
1897
1897
1910
1910
1921
1921
1916
1916
1914
1914
1897
1897
1907
1907
1872
1872
1916
1916
1907
1907
1937
1937
1899
1899
1898
1898
1928
1928
1911
1911
1932
1932
1934
1934
1869
1869
1924
1924
1902
1902
1903
1903
1928
1928
1914
1914
1894
1894
1930
1930
1926
1926
1918
1918
1923
1923
1925
1925
1887
1887
1923
1923
1926
1926
1885
1885
1914
1914
