1899
1902
1930
1876
1887
1887
1933
1874
1927
1885
1907
1875
1922
1938
1882
1881
1869
1912
1936
1876
1886
1882
1888
1894
1872
1877
1880
1880
1876
1923
1898
1888
1875
1878
1878
1875
1875
1870
1874
1912
1889
1912
1873
1887
1867
1899
1898
1898
1890
1880
1882
1911
1875
1882
1897
1900
1923
1881
1881
1876
1920
1881
1900
1920
1893
1881
1879
1894
1877
1889
1886
1885
1877
1884
1932
1890
1888
1922
1889
1888
1895
1879
1883
1893
1925
1884
1884
1885
1879
1888
1894
1925
1925
1885
1902
1931
1939
1899
1871
1890
1899
1880
1880
1874
1873
1889
1892
1885
1928
1884
1875
1881
1872
1878
1882
1935
1927
1929
1898
1924
1923
1907
1887
