1862
1864
1865
1860
1921
1867
1878
1860
1870
1870
1870
1871
1874
1873
1865
1866
1901
1866
1860
1870
1874
1865
1870
1867
1884
1882
1868
1866
1867
1862
1862
1860
1868
1863
1865
1860
1866
1870
1872
1880
1867
1866
1854
1890
1872
1869
1866
1855
1878
1864
1865
1864
1866
1857
1857
1862
1875
1874
1868
1876
1872
1859
1878
1871
1864
1875
1870
1866
1866
1872
1919
1920
1907
1928
1926
1870
1866
1867
1871
1869
1867
1874
1883
1864
1861
1873
1868
1864
1865
1867
1871
1872
1937
1872
1885
1873
1869
1868
1861
1865
1862
1872
1870
1865
1874
1876
1870
1860
1900
1871
1922
1890
1860
1875
1872
1871
1870
1871
1865
1882
1870
1866
1867
1862
1930
1894
1900
1870
1871
1865
1867
1860
1868
1875
1863
1865
1865
1861
1864
1866
1887
1868
1872
1900
1910
1872
1863
