1934
1933
1935
1937
1940
1937
1941
1935
1933
1922
1940
1937
1942
1930
1933
1939
1939
1932
1935
1938
1929
1931
1930
1930
1941
1939
1934
1939
1933
1928
1932
1936
1943
1938
1933
1935
1939
1931
1928
1940
1928
1905
1940
1929
1929
1905
1933
1936
1934
1939
1926
1936
1939
1934
1940
1938
1935
1938
1941
1942
1937
1939
1933
1939
1938
1934
1939
1936
1941
1928
1929
1939
1937
1935
1932
1933
1932
1928
1929
1934
1935
1938
1933
1932
1933
1938
1944
1941
1934
1937
1936
1929
1941
1931
1934
1939
1935
1932
1905
1931
1933
1942
1933
1933
1942
1924
1931
1942
1933
1933
1936
1933
1928
1933
1935
1939
1931
1929
1934
1942
1939
1938
1940
1927
1938
1935
1941
1928
1931
1942
1936
1936
1943
1938
1934
1935
1935
1933
1931
1938
1931
1930
1905
1930
1942
1941
1930
1905
1935
1928
1940
1941
1935
1932
1929
1932
1930
1933
1928
1941
1937
1934
1931
1931
1938
1931
1932
1929
1940
1931
1936
1940
1942
1933
1930
1933
1933
1937
1925
1930
1932
1937
1930
1926
1936
1942
1933
1938
1930
1938
1942
1926
1931
1938
1932
1940
1928
1939
1930
1932
1930
1929
1932
1935
1932
1931
1937
1938
1933
1930
1930
1934
1947
1932
1939
1932
1942
1936
1931
1938
1932
1933
1928
1929
1926
1927
1932
1942
1930
1929
1930
1931
1927
1935
1927
1938
1935
1936
1929
1930
1931
1940
1936
1934
1938
1938
1938
1940
1932
1942
1939
1939
1930
1938
1934
1923
1930
1930
1940
1933
1929
1940
1933
1933
1928
1938
1942
1939
1934
1940
1929
1940
1934
1929
1931
1935
1926
1938
1932
1935
1937
1928
1931
1933
1932
1939
1941
1934
1938
1938
1942
1943
1928
1938
1942
1939
1937
1933
1936
1938
1937
1905
1943
1934
1940
1937
1942
1928
1942
1931
1930
1943
1931
1937
1925
1938
1931
1905
1905
1930
1934
1940
1942
1933
1936
1940
1935
1931
1931
1933
1941
1931
1939
1939
1938
1937
1939
1933
1928
1946
1940
1940
1931
1932
1936
1936
1931
1938
1940
1938
1941
1939
1939
1940
1934
1930
1934
1936
1934
1932
1938
1929
1929
1939
1942
1941
1939
1940
1939
1905
1905
1944
1933
1934
1931
1934
1939
1940
1928
1930
1937
1933
1932
1931
1943
1941
1941
1935
1938
1942
1941
1928
1934
1935
1928
1935
1928
1931
1938
1927
1934
1939
1931
1937
1931
1905
1928
1929
1939
1926
1927
1937
1931
1935
1935
1935
1941
1927
1927
1926
1938
1936
1932
1937
1930
1928
1936
1943
1932
1930
1937
1936
1938
1931
1931
1928
1905
1932
1930
1930
1943
1939
1935
1938
1937
1940
1941
1938
1936
1932
1928
1936
1942
1929
1905
1905
1940
1927
1932
1940
1940
1942
1942
1929
1929
1938
1942
1934
1934
1928
1933
1937
1935
1932
1941
1933
1942
1939
1934
1935
1931
1933
1938
1932
1930
1930
1944
1936
1932
1937
1933
1939
1931
1935
1931
1928
1936
1938
1932
1929
1943
1931
1933
1925
1934
1937
1933
1928
1934
1939
1929
1942
1940
1905
1935
1939
1943
1928
1927
1931
1942
1943
1937
1931
1937
1931
1943
1930
1939
1936
1928
1941
1929
1931
1935
1933
1931
1939
1942
1930
1935
1937
1929
1932
1931
1937
1931
1934
1932
1930
1937
1931
1935
1929
1929
1930
1936
1938
1941
1932
1931
1933
1937
1934
1936
1937
1932
1932
1929
1935
1933
1938
1932
1931
1935
1939
1937
1940
1939
1931
1940
1929
1943
1932
1928
1936
1938
1936
1942
1935
1945
1925
1932
1929
1937
1937
1932
1930
1943
1937
1933
1928
1937
1942
1943
1928
1930
1935
1939
1932
1940
1931
1932
1939
1927
1943
1940
1941
1935
1939
1937
1938
1931
1926
1928
1930
1936
1933
1934
1928
1927
1905
1905
1940
1930
1938
1933
1934
1929
1930
1933
1942
1930
1931
1932
1942
1938
1940
1937
1931
1934
1942
1935
1936
1928
1939
1942
1941
1929
1939
1933
1937
1929
1938
1940
1940
1928
1939
1935
1937
1942
1939
1941
1940
1929
1933
1936
1938
1937
1939
1937
1932
1931
1935
1937
1928
1930
1937
1930
1940
1940
1930
1927
1933
1933
1943
1942
1931
1940
1933
1935
1929
1929
1939
1941
1939
1937
1932
1939
1932
1938
1936
1929
1930
1933
1930
1932
1933
1932
1931
1927
1932
1943
1930
1936
1940
1937
1933
1935
1937
1940
1932
1942
1930
1928
1938
1938
1940
1941
1941
1932
1930
1936
1940
1929
1942
1933
1931
1935
1938
1940
1938
1940
1933
1942
1939
1933
1930
