1897
1888
1897
1911
1909
1927
1887
1935
1943
1910
1936
1908
1908
1933
1913
1879
1914
1912
1885
1921
1904
1926
1934
1925
1901
1914
1906
1929
1925
1905
1898
1929
1908
1941
1926
1924
1925
1904
1916
1927
1921
1921
1915
1923
1916
1917
1907
1928
1916
1914
1906
1905
1932
1914
1914
1944
1906
1907
1921
1926
1917
1909
1919
1925
1921
1898
1925
1890
1925
1928
1923
1915
1919
1925
1911
1913
1892
1924
1892
1925
1924
1924
1904
1915
1920
1922
1924
1930
1924
1900
1906
1893
1912
1916
1919
1883
1886
1912
1906
1929
1924
1890
1927
1913
1912
1902
1902
1927
1928
1900
1909
1932
1907
1934
1919
1879
