1902
1881
1891
1921
1900
1918
1937
1915
1933
1895
1890
1915
1930
1922
1926
1932
1905
1897
1931
1912
1929
1939
1932
1905
1907
1936
1936
1909
1929
1898
1896
1902
1927
1916
1928
1906
1902
1935
1875
1930
1925
1894
1905
1927
1879
1896
1891
1928
1922
1931
1910
1906
1936
1869
1884
1883
1886
1913
1915
1906
1935
1902
1911
1937
1939
1912
1923
1904
1874
1874
1910
1882
1913
1891
1912
1884
1917
1925
1910
1907
1934
1902
1921
1892
1889
1900
1908
1905
1934
1868
1907
1894
1903
1907
1934
1904
1899
1927
1909
1905
1932
1924
1893
1927
1920
1920
1888
1888
1916
1897
1932
1933
1893
1916
1921
1896
1922
1892
1926
1908
1917
1933
1900
1931
1863
1910
1928
1884
1912
1916
1915
1873
1910
1938
1882
1916
1876
1908
1906
1893
1915
1887
1927
1929
1893
1925
1891
1891
1916
1875
1915
1910
1933
1907
1907
1907
1892
1942
1916
1889
1915
1920
1880
1927
1912
1895
1936
1909
1921
1923
1929
1918
1888
1910
1910
1918
1915
1913
1898
1905
1925
1923
1897
1895
1910
1938
1924
1900
1908
1904
1904
1934
1922
1885
1896
1869
1926
1933
1897
1905
1918
1923
1883
1902
1922
1919
1897
1923
1896
1924
1911
1886
1882
1888
1929
1877
1882
1890
1922
1925
1898
1907
1886
1936
1943
1911
1909
1877
1911
1909
1935
1881
1921
1914
1883
1883
1904
1905
1931
1929
1924
1898
1865
1904
1908
1901
1933
1937
1904
1938
1927
1919
1908
1890
1896
1878
1904
1908
1916
1925
1908
1910
1887
1942
1884
1898
1880
1917
1880
1915
1872
1908
1914
1910
1904
1859
1887
1931
1937
1932
1903
1922
1886
1912
1884
1879
1926
1921
1923
1917
1920
1895
1923
1924
1926
1931
1880
1880
1929
1878
1898
1908
1888
1907
1929
1928
1925
1919
1922
1927
1928
1897
1920
1918
1910
1914
1937
1900
1927
1931
1904
1919
