1892
1892
1896
1896
1916
1916
1920
1920
1923
1923
1923
1923
1925
1925
1900
1900
1902
1902
1931
1931
1901
1901
1933
1933
1928
1928
1923
1923
1883
1883
1932
1932
1927
1927
1932
1932
1937
1937
1929
1929
1907
1907
1934
1934
1911
1911
1931
1931
1925
1925
1929
1929
1897
1897
1879
1879
1897
1897
1900
1900
1929
1929
1897
1897
1926
1926
1932
1932
1919
1919
1923
1923
1893
1893
1922
1922
1938
1938
1934
1934
1921
1921
1924
1924
1929
1929
1894
1894
1893
1893
1927
1927
1904
1904
1906
1906
1928
1928
1913
1913
1921
1921
1889
1889
1922
1922
1904
1904
1905
1905
1939
1939
1906
1906
1904
1904
1937
1937
1911
1911
1905
1905
1940
1940
1899
1899
