1896
1896
1928
1928
1921
1921
1900
1900
1928
1928
1897
1897
1906
1906
1928
1928
1923
1923
1924
1924
1898
1898
1919
1919
1929
1929
1926
1926
1931
1931
1936
1936
1928
1928
1898
1898
1900
1900
1928
1928
1925
1925
1923
1923
1900
1900
1902
1902
1911
1911
1894
1894
1927
1927
1885
1885
1917
1917
1923
1923
1928
1928
1922
1922
1884
1884
1916
1916
1939
1939
1909
1909
1929
1929
1916
1916
1914
1914
1922
1922
1911
1911
1915
1915
1898
1898
1926
1926
1937
1937
1909
1909
1909
1909
1911
1911
1910
1910
1900
1900
1914
1914
1864
1864
1900
1900
1906
1906
1908
1908
1873
1873
1907
1907
1875
1875
1935
1935
1930
1930
1881
1881
1927
1927
1925
1925
1870
1870
1872
1872
1876
1876
1889
1889
1923
1923
1924
1924
1904
1904
1915
1915
1909
1909
1930
1930
1903
1903
1928
1928
1941
1941
1889
1889
1889
1889
1924
1924
1915
1915
1924
1924
1912
1912
1942
1942
1898
1898
1938
1938
1908
1908
1911
1911
1894
1894
1900
1900
1928
1928
1896
1896
1896
1896
1937
1937
1907
1907
1915
1915
1903
1903
1903
1903
1927
1927
1922
1922
1934
1934
1930
1930
1932
1932
1910
1910
1936
1936
1903
1903
1935
1935
1874
1874
1900
1912
1900
1900
1900
1912
1922
1922
1904
1904
1929
1929
1923
1923
1886
1886
1890
1890
1914
1914
1921
1921
1925
1925
1927
1927
1928
1928
1921
1921
1912
1912
1876
1876
1918
1918
1916
1916
1906
1906
1906
1906
1867
1867
1928
1928
1898
1898
1901
1901
1931
1931
1914
1914
1909
1909
1876
1876
1882
1882
1906
1906
1931
1931
1895
1895
1897
1897
1923
1923
1931
1931
1904
1904
1926
1926
1906
1906
1901
1901
1930
1930
1907
1907
1900
1900
1927
1927
1906
1906
1926
1926
1893
1893
1889
1889
1926
1926
1926
1926
1902
1902
1932
1932
1921
1921
1930
1930
1923
1923
1932
1932
1901
1901
1894
1894
1895
1895
1900
1900
1932
1932
1919
1919
1915
1915
1880
1880
1880
1880
1904
1904
1896
1896
1923
1923
1900
1900
1913
1913
1915
1915
1939
1939
1900
1900
1900
1900
1900
1900
1892
1892
1921
1921
1912
1912
1919
1919
1907
1907
1888
1888
1930
1930
1906
1906
1927
1927
1930
1930
1898
1898
1928
1928
1925
1925
1878
1878
1875
1875
1907
1907
1884
1884
1919
1919
1885
1885
1934
1934
1936
1936
1907
1907
1903
1903
1917
1917
1919
1919
1882
1882
1888
1888
1931
1931
1923
1923
1895
1895
1893
1893
1922
1922
1925
1925
1941
1941
1911
1911
1934
1934
1936
1936
1909
1909
1910
1910
1912
1912
1912
1912
1937
1937
1933
1933
1902
1902
1890
1890
1900
1900
1934
1934
1896
1896
1915
1915
1924
1924
1917
1917
1888
1888
1921
1921
1920
1920
