1928
1928
1909
1909
1915
1915
1919
1919
1943
1943
1910
1910
1927
1927
1925
1925
1920
1920
1884
1884
1907
1907
1936
1936
1908
1908
1898
1898
1910
1910
1906
1906
1941
1941
1904
1904
1922
1922
1944
1944
1923
1923
1920
1920
1911
1911
1925
1925
1937
1937
1911
1911
1914
1914
1935
1935
1931
1931
1906
1906
1901
1901
1929
1929
1915
1915
1933
1933
1927
1927
1925
1925
1937
1937
1893
1893
1931
1931
1933
1933
1890
1890
1935
1935
1922
1922
1904
1904
1924
1924
1916
1916
1913
1913
1903
1903
1923
1923
1921
1921
1893
1893
1914
1914
1928
1928
1887
1887
1908
1908
1925
1925
1937
1937
1929
1929
1897
1897
1928
1928
1891
1891
1931
1931
1925
1925
1927
1927
1905
1905
1919
1919
1930
1930
1929
1929
1892
1892
1909
1909
1920
1920
1936
1936
1940
1940
1934
1934
1926
1926
1904
1904
1903
1903
1927
1927
1910
1910
1899
1899
1920
1920
1924
1924
1924
1924
1895
1895
1902
1902
1927
1927
1929
1929
1927
1927
1925
1925
1928
1928
