1870
1870
1887
1887
1913
1913
1912
1912
1914
1914
1876
1876
1892
1892
1897
1897
1920
1920
1917
1917
1923
1923
1861
1861
1885
1885
1914
1914
1919
1919
1911
1911
1916
1916
1885
1885
1903
1903
1865
1865
1929
1929
1865
1865
1909
1909
1899
1899
1897
1897
1931
1931
1875
1875
1879
1879
1879
1879
1936
1936
1932
1932
1910
1910
1903
1903
1890
1890
1924
1924
1885
1885
1856
1856
1876
1876
1879
1879
1938
1938
1915
1915
1913
1913
1927
1927
1929
1929
1906
1906
1930
1930
1900
1900
1891
1891
1927
1927
1902
1902
1902
1902
1908
1908
1903
1903
1913
1913
1936
1936
1935
1935
