1896
1873
1908
1908
1935
1938
1902
1872
1905
1933
1904
1919
1892
1921
1924
1923
1870
1930
1892
1922
1924
1912
1930
1905
1925
1900
1937
1902
1927
1879
1921
1879
1914
1859
1900
1930
1900
1870
1871
1902
1893
1883
1895
1922
1924
1894
1934
1938
1905
1928
1896
1924
1870
1896
1928
1903
1903
1878
1916
1878
1923
1907
1881
1909
1916
1883
1914
1887
1896
1917
1914
1912
1882
1918
1884
1922
1881
1913
1880
1885
1924
1922
1910
1888
1926
1897
1900
1938
1920
1876
1918
1934
1903
1886
1892
1871
1920
1917
1888
1922
1890
1917
1909
1880
1887
1923
1885
1928
1894
1917
1925
1894
1912
1914
1930
1906
1938
1933
1928
1911
1905
1930
1920
1891
1913
1897
1922
1904
1936
1932
1909
1899
1898
1929
1935
1885
1912
1937
1908
1890
1910
1931
1906
1906
1912
1896
1934
1895
1903
1920
1924
1891
1918
1887
1907
1938
1910
1874
1923
1910
1914
1918
1889
1937
1913
1860
1864
1902
1904
1892
1888
1910
1897
1939
1911
1913
1905
1870
1899
1911
1898
1930
1927
1903
1930
1905
1865
1864
1898
1898
1922
1923
1931
1926
1934
1904
1898
1897
1870
1901
1939
1871
1911
1871
