1917
1916
1918
1910
1916
1913
1917
1885
1884
1911
1934
1920
1895
1932
1922
1930
1898
1899
1926
1897
1889
1924
1921
1914
1912
1896
1897
1928
1922
1923
1925
1894
1893
1925
1918
1900
1868
1912
1892
1919
1903
1939
1901
1935
1913
1913
1887
1921
1915
1878
1927
1903
1925
1892
1889
1926
1922
1894
1925
1882
1890
1911
1911
1931
1905
1904
1914
1925
1927
1903
1894
1902
1939
1891
1908
1937
1921
1912
1924
1884
1896
1887
1887
1877
1923
1919
1889
1937
1903
1895
1933
1898
1895
1929
1926
1925
1879
1924
1896
1935
1926
1898
1929
1891
1897
1928
1903
1931
1924
1925
1910
1919
1916
1875
1933
1893
1900
1937
1932
1926
1919
1915
1915
1915
1918
1886
1920
1886
1910
1920
1895
1919
1926
1895
1889
1888
1888
