1934
1875
1917
1908
1936
1912
1914
1919
1897
1913
1919
1875
1909
1891
1898
1901
1890
1890
1891
1886
1899
1895
1885
1915
1891
1907
1902
1931
1893
1910
1919
1923
1910
1930
1922
1901
1901
1905
1930
1907
1905
1913
1895
1924
1900
1896
1922
1898
1869
1926
1926
1904
1911
1938
1885
1903
1883
1881
1903
1932
1904
1942
1913
1907
1903
1922
1925
1921
1927
1924
1898
1924
1922
1930
1928
1920
1925
1918
1897
1891
1910
1887
1915
1880
1912
1888
1869
1923
1941
1910
1934
1908
1928
1905
1920
1908
1911
1880
1926
1926
1904
1875
1904
1930
1930
1902
1902
1877
1903
1903
1912
1912
1939
1939
1924
1888
1917
1922
1905
1903
1928
1892
1898
1882
1910
1926
1895
1896
1911
1933
1912
1900
1934
1905
1880
1926
1881
1916
1919
1921
1919
1911
1941
1938
1908
1909
1939
1912
1934
1907
1911
1937
1935
1908
1903
1914
1863
1864
1912
1905
1940
1895
1920
1923
1896
1930
1904
1932
1898
1930
1889
1889
1872
1884
1921
1892
1937
1906
1939
1914
1906
1933
1935
1925
1896
1921
1923
1910
1899
1928
1917
1915
1934
1880
1900
1892
1873
1930
1921
1898
1923
1921
1932
1913
1911
1937
1907
1918
1890
1910
1907
1900
1894
1932
1903
1908
1933
1906
1906
1919
1897
1931
1931
1890
1902
1935
1924
1928
1927
1912
1931
1894
1923
1929
1926
1882
1910
1909
1898
1926
1929
1891
1890
1886
1907
1905
1939
1935
1913
1904
1909
1919
1913
1927
1903
1898
1926
1937
1930
1924
1902
1909
1932
1929
1890
1893
1876
1908
1925
1905
1900
1926
1908
1933
1904
1903
1914
1916
1879
1891
1934
1909
1904
1909
1904
1936
1911
1938
1911
1903
1915
1897
1919
1909
1911
1912
1879
1918
1939
1941
1911
1911
1880
1881
1937
1890
1924
1927
1922
1903
1940
