1894
1893
1901
1934
1906
1935
1875
1918
1919
1920
1911
1928
1882
1903
1921
1925
1929
1923
1871
1885
1914
1901
1931
1921
1897
1899
1929
1903
1905
1930
1937
1933
1902
1937
1927
1916
1876
1924
1887
1922
1916
1890
1928
1885
1886
1926
1927
1927
1902
1925
1885
1923
1883
1906
1936
1936
1900
1934
1911
1897
1917
1930
1909
1913
1940
1893
1931
1923
1925
1895
1872
1873
1915
1914
1911
1899
1916
1926
1905
1916
1893
1917
1901
1902
1939
1933
1894
1913
1941
1877
1878
1914
1875
1867
1914
1916
1941
1914
1881
1933
1902
1903
1922
1925
1893
1910
1907
1935
1902
1932
1903
1934
1935
1937
1929
1912
1882
1914
1925
1887
1915
1922
1917
1885
1919
1896
1930
1934
1931
1903
1925
1927
1927
1907
1931
1939
1934
1918
1895
1924
1893
1920
1894
1893
1911
1890
1924
1921
1923
1901
1934
1925
1896
1916
1893
1922
1894
1915
1939
1910
1920
1916
1923
1896
1902
1927
1926
1896
1916
1924
1925
1916
1875
1908
1904
1936
1934
1905
1911
1898
1909
1912
1894
1935
1937
1896
1936
1922
1922
1881
1923
1885
1916
1943
1914
1901
1916
1905
1910
1886
1892
1928
1928
1866
1914
1928
1914
1881
1917
1913
1919
1916
1911
1924
1920
1895
1920
1905
1923
1936
1938
1911
1940
1916
1888
1881
1906
1906
1878
1917
1910
1909
1912
1937
1934
1904
1903
1937
1888
1912
1899
1887
1873
1914
1911
1876
1929
1908
1889
1925
1933
1895
1919
1898
1940
1929
1921
1923
1925
1924
1906
1915
1922
1942
