1893
1893
1921
1921
1892
1892
1917
1917
1864
1864
1926
1926
1913
1913
1908
1908
1906
1906
1932
1932
1938
1938
1898
1898
1922
1922
1916
1916
1884
1884
1905
1905
1909
1909
1918
1918
1924
1924
1900
1900
1903
1903
1919
1919
1904
1904
1909
1909
1919
1919
1884
1884
1917
1917
1929
1929
1904
1904
1925
1925
1874
1874
1868
1868
1902
1902
1868
1868
1889
1889
1901
1901
1915
1915
1897
1897
1924
1924
1912
1912
1926
1926
1889
1889
1925
1925
1934
1934
1899
1899
1887
1887
1900
1900
1928
1928
1889
1889
1868
1868
1908
1908
1905
1905
1928
1928
1929
1929
1903
1903
1894
1894
1933
1933
1924
1924
1894
1894
1907
1907
1909
1909
1938
1938
1894
1894
1927
1927
1925
1925
1919
1919
1871
1871
1897
1897
1922
1922
1921
1921
1894
1894
1875
1875
1906
1906
1935
1935
1908
1908
1895
1895
1908
1908
1867
1867
1908
1908
1935
1935
1908
1908
1918
1918
1910
1910
1900
1900
1903
1903
1926
1926
1928
1928
1889
1889
1887
1887
1907
1907
1937
1937
1906
1906
1933
1933
1908
1908
1907
1907
1907
1907
1871
1871
1909
1909
1907
1907
1905
1905
1917
1917
