1922
1890
1924
1919
1891
1916
1883
1887
1916
1911
1919
1913
1916
1926
1892
1927
1925
1921
1890
1927
1923
1922
1925
1903
1922
1913
1899
1928
1901
1927
1923
1892
1889
1893
1898
1899
1915
1917
1897
1903
1929
1922
1927
1927
1925
1925
1906
1914
1880
1920
1926
1920
1925
1892
1926
1898
1929
1914
1899
1906
1932
1900
1931
1928
1900
1906
1937
1930
1903
1921
1919
1894
1917
1908
1896
1929
1899
1933
1936
1906
1900
1914
1902
1903
1932
1929
1905
1909
1909
1924
1909
1936
1865
1938
1923
1926
1925
1895
1928
1890
1899
1906
1927
1895
1894
1899
1927
1907
1927
1900
1928
1906
1910
1922
1886
1914
1924
1897
1900
1929
1894
1938
1924
1928
1925
1939
1904
