1877
1930
1912
1910
1939
1914
1897
1923
1924
1890
1923
1921
1881
1900
1879
1923
1900
1939
1927
1929
1929
1936
1903
1931
1932
1904
1878
1934
1902
1939
1932
1899
1931
1936
1891
1919
1927
1919
1933
1924
1930
1911
1927
1892
1880
1890
1908
1910
1905
1935
1939
1912
1910
1873
1910
1904
1937
1909
1894
1922
1882
1928
1888
1924
1892
1894
1893
1922
1918
1910
1877
1876
1924
1912
1881
1921
1927
1918
1880
1897
1924
1928
1930
1926
1875
1932
1904
1936
1903
1880
1876
1869
1894
1884
1922
1920
1864
1864
1875
1875
1906
1887
1921
1928
1924
1887
1918
1884
1910
1929
1903
1932
1909
