1932
1920
1894
1926
1904
1933
1930
1938
1922
1903
1919
1938
1938
1893
1886
1929
1929
1928
1902
1914
1914
1860
1902
1907
1867
1874
1874
1910
1910
1911
1911
1886
1891
1925
1930
1921
1924
1903
1908
1939
1886
1927
1914
1924
1897
1919
1931
1908
1908
1877
1877
1911
1909
1909
1937
1938
1939
1939
1931
1869
1902
1926
1933
1929
1935
1906
1907
1915
1917
1899
1889
1921
1922
1886
1886
1911
1912
1912
1929
1929
1932
1932
1927
1927
1886
1886
1928
1928
1915
1915
1908
1908
1872
1872
1907
1900
1900
1931
1931
1926
1934
1900
1931
1938
1938
1913
1913
1907
1939
1883
1911
1911
1906
1906
1909
1909
1915
1898
1926
1923
1929
1902
1930
1902
1935
1932
1929
1918
1889
1924
1887
1921
1880
1916
1928
1917
1931
1913
1919
1924
1929
1910
1921
1931
1895
1870
1919
1914
1934
1937
1933
1909
1934
1914
1868
1868
1903
1903
1914
1907
1876
1876
1882
1907
1891
1925
1891
1891
1932
1877
1877
1935
1935
1938
1938
1877
1877
1906
1906
1905
1906
1909
1906
1908
1868
1937
1903
1936
1932
1896
1896
1908
1908
1898
1898
1885
1885
1882
1882
1903
1909
1909
1936
1936
1876
1876
1914
1914
1888
1936
1936
1902
1902
1919
1898
1898
1908
1908
1896
1930
1894
1933
1909
1899
1899
1931
1931
1929
1929
1897
1897
1938
1938
1926
1926
1924
1924
1940
1933
1933
1932
1932
1903
1903
1940
1930
1930
1925
1925
1893
1893
1887
1919
1911
1924
1886
1927
1921
1906
1906
1939
1934
1903
1903
1938
1938
1883
1911
1939
1926
1912
1883
1883
1903
1905
1905
1912
1912
1903
1871
1933
1872
1872
1909
1909
1904
1912
1878
1916
1936
1938
1904
1915
1915
1882
1882
1876
1921
1912
1924
1884
1918
1882
1886
1886
1922
1919
1886
1913
1905
1902
1927
1932
1932
1906
1906
1935
1935
1907
1907
1937
1937
1922
1923
1894
1932
1928
1925
1910
1888
1891
1921
1912
1914
1920
