1915
1915
1877
1877
1919
1919
1916
1916
1911
1911
1925
1925
1925
1925
1915
1915
1912
1912
1932
1932
1897
1897
1894
1894
1933
1933
1928
1928
1930
1930
1893
1893
1934
1934
1926
1926
1898
1898
1900
1900
1877
1877
1911
1911
1925
1925
1919
1919
1920
1920
1928
1928
1905
1905
1904
1904
1921
1921
1891
1891
1897
1897
1898
1898
1901
1901
1925
1925
1882
1882
1878
1878
1913
1913
1915
1915
1915
1915
1917
1917
1872
1872
1872
1872
1889
1889
1924
1924
1895
1895
1884
1884
1907
1907
1933
1933
1908
1908
1907
1907
1919
1919
1919
1919
1934
1934
1907
1907
1931
1931
1905
1905
1917
1917
1921
1921
1897
1897
1904
1904
1917
1917
1898
1898
1913
1913
