1931
1935
1909
1903
1933
1912
1939
1922
1907
1929
1933
1925
1929
1886
1891
1916
1923
1925
1923
1904
1925
1924
1930
1903
1923
1938
1913
1896
1928
1906
1921
1897
1911
1927
1931
1895
1898
1928
1905
1892
1928
1865
1908
1916
1925
1900
1897
1914
1913
1909
1910
1912
1935
1937
1910
1902
1928
1930
1888
1887
1917
1912
1890
1925
1937
1915
1892
1921
1898
1923
1925
1930
1930
1925
1896
1937
1897
1937
1928
1924
1884
1917
1926
1916
1910
1931
1900
1897
1936
1907
1874
1923
1905
1915
1877
1917
1907
1890
1933
1904
1914
1920
1928
1922
1886
1926
1892
1930
1893
1922
1893
1927
1929
1879
1908
1936
1900
1932
1939
1928
1926
1924
1895
1904
1929
1930
1915
1917
1937
1905
1938
1902
1933
1912
1904
1883
1927
1918
1929
1924
1910
1937
1934
1902
1914
1885
1916
1888
