1912
1912
1939
1939
1913
1913
1894
1894
1908
1908
1938
1938
1913
1913
1881
1881
1905
1905
1887
1887
1887
1887
1927
1927
1896
1896
1898
1898
1928
1928
1907
1907
1876
1876
1876
1876
1920
1920
1894
1894
1890
1890
1923
1923
1909
1909
1917
1917
1924
1924
1885
1885
1922
1922
1887
1887
1927
1927
1931
1931
1926
1926
1928
1928
1898
1898
1922
1922
1903
1903
1873
1873
1886
1886
1932
1932
1888
1888
1926
1926
1922
1922
1924
1924
1929
1929
1896
1896
1930
1930
1932
1932
1915
1915
1929
1929
1925
1925
1926
1926
1895
1895
1898
1898
1902
1902
1933
1933
1894
1894
1927
1927
1927
1927
1924
1924
1900
1900
1900
1900
1921
1921
1886
1886
1865
1865
1898
1898
1878
1878
1907
1907
1877
1877
1932
1932
1935
1935
1907
1907
1930
1930
1908
1908
1914
1914
1932
1932
1936
1936
1895
1895
1903
1903
1930
1930
1889
1889
1894
1894
1923
1923
1912
1912
1881
1881
1898
1898
1909
1909
