1900
1905
1901
1902
1915
1903
1920
1918
1911
1894
1906
1899
1907
1900
1886
1896
1898
1883
1891
1901
1901
1918
1902
1898
1923
1906
1901
1903
1901
1885
1914
1902
1899
1900
1895
1898
1906
1912
1919
1905
1913
1883
1921
1896
1912
1895
1909
1903
1904
1921
1903
1898
1920
1902
1909
1912
1909
1901
1900
1898
1907
1901
1896
1897
1895
1912
1908
1917
1910
1920
1899
1902
1909
1904
1904
1907
1893
1909
1911
1902
1908
1912
1891
1905
1914
1898
1911
1914
1886
1898
1922
1916
1920
1893
1904
1901
1884
1899
1903
1922
1903
1900
1918
1904
1898
1906
1909
1912
1923
1919
1917
1911
1890
1897
1915
1887
1906
1889
1908
1921
1906
1907
1898
1907
1907
1902
1879
1900
1893
1901
1910
1898
1901
1895
1921
1899
1904
1921
1919
1910
1907
1916
1899
1900
1897
1916
1898
1909
1912
1888
1906
1904
1910
1910
1912
1902
1896
1910
1893
1919
1877
1894
1891
1889
1902
1897
1922
1896
1905
1900
1903
1905
1898
1902
1918
1902
1913
1912
1897
1899
1895
1913
1907
1911
1905
1907
1898
1907
1923
1896
1903
1897
1894
1923
1920
1907
1901
1914
1910
1889
1901
1890
1896
1915
1896
1903
1901
1901
1902
1898
1886
1911
1904
1913
1910
1910
1867
1894
1901
1900
1899
1920
1910
1905
1920
1912
1899
1906
1911
1924
1890
1904
1924
1888
1901
1916
1920
1909
1904
1900
1899
1900
1900
1891
1902
1900
1893
1894
1898
1899
1904
1902
1895
1914
1911
1909
1888
1893
1905
1909
1899
1898
1900
1919
1898
1901
1885
1901
1904
1919
1915
1905
1905
1901
1896
1911
1909
1891
1888
1899
1924
1911
1893
1901
1907
1916
1908
1924
1888
1896
1911
1888
1889
1907
1884
1904
1896
1921
1897
1902
1898
1920
1907
1892
1895
1912
1918
1906
1897
1907
1919
1909
1920
1891
1915
1906
1914
1905
1905
1909
1893
1924
1917
1903
1911
1923
1881
1903
1909
1890
1925
1911
1909
1903
1919
1890
1903
1907
1920
1889
1909
1896
1898
1904
1924
1914
1912
1896
1902
1890
1910
1913
1901
1899
1897
1898
1903
1907
1907
1915
1917
1903
1897
1890
1901
1917
1901
1910
1903
1902
1919
1902
1897
1895
1914
1912
1897
1877
1894
1924
1917
1910
1914
1889
1905
1896
1891
1910
1881
1879
1880
1887
1910
1914
1917
1900
1913
1921
1913
1899
1898
1921
1923
1914
1898
1900
1895
1922
1903
1909
1903
1895
1908
1915
1905
1920
1919
1922
1922
1896
1907
1890
1911
1912
1904
1902
1891
1893
1912
1915
1899
1905
1907
1924
1901
1912
1901
1893
1895
1903
1887
1903
1908
1903
1932
1900
1904
1897
1918
