1937
1931
1899
1888
1923
1925
1926
1899
1885
1924
1926
1921
1926
1922
1908
1916
1885
1920
1924
1916
1912
1884
1921
1912
1936
1908
1938
1909
1920
1913
1883
1911
1924
1891
1897
1909
1921
1925
1920
1915
1911
1934
1914
1900
1899
1937
1876
1906
1904
1907
1907
1925
1906
1908
1918
1944
1907
1925
1912
1897
1937
1909
1903
1910
1916
1911
1920
1915
1933
1899
1926
1898
1929
1900
1931
1927
1937
1925
1914
1935
1904
1912
1939
1927
1898
1924
1926
1894
1922
1920
1916
1893
1893
1916
1944
1904
1924
1888
1927
1913
1930
1929
1900
1937
1902
1939
1933
1932
1896
1929
1913
1909
1920
1907
1944
1926
1895
1933
1929
1894
1894
1921
1923
1905
1915
1904
1921
1923
1922
1930
1926
1910
1907
1932
1908
1914
1920
1923
1892
1920
1928
1905
1909
1905
1942
1900
1929
1914
1909
1922
1932
1894
1923
1926
1916
1930
1901
1933
1910
1934
1904
1923
1912
1910
1916
1918
1942
1915
1914
1910
1910
1939
1883
1916
1884
1886
1889
1910
1927
1924
1902
1933
1898
1914
1935
1917
1910
1931
1929
1924
1900
1930
1927
1903
1891
1924
1926
1891
1924
1925
1908
1912
1880
1905
1908
1906
1908
1939
1904
1935
1932
1905
1905
1895
1908
1934
1938
1936
1919
1924
1886
1887
1898
1895
1893
1912
1929
1911
1911
1898
1904
1914
1895
1929
1891
1936
1903
1928
1900
1931
1885
1895
1928
1929
1932
1895
1891
1876
1914
1910
1927
1892
1906
1909
1925
1926
1900
