1924
1936
1921
1934
1897
1927
1925
1929
1926
1909
1920
1916
1891
1896
1925
1896
1898
1900
1900
1900
1886
1874
1940
1911
1935
1919
1917
1923
1879
1884
1881
1898
1895
1906
1926
1929
1914
1918
1925
1884
1926
1885
1920
1910
1872
1926
1873
1897
1931
1880
1919
1878
1904
1903
1892
1919
1931
1927
1921
1896
1890
1888
1897
1914
1921
1918
1926
1893
1923
1887
1929
1925
1922
1894
1928
1921
1923
1881
1919
1912
1893
1933
1914
1922
1910
1892
1912
1917
1908
1939
1880
1936
1878
1926
1929
1907
1931
1939
1888
1923
1910
1910
1921
1910
1930
1885
1933
1923
1936
1928
1892
1927
1929
1886
1884
1927
1896
1888
1924
1916
1920
1898
1922
1929
1894
1880
1915
1911
1936
1897
1900
1914
1873
1923
1890
1926
1894
1914
1911
1904
1920
1905
1929
1927
1893
1931
1925
1926
1918
