1939
1906
1911
1935
1911
1889
1933
1902
1906
1872
1904
1885
1925
1918
1915
1913
1902
1936
1934
1860
1908
1877
1874
1901
1901
1933
1928
1935
1897
1892
1923
1918
1896
1915
1914
1880
1917
1887
1905
1909
1938
1912
1909
1884
1884
1920
1900
1936
1922
1933
1889
1904
1934
1905
1907
1903
1912
1928
1920
1917
1931
1916
1929
1891
1895
1927
1924
1930
1924
1904
1908
1937
1902
1934
1905
1934
1923
1887
1888
1904
1935
1903
1927
1925
1887
1895
1895
1930
1930
1922
1875
1937
1903
1905
1877
1922
1917
1916
1886
1905
1905
1870
1922
1904
1908
1934
1908
1913
1922
1924
1867
1890
1917
1927
1874
1909
1889
1910
1940
1854
1933
1906
1940
1913
1912
1875
1919
1898
1908
1902
1933
1911
1875
1908
1912
1905
1940
1936
1884
1896
1922
1920
1917
1895
1893
1889
1906
1887
1908
1899
1934
1894
1919
1910
1898
1930
1910
1920
1891
1926
1923
1891
