1936
1936
1902
1902
1938
1938
1903
1903
1891
1891
1920
1920
1896
1896
1870
1870
1875
1875
1878
1878
1900
1900
1912
1912
1868
1868
1929
1929
1900
1900
1884
1884
1923
1923
1921
1921
1916
1916
1918
1918
1925
1925
1886
1886
1934
1934
1936
1936
1939
1939
1903
1903
1906
1906
1910
1910
1937
1937
1917
1917
1905
1905
1920
1920
1929
1929
1924
1924
1890
1890
1926
1926
1890
1890
1891
1891
1921
1921
1894
1894
1928
1928
1924
1924
1926
1926
1862
1862
1873
1873
1898
1898
1895
1895
1924
1924
1921
1921
1892
1892
1890
1890
1926
1926
1935
1935
1933
1933
1911
1911
1927
1927
1936
1936
1902
1902
1900
1900
1924
1924
1878
1878
1914
1914
1913
1913
1874
1874
1918
1918
1911
1911
1871
1871
1873
1873
1908
1908
1933
1933
1912
1912
1940
1940
1907
1907
1932
1932
1937
1937
1907
1907
1918
1918
1915
1915
1925
1925
1926
1926
1881
1881
1921
1921
1914
1914
1923
1923
1936
1936
1898
1898
1929
1929
1926
1926
1901
1901
1917
1917
1884
1884
1895
1895
1919
1919
1874
1874
1923
1923
1892
1892
1929
1929
1931
1931
1921
1921
1927
1927
1899
1899
1923
1923
1925
1925
1899
1899
1921
1921
1931
1931
1882
1882
1937
1937
1876
1876
1905
1905
1910
1910
1913
1913
1911
1911
1921
1921
1897
1897
1919
1919
1884
1884
1900
1900
1866
1866
1931
1931
1928
1928
1889
1889
1917
1917
1922
1922
1921
1921
1890
1890
1928
1928
