1911
1911
1923
1923
1908
1919
1919
1908
1913
1913
1879
1871
1895
1895
1913
1912
1938
1914
1916
1916
1920
1920
1895
1895
1896
1928
1892
1903
1893
1916
1895
1925
1894
1894
1910
1922
1922
1916
1916
1919
1919
1889
1889
1928
1928
1914
1914
1888
1888
1924
1924
1932
1932
1932
1901
1920
1890
1914
1925
1890
1916
1916
1878
1885
1885
1878
1892
1912
1914
1911
1914
1939
1880
1928
1886
1924
1933
1899
1897
1922
1895
1932
1931
1922
1903
1903
1927
1927
1933
1933
1902
1902
1909
1909
1909
1909
1915
1911
1911
1915
1915
1915
1908
1908
1889
1923
1895
1927
1939
1909
1920
1916
1886
1925
1925
1899
1899
1895
1895
1928
1928
1896
1896
1933
1933
1894
1896
1925
1925
1920
1920
1931
1931
1896
1928
1892
1879
1933
1899
1904
1902
1902
1902
1902
1930
1907
1932
1880
1882
1918
1940
1870
1870
1940
1931
1894
1922
1894
1926
1929
1929
1931
1931
1902
1902
1904
1904
1928
1928
1887
1920
1914
1883
1888
1915
1915
1914
1914
1885
1885
1918
1918
1879
1879
1922
1922
1913
1916
1939
1912
1880
1917
1878
1919
1919
