1911
1911
1910
1910
1910
1910
1938
1938
1933
1933
1902
1902
1919
1919
1900
1900
1932
1932
1930
1930
1925
1925
1900
1900
1936
1936
1897
1897
1900
1900
1923
1923
1925
1925
1918
1918
1923
1923
1900
1900
1888
1888
1904
1904
1905
1905
1932
1912
1900
1900
1932
1912
1935
1935
1900
1900
1933
1933
1930
1930
1871
1871
1913
1913
1913
1913
1900
1900
1900
1900
1900
1900
1925
1925
1892
1892
1926
1926
1899
1899
1927
1927
1886
1886
1887
1887
1938
1938
1910
1910
1910
1910
1876
1876
1904
1904
1904
1904
1883
1883
1923
1923
1892
1892
1899
1899
1892
1892
1900
1900
1883
1883
1893
1893
1923
1923
1901
1931
1931
1901
1938
1938
1900
1900
1918
1918
1889
1889
1924
1924
1916
1916
1935
1934
1900
1935
1900
1934
1872
1872
1880
1880
1880
1880
1910
1910
1883
1883
1908
1908
1910
1910
1934
1934
1894
1894
1920
1920
1900
1900
1901
1901
1931
1931
1913
1913
1880
1880
1890
1890
1892
1892
1930
1930
1925
1925
1911
1911
1893
1893
1941
1941
1927
1927
1922
1922
1905
1905
1922
1922
1899
1899
1924
1924
1899
1899
1939
1939
1905
1905
1879
1879
1928
1928
1901
1901
1925
1925
1910
1910
1911
1911
1897
1897
1938
1938
1902
1902
1902
1902
1903
1903
1907
1907
1943
1943
1916
1916
1924
1924
1919
1919
1909
1909
1899
1899
1916
1916
1911
1911
1939
1939
1914
1914
1926
1926
1902
1902
1932
1932
1912
1912
1871
1871
1898
1898
1900
1889
1889
1900
1932
1932
1924
1924
1926
1926
1896
1896
1925
1925
1896
1896
1908
1908
1907
1907
1908
1908
1933
1933
1937
1937
1917
1917
1917
1917
1887
1887
1915
1915
1905
1905
1923
1923
1922
1922
1922
1922
1894
1894
1900
1900
1900
1900
1900
1900
1930
1930
1904
1904
1907
1907
1910
1910
1912
1912
1914
1914
1873
1873
1896
1896
1928
1928
1901
1901
1909
1909
1920
1920
1914
1914
1917
1917
1911
1911
1922
1922
1908
1908
1882
1882
1912
1912
1909
1909
1929
1929
1864
1864
1901
1901
1901
1901
1885
1885
1898
1898
1922
1915
1915
1922
1914
1914
1919
1919
1884
1884
1892
1892
1924
1924
1930
1930
1926
1926
1902
1902
1935
1935
1929
1929
1893
1893
1925
1925
1939
1939
1907
1907
1915
1915
1923
1923
1910
1910
1903
1903
1886
1886
1926
1926
1914
1914
1865
1900
1900
1900
1865
1900
