1912
1912
1918
1918
1905
1905
1932
1932
1903
1903
1912
1912
1890
1890
1917
1917
1931
1931
1929
1929
1925
1925
1927
1927
1919
1919
1915
1915
1923
1923
1904
1904
1935
1935
1899
1899
1934
1934
1909
1909
1899
1899
1921
1921
1927
1927
1884
1884
1907
1907
1936
1936
1882
1882
1911
1911
1912
1912
1923
1923
1922
1922
1923
1923
1912
1912
1917
1917
1882
1882
1879
1879
1899
1899
1897
1897
1916
1916
1900
1900
1910
1910
1907
1907
1913
1913
1908
1908
1915
1915
1906
1906
1915
1915
1925
1925
1924
1924
1918
1918
1921
1921
1933
1933
1907
1907
1902
1902
1904
1904
1902
1902
1884
1884
1908
1922
1908
1908
1922
1908
1915
1915
1926
1926
1880
1880
1919
1919
1887
1887
1887
1887
1908
1908
1904
1904
1924
1924
1922
1922
1926
1926
1920
1920
1920
1920
1886
1886
1917
1917
1913
1913
1887
1887
1924
1924
1919
1919
1927
1927
1897
1897
1920
1920
1924
1924
1917
1917
1905
1905
1894
1894
1924
1924
1900
1900
1904
1904
1910
1910
1919
1919
1880
1880
1923
1923
1922
1922
1911
1911
1884
1884
1886
1886
1909
1909
1930
1930
1893
1893
1900
1900
1914
1914
1920
1920
1917
1917
1914
1914
1890
1890
1906
1906
1901
1901
1901
1901
1904
1904
1926
1926
1907
1907
1900
1900
