1890
1890
1917
1917
1885
1885
1900
1900
1883
1883
1917
1917
1887
1887
1913
1913
1924
1924
1921
1921
1932
1932
1935
1935
1904
1904
1907
1907
1888
1888
1893
1893
1885
1885
1932
1932
1896
1896
1901
1901
1882
1882
1876
1876
1914
1914
1910
1910
1937
1937
1908
1908
1935
1935
1926
1926
1898
1898
1900
1900
1900
1900
1867
1867
1866
1866
1874
1874
1910
1910
1912
1912
1917
1917
1911
1911
1883
1883
1880
1880
1893
1910
1893
1910
1911
1911
1911
1911
1905
1905
1872
1872
1867
1867
1929
1929
1896
1896
1928
1928
1900
1900
1900
1900
1900
1900
1900
1900
1900
1900
1899
1899
1900
1900
1878
1878
1911
1911
1925
1900
1925
1900
1900
1900
1900
1900
1911
1911
1900
1900
1930
1930
1928
1928
1901
1901
1925
1925
1932
1932
1911
1911
1886
1886
1895
1895
1874
1874
1913
1913
1933
1933
1929
1929
1900
1900
1931
1931
1929
1929
1880
1880
1900
1900
1905
1905
1927
1927
1929
1929
1910
1910
1935
1935
1938
1938
1907
1907
1900
1900
1931
1931
1918
1918
1891
1891
1920
1920
1931
1931
1905
1905
1935
1935
1907
1907
1932
1932
1894
1894
1906
1906
1892
1892
1923
1923
1925
1925
1897
1897
1893
1893
1926
1917
1920
1920
1917
1926
1921
1921
1910
1910
1878
1878
1912
1912
1900
1900
1916
1916
1876
1876
1877
1877
1913
1913
1918
1918
1915
1915
1885
1885
1926
1926
1923
1923
1893
1893
1921
1921
1924
1924
1896
1896
1925
1925
1926
1926
1896
1896
