1910
1915
1923
1907
1934
1932
1908
1891
1874
1864
1908
1912
1895
1923
1882
1882
1912
1886
1873
1902
1929
1893
1925
1938
1931
1919
1884
1902
1902
1928
1928
1936
1936
1912
1912
1893
1936
1936
1895
1895
1900
1900
1892
1892
1930
1888
1888
1925
1894
1894
1903
1908
1929
1929
1939
1939
1926
1926
1899
1899
1924
1924
1937
1937
1909
1915
1910
1895
1875
1926
1926
1909
1936
1901
1880
1880
1924
1917
1927
1921
1928
1919
1889
1886
1896
1911
1908
1909
1923
1923
1925
1925
1923
1895
1929
1904
1900
1900
1906
1920
1910
1916
1889
1887
1918
1921
1885
1913
1887
1912
1862
1905
1932
1901
1933
1903
1929
1909
1926
1895
1922
1889
1889
1890
1890
1923
1923
1874
1936
1902
1937
1920
1900
1909
1911
1935
1941
1930
1939
1932
1939
1926
1924
1900
1932
1935
1928
1901
1893
1905
1905
1937
1922
1925
1892
1903
1903
1938
1901
1914
1885
1886
1916
1880
1920
1920
1916
1939
1903
1910
1922
1885
1927
1917
1889
1920
1924
1935
1933
1915
1908
1904
