1863
1870
1890
1892
1883
1885
1880
1901
1887
1877
1901
1877
1893
1870
1895
1881
1906
1874
1892
1889
1893
1904
1873
1853
1884
1880
1874
1886
1877
1886
1882
1892
1869
1888
1885
1878
1875
1884
1885
1887
1869
1901
1894
1875
1865
1889
1891
1909
1902
1893
1896
1880
1880
1872
1890
1900
1895
1887
1904
1893
1893
1902
1890
1885
1885
1894
1900
1908
1884
1892
1876
1869
1885
1903
1895
1886
1876
1880
1892
1889
1892
1872
1866
1903
1907
1904
1875
1886
1891
1888
1906
1903
1912
1911
1902
1897
1898
1871
1899
1896
1907
1886
1874
1889
1868
1898
1891
1876
1896
1871
1875
1881
1871
1910
1880
1892
1907
1877
1903
1899
1891
1877
1889
1882
1889
1872
1876
1887
