1905
1902
1909
1909
1914
1937
1878
1911
1920
1902
1939
1873
1910
1936
1914
1884
1901
1909
1871
1897
1863
1886
1923
1885
1926
1875
1900
1905
1898
1907
1933
1905
1895
1892
1920
1925
1928
1928
1933
1930
1903
1903
1927
1923
1902
1907
1933
1906
1930
1887
1858
1938
1912
1911
1880
1907
1878
1924
1932
1905
1910
1915
1929
1930
1898
1935
1899
1919
1917
1921
1911
1881
1882
1869
1913
1867
1866
1909
1878
1908
1883
1924
1900
1923
1927
1893
1863
1888
1898
1883
1887
1920
1913
1908
1935
1904
1933
1939
1878
1878
1905
1932
1930
1906
1907
1876
1867
1891
1877
1883
1876
1911
1887
1887
1917
1920
1913
1935
1886
1891
1911
1927
1898
1928
1900
1936
1900
1901
1921
1923
1926
1892
1919
1897
1925
1923
1901
1896
1937
1908
1909
1907
1931
1932
1904
1898
1905
1903
1930
1906
1915
1909
1904
1903
1933
1929
1884
1908
1910
1917
1912
1897
1921
1895
1903
1933
1934
1910
1908
1881
1937
1914
1893
1891
1921
1927
1929
1923
1922
1896
1895
1919
1919
1926
1891
1891
1885
1920
1906
1892
1915
