1870
1910
1911
1901
1878
1921
1888
1888
1925
1931
1925
1895
1890
1883
1913
1916
1912
1878
1919
1923
1921
1914
1925
1892
1888
1914
1939
1908
1882
1902
1879
1874
1910
1913
1858
1906
1904
1927
1930
1905
1930
1886
1923
1875
1906
1877
1880
1910
1914
1911
1913
1922
1880
1879
1869
1868
1911
1935
1937
1913
1936
1912
1932
1902
1936
1930
1939
1903
1909
1911
1888
1938
1875
1914
1878
1880
1921
1923
1890
1866
1913
1911
1884
1923
1889
1920
1877
1879
1895
1937
1911
1907
1935
1938
1900
1881
1895
1873
1911
1919
1890
1892
1920
1909
1884
1927
1912
1912
1878
1885
1877
1926
1928
1911
1940
1937
1902
1914
1908
1886
1886
1931
1903
1935
1910
1907
1933
1911
1911
1928
1904
1920
1928
1886
1924
1926
1879
1911
1903
1909
1909
1870
1936
1875
1891
1927
1902
1912
1893
1926
1925
1893
1923
1878
1882
1914
1919
1925
1888
1923
1889
1912
1930
1906
1898
1928
1897
1899
1901
1933
1934
1929
1927
1898
1899
1935
1896
1932
1936
1876
1908
