1908
1936
1912
1909
1879
1872
1871
1906
1890
1890
1891
1915
1876
1878
1924
1909
1910
1910
1913
1898
1898
1938
1911
1881
1903
1932
1880
1875
1906
1927
1922
1930
1929
1920
1891
1918
1897
1894
1887
1915
1880
1912
1915
1898
1869
1920
1911
1908
1880
1934
1908
1929
1905
1924
1888
1920
1917
1922
1924
1892
1898
1882
1870
1911
1898
1905
1880
1926
1881
1858
1916
1919
1921
1911
1939
1917
1939
1912
1935
1908
1934
1907
1911
1937
1914
1863
1864
1921
1905
1930
1904
1932
1900
1939
1914
1899
1937
1906
1906
1933
1935
1910
1899
1928
1917
1915
1934
1880
1900
1916
1880
1892
1873
1890
1907
1900
1931
1933
1890
1922
1924
1928
1927
1894
1932
1903
1908
1933
1906
1906
1887
1882
1910
1909
1929
1894
1890
1886
1907
1905
1939
1935
1913
1904
1926
1937
1930
1903
1924
1898
1902
1909
1932
1929
1890
1893
1925
1905
1900
1926
1908
1862
1928
1900
1929
1900
1917
1908
1933
1931
1908
1909
1933
1913
1857
1934
1909
1904
1938
1909
1904
1911
1936
1911
1938
1919
1909
1879
1917
1913
1937
1911
1890
1890
1890
1924
1927
1922
1903
