1925
1925
1902
1902
1928
1928
1914
1914
1923
1923
1925
1925
1929
1929
1926
1926
1896
1896
1898
1898
1932
1932
1897
1897
1870
1870
1878
1878
1904
1904
1933
1933
1924
1924
1895
1895
1930
1930
1896
1896
1928
1928
1926
1926
1894
1894
1924
1924
1929
1929
1927
1927
1935
1935
1913
1907
1913
1907
1904
1904
1900
1900
1899
1899
1928
1928
1930
1930
1903
1903
1889
1889
1902
1902
1930
1930
1903
1903
1919
1919
1902
1902
1929
1929
1935
1935
1900
1900
1933
1933
1931
1931
1933
1933
1904
1904
1905
1905
1906
1906
1931
1931
1921
1921
1922
1922
1901
1901
1892
1892
1921
1921
1915
1915
1932
1932
1907
1907
1908
1908
1901
1901
1938
1938
1930
1930
1932
1932
1903
1903
1907
1907
1912
1912
1911
1911
1931
1931
1925
1925
1928
1928
1901
1901
1904
1904
1907
1907
1927
1927
1934
1934
1903
1903
1937
1937
1908
1908
1878
1878
1901
1901
1908
1908
1928
1928
1907
1907
1933
1933
1907
1907
1870
1870
1905
1905
1870
1870
1932
1932
1900
1900
1918
1918
1905
1905
1911
1911
1880
1880
1917
1917
1906
1906
1931
1931
1931
1931
1897
1897
1909
1909
1878
1878
1869
1869
1901
1901
1930
1930
1889
1889
1925
1925
1928
1928
1909
1909
1938
1938
1934
1934
1898
1898
