1916
1922
1885
1914
1886
1912
1919
1883
1864
1905
1905
1879
1910
1896
1896
1890
1893
1921
1876
1933
1933
1929
1908
1917
1905
1935
1906
1901
1920
1931
1933
1937
1898
1929
1930
1905
1907
1930
1923
1934
1937
1928
1937
1852
1897
1910
1875
1921
1917
1882
1888
1895
1886
1912
1898
1902
1924
1923
1921
1907
1921
1867
1919
1929
1892
1897
1928
1903
1934
1931
1926
1935
1934
1888
1937
1904
1899
1924
1868
1918
1901
1886
1935
1931
1903
1923
1936
1897
1929
1925
1903
1927
1926
1903
1929
1924
1928
1916
1938
1907
1912
1877
1918
1938
1931
1931
1902
1909
1895
1907
1905
1931
1882
1906
1920
1928
1897
1926
1926
1918
1900
1910
1923
1936
1881
1911
1884
1924
1908
1871
1904
1930
1931
1912
1901
1937
1919
1908
1934
1924
1901
1901
1936
1922
1929
1926
1925
1896
1921
1875
1933
1922
1936
1905
1930
1935
1936
1910
1913
1910
1883
1872
1861
1885
1910
1893
1912
1930
1895
1932
1934
1928
1938
1900
1912
1927
1930
1924
1932
1903
1908
1903
1875
1917
1908
1883
1876
1913
1914
1908
1909
1923
1904
1931
1920
1913
1887
1886
1912
1935
1939
1913
1922
1889
1877
1907
1924
1928
1903
1929
1903
1906
1936
1931
1893
1893
1893
1905
1906
1910
1938
1915
1918
1913
1878
1927
1898
1937
1908
1911
1938
1923
1892
1888
1921
1896
1913
1908
1894
1878
1934
1856
1924
1882
1901
1906
1924
1937
1926
1918
1933
1897
1936
1916
1895
1925
1930
1900
1927
1906
1910
1891
1909
1882
1938
1905
1935
1936
1932
1931
1887
1905
1939
1912
1876
1914
1909
1890
1892
1924
1925
1937
1888
1902
1914
1911
1883
1922
1922
1919
1939
1903
1903
1919
1933
1935
1918
1923
1895
1929
1926
1924
1896
1935
1925
1895
1927
1917
1930
1936
1933
1899
1901
1920
1893
1882
1915
1913
1920
1878
1908
1918
1910
1917
1897
1867
1920
1892
1890
1914
1890
1926
1933
1891
1920
1930
1882
1923
1909
1888
1910
1866
1905
1871
1862
1910
1893
1922
1935
1877
1868
1902
1902
1912
1933
1893
1927
1873
1905
1875
1929
1938
1900
1936
1936
1910
1911
1911
1910
1862
1911
1884
1920
1884
1854
1924
1895
1892
1928
1871
1908
1921
1910
1905
1910
1896
1877
1865
1882
1875
1879
1906
1875
1905
1934
1898
1899
1916
1878
1878
1909
1930
1938
1927
1912
1903
1921
1911
1925
1914
1896
1870
1884
1921
1927
1910
1924
1883
1938
1918
1886
1905
1892
1893
1907
1920
1885
1892
1898
1893
1898
1880
1862
1875
1912
1865
1903
1870
1929
1889
1919
1916
1914
1909
1890
1911
1903
1912
1880
1912
1907
1933
1901
1893
1899
1926
1923
1934
1891
1891
1920
1927
1934
1904
1880
1938
1871
1929
1901
1901
1906
1909
1934
1936
1904
1869
1919
1896
1845
1901
1925
1895
1922
1927
1931
1923
1923
1895
1922
1921
1925
1871
1906
1915
1887
1910
1935
1913
1888
1893
1925
1902
1929
1899
1890
1888
1906
1910
1935
1937
1910
1925
1898
1897
1934
1921
1908
1894
1934
1904
1896
1910
1933
1901
1927
1907
1929
1938
1900
1934
1887
1917
1898
1935
1913
1910
1877
1914
1913
1913
1878
1915
1898
1884
1911
1879
1920
1926
1891
1914
1903
1912
1907
1935
1920
1869
1885
1907
1877
1876
1885
1922
1883
1912
1930
1909
1937
1884
1908
1912
1883
1925
1889
1877
1915
1919
1889
1924
1889
1916
1910
1920
1928
1925
1882
1888
1923
1890
1885
1913
1884
1925
1898
1933
1929
1912
1915
1899
1910
1904
1919
1890
1888
1931
1921
1914
1906
1907
1874
1938
1917
1930
1937
1905
1869
1934
1901
1905
1938
1937
1909
1933
1931
1907
1877
1907
1885
1912
1890
1917
1896
1919
1912
1891
1934
1934
1928
1919
1887
1911
1914
1931
1878
1925
1912
1922
1866
1865
1884
1883
1913
1879
1921
1910
1913
1929
1890
1885
1900
1916
1916
1927
1927
1900
1885
1878
1890
1917
1888
1881
1916
1926
1919
1907
1909
1936
1928
1898
1922
1873
1924
1923
1900
1891
1923
1926
1925
1898
1895
1936
1888
1900
1930
1899
1905
1906
1926
1889
1906
1876
1861
1873
1909
1860
1905
1914
1920
1923
1872
1925
1891
1925
1913
1909
1891
1928
1933
1901
1930
1931
1920
1926
1930
1925
1924
1891
1898
1911
1928
1930
1926
1924
1896
1921
1873
1909
1912
1884
1915
1881
1914
1889
1873
1919
1912
1894
1892
1868
1920
1918
1926
1912
1928
1903
1894
1897
1922
1898
1937
1883
1881
1934
1914
1902
1855
1911
1881
1884
1870
1907
1880
1892
1895
1924
1909
1912
1932
1931
1903
1926
1904
1884
1934
1929
1928
1896
1930
1895
1934
1939
1933
1925
1933
1861
1937
1894
1913
1862
1924
1921
1902
1927
1893
1933
1918
1922
1931
1908
1916
1926
1935
1927
1905
1919
1901
1900
1876
1903
1889
1911
1906
1876
1852
1914
1880
1900
1911
1908
1903
1908
1868
1893
1892
1903
1902
1906
1906
1903
1936
1909
1874
1909
1909
1908
1906
1917
1904
1914
1883
1918
1875
1880
1897
1912
1907
1934
1937
1902
1908
1911
1876
1933
1909
1935
1911
1874
1899
1888
1916
1897
1912
1879
1893
1924
1919
1926
1906
1899
1903
1914
1887
1868
1929
1892
1910
1929
1927
1925
1912
1932
1922
1908
1937
1927
1896
1872
1936
1916
1937
1913
1913
1916
1907
1883
1889
1904
1932
1894
1932
1865
1933
1897
1909
1892
1925
1932
1870
1937
1866
1939
1911
1886
1908
1900
1901
1927
1914
1913
1934
1863
1931
1905
1927
1894
1901
1928
1910
1924
1875
1927
1869
1923
1905
1901
1938
1922
1884
1881
1922
1887
1915
1918
1889
1879
1881
1916
1911
1873
1938
1902
1902
1904
1910
1919
1935
1939
1911
1929
1903
1898
1920
1928
1907
1903
1867
1863
1890
1870
1903
1885
1885
1901
1869
1900
1930
1867
1914
1869
1870
1909
1894
1908
1938
1924
1922
1926
1919
1889
1922
1913
1883
1900
1929
1936
1933
1924
1927
1900
1903
1923
1939
1932
1926
1885
1905
1920
1936
1916
1936
1922
1911
1923
1932
1926
1893
1932
1914
1877
1910
1896
1906
1925
1897
1881
1907
1929
1911
1908
1934
1935
1872
1926
1905
1900
1903
1922
1879
1909
1935
1911
1939
1914
1916
1920
1924
1888
1894
1919
1930
1886
1908
1894
1899
1892
1935
1932
1929
1924
1931
1930
1868
1907
1906
1904
1908
1923
1926
1929
1894
1906
1888
1903
1931
1920
1860
1889
1910
1924
1926
1921
1882
1906
1882
1883
1918
1918
1884
1908
1923
1882
1915
1910
1926
1928
1898
1928
1931
1902
1900
1878
1908
1896
1885
1910
1893
1924
1904
1932
1912
1921
1921
1893
1892
1898
1923
1908
1889
1879
1903
1931
1892
1927
1901
1930
1866
1911
1875
1905
1914
1889
1881
1912
1883
1918
1928
1939
1911
1916
1891
1934
1887
1920
1930
1867
1923
1926
1906
1859
1922
1904
1870
1911
1893
1936
1923
1932
1936
1911
1939
1892
1924
1883
1909
1914
1910
1908
1910
1938
1920
1901
1902
1933
1902
1900
1933
1927
1898
1904
1875
1906
1913
1903
1892
1898
1930
1909
1879
1915
1884
1913
1933
1926
1924
1927
1922
1917
1919
1879
1925
1912
1896
1919
1886
1923
1888
1929
1910
1901
1918
1920
1904
1905
1899
1927
1925
1931
1929
1907
1910
1912
1908
1871
1904
1897
1903
1872
1924
1916
1908
1913
1906
1877
1927
1922
1911
1911
1880
1912
1882
1894
1898
1877
1916
1899
1929
1854
1912
1927
1884
1878
1922
1886
1924
1929
1895
1909
1900
1868
1933
1896
1899
1910
1931
1932
1928
1937
1905
1922
1919
1858
1889
1916
1905
1934
1907
1936
1902
1930
1928
1904
1932
1939
1927
1893
1929
1897
1905
1931
1932
1917
1871
1896
1909
1910
1901
1938
1905
1913
1889
1878
1900
1891
1874
1880
1925
1906
1902
1865
1908
1899
1900
1904
1936
1906
1881
1875
1910
1871
1913
1870
1876
1901
1907
1910
1877
1906
1912
1931
1888
1927
1892
1869
1903
1934
1930
1901
1864
1888
1911
1899
1936
1923
1892
1895
1881
1920
1938
1935
1931
1930
1902
1927
1881
1920
1918
1887
1915
1912
1900
1910
1925
1920
1927
1923
1914
1927
1886
1919
1936
1908
1925
1884
1910
1924
1906
1918
1934
1879
1857
1906
1914
1916
1914
1893
1921
1922
1860
1883
1909
1911
1895
1925
1913
1881
1922
1885
1892
1917
1915
1885
1912
1896
1875
1906
1908
1904
1910
1903
1893
1924
1891
1923
1927
1930
1887
1911
1886
1893
1898
1900
1899
1910
1912
1896
1896
1934
1922
1920
1901
1923
1911
1909
1936
1917
1938
1933
1926
1896
1894
1915
1924
1900
1918
1877
1922
1893
1921
1930
1883
1909
1901
1933
1937
1924
1933
1900
1906
1908
1904
1930
1911
1875
1930
1899
1906
1939
1914
1930
1920
1933
1893
1923
1896
1931
1880
1937
1905
1935
1911
1908
1906
1933
1908
1870
1930
1911
1906
1934
1902
1939
1920
1933
1909
1908
1908
1913
1902
1865
1876
1937
1888
1926
1920
1905
1923
1909
1894
1896
1886
1923
1918
1931
1926
1921
1923
1891
1896
1900
1929
1922
1925
1925
1873
1874
1890
1933
1937
1913
1885
1869
1924
1896
1922
1879
1916
1891
1909
1914
1927
1909
1917
1919
1904
1912
1909
1923
1894
1938
1889
1894
1919
1881
1876
1900
1930
1932
1925
1900
1896
1929
1914
1927
1899
1871
1939
1931
1903
1879
1935
1895
1901
1932
1899
1902
1927
1914
1923
1918
1912
1921
1885
1886
1925
1919
1914
1913
1917
1927
1929
1908
1877
1935
1906
1879
1915
1904
1873
1885
1901
1939
1931
1928
1902
1924
1892
1919
1889
1915
1895
1904
1909
1935
1874
1909
1925
1933
1915
1928
1887
1891
1923
1891
1895
1896
1880
1918
1908
1885
1927
1878
1884
1906
1924
1939
1903
1927
1939
1918
1928
1925
1862
1886
1898
1914
1876
1910
1932
1920
1921
1911
1909
1900
1900
1900
1922
1894
1919
1873
1929
1924
1927
1900
1893
1885
1911
1893
1939
1886
1937
1897
1924
1908
1908
1910
1903
1907
1901
1886
1904
1897
1901
1924
1903
1905
1931
1908
1917
1938
1925
1895
1917
1897
1869
1880
1929
1928
1905
1922
1917
1934
1938
1931
1903
1901
1927
1896
1892
1916
1912
1919
1890
1889
1886
1876
1893
1931
1923
1933
1915
1875
1933
1884
1898
1909
1919
1927
1864
1911
1907
1899
1907
1910
1869
1876
1899
1893
1898
1887
1905
1900
1913
1921
1902
1926
1916
1928
1924
1867
1902
1911
1923
1935
1928
1932
1895
1872
1903
1930
1926
1918
1880
1925
1911
1865
1882
1923
1910
1922
1886
1876
1892
1925
1912
1909
1920
1922
1888
1882
1937
1879
1900
1917
1933
1937
1936
1909
1888
1917
1890
1900
1910
1920
1915
1908
1861
1910
1903
1933
1912
1908
1894
1881
1882
1904
1913
1919
1888
1909
1899
1906
1916
1904
1895
1889
1888
1920
1919
1918
1869
1923
1893
1936
1932
1907
1909
1906
1906
1934
1907
1868
1904
1880
1906
1890
1876
1895
1919
1917
1867
1921
1910
1895
1891
1908
1930
1891
1914
1938
1924
1921
1934
1886
1926
1904
1906
1915
1894
1886
1861
1865
1895
1930
1912
1886
1927
1918
1901
1916
1920
1924
1912
1882
1917
1916
1923
1926
1905
1931
1929
1904
1895
1928
1861
1885
1915
1923
1921
1885
1909
1887
1914
1903
1909
1873
1925
1905
1938
1898
1913
1879
1890
1928
1937
1937
1915
1929
1895
1939
1906
1900
1935
1875
1876
1906
1914
1921
1908
1905
1876
1882
1905
1852
1909
1917
1937
1879
1938
1919
1882
1910
1913
1884
1858
1898
1926
1927
1934
1891
1930
1912
1907
1900
1924
1895
1901
1905
1899
1916
1917
1897
1888
1902
1885
1935
1920
1902
1880
1924
1905
1909
1889
1898
1936
1892
1872
1920
1901
1929
1905
1938
1902
1918
1909
1904
1935
1895
1922
1926
1892
1905
1905
1935
1917
1936
1871
1907
1895
1906
1923
1902
1929
1875
1930
1919
1878
1935
1931
1914
1916
1899
1871
1902
1921
1936
1862
1905
1920
1934
1912
1919
1908
1901
1931
1908
1890
1877
1896
1902
1888
1929
1922
1920
1884
1914
1886
1910
1920
1881
1881
1939
1928
1911
1898
1887
1927
1919
1893
1925
1894
1901
1930
1889
1922
1866
1900
1919
1928
1906
1918
1901
1922
1933
1909
1886
1931
1919
1897
1925
1887
1888
1888
1883
1914
1866
1929
1922
1905
1901
1868
1904
1917
1922
1906
1926
1920
1890
1931
1893
1928
1873
1935
1915
1924
1929
1934
1918
1925
1924
1934
1859
1886
1901
1877
1897
1921
1925
1886
1919
1938
1927
1883
1914
1900
1906
1868
1922
1912
1904
1932
1896
1925
1936
1865
1890
1893
1910
1894
1901
1895
1880
1926
1871
1921
1879
1937
1913
1925
1880
1924
1911
1889
1930
1873
1909
1911
1908
1877
1910
1895
1898
1866
1891
1926
1914
1921
1884
1924
1919
1915
1890
1889
1887
1915
1915
1891
1907
1900
1870
1906
1907
1898
1902
1927
1893
1923
1905
1894
1896
1908
1905
1900
1909
1894
1920
1925
1889
1906
1899
1934
1892
1893
1932
1924
1929
1921
1922
1919
1920
1899
1889
1868
1915
1906
1922
1886
1912
1905
1884
1937
1892
1895
1926
1923
1921
1897
1910
1915
1893
1906
1927
1918
1914
1870
1917
1923
1875
1893
1868
1932
1912
1891
1924
1873
1927
1936
1929
1923
1938
1912
1886
1909
1933
1916
1916
1892
1901
1918
1903
1893
1852
1928
1937
1852
1914
1884
1923
1916
1903
1890
1881
1896
1908
1874
1924
1936
1900
1912
1934
1868
1922
1930
1920
1902
1908
1902
1913
1907
1902
1932
1900
1928
1931
1896
1891
1911
1915
1903
1880
1891
1930
1910
1926
1934
1862
1923
1916
1874
1911
1936
1884
1939
1925
1884
1924
1911
1898
1901
1929
1901
1896
1900
1913
1931
1873
1874
1875
1922
1877
1913
1903
1887
1928
1913
1915
1926
1936
1924
1888
1912
1919
1885
1926
1907
1884
1938
1915
1919
1928
1889
1917
1887
1938
1906
1928
1930
1927
1898
1877
1852
1925
1925
1909
1920
1916
1886
1917
1877
1930
1907
1907
1881
1911
1872
1918
1937
1879
1891
1915
1924
1862
1862
1915
1896
1900
1862
1886
1931
1885
1886
1906
1901
1886
1933
1896
1925
1901
1925
1898
1933
1888
1935
1936
1925
1903
1931
1906
1901
1937
1927
1911
1899
1920
1897
1923
1878
1938
1857
1892
1924
1869
1920
1897
1905
1886
1867
1884
1912
1886
1909
1874
1923
1910
1870
1909
1894
1924
1919
1921
1897
1908
1897
1880
1912
1874
1922
1915
1912
1893
1939
1938
1903
1900
1881
1918
1883
1933
1932
1902
1904
1917
1899
1938
1929
1922
1925
1908
1927
1909
1936
1871
1901
1910
1883
1878
1932
1866
1908
1924
1910
1922
1918
1911
1895
1920
1915
1894
1912
1931
1927
1933
1901
1890
1877
1899
1894
1935
1918
1934
1914
1924
1915
1938
1923
1938
1926
1881
1864
1931
1920
1878
1901
1917
1892
1932
1928
1908
1867
1905
1914
1880
1895
1878
1881
1860
1889
1925
1925
1904
1896
1931
1930
1930
1936
1898
1873
1935
1927
1907
1870
1919
1904
1909
1908
1934
1938
1910
1926
1912
1922
1907
1870
1881
1924
1932
1920
1911
1908
1874
1931
1924
1909
1878
1935
1924
1911
1912
1928
1876
1903
1896
1913
1898
1871
1921
1919
1887
1896
1934
1899
1902
1880
1922
1924
1939
1928
1903
1913
1868
1902
1894
1906
1912
1930
1893
1922
1916
1881
1919
1925
1927
1864
1881
1877
1908
1924
1870
1922
1909
1918
1904
1885
1881
1923
1920
1914
1877
1877
1920
1926
1902
1905
1907
1915
1921
1917
1936
1874
1905
1882
1932
1875
1934
1872
1905
1913
1917
1915
1929
1936
1881
1910
1919
1917
1890
1885
1924
1884
1893
1888
1912
1919
1885
1915
1923
1873
1864
1879
1910
1938
1937
1937
1906
1877
1863
1907
1907
1870
1891
1921
1893
1919
1927
1892
1932
1927
1897
1907
1867
1925
1899
1901
1921
1933
1890
1886
1917
1915
1884
1894
1927
1906
1914
1919
1922
1923
1930
1908
1920
1912
1915
1909
1881
1876
1912
1885
1880
1926
1913
1914
1928
1899
1931
1937
1873
1925
1866
1890
1919
1891
1911
1917
1886
1872
1913
1909
1864
1899
1933
1915
1910
1882
1921
1875
1929
1935
1915
1903
1934
1907
1911
1895
1929
1899
1911
1925
1928
1895
1880
1904
1919
1936
1909
1902
1875
1926
1906
1893
1935
1902
1937
1916
1911
1895
1872
1901
1900
1938
1935
1915
1919
1923
1931
1928
1889
1894
1920
1878
1918
1915
1923
1896
1897
1896
1885
1914
1936
1866
1912
1900
1910
1880
1918
1887
1938
1915
1899
1914
1911
1879
1884
1894
1894
1915
1926
1871
1896
1929
1901
1925
1879
1876
1914
1869
1895
1929
1908
1933
1937
1866
1897
1904
1903
1919
1915
1932
1925
1939
1903
1931
1933
1872
1873
1906
1928
1931
1903
1934
1884
1912
1925
1878
1922
1885
1905
1898
1929
1905
1932
1905
1929
1934
1924
1888
1912
1892
1932
1865
1881
1939
1909
1879
1917
1913
1922
1895
1883
1909
1885
1878
1936
1905
1896
1886
1920
1869
1877
1916
1934
1918
1908
1911
1901
1910
1904
1908
1910
1936
1915
1932
1896
1908
1895
1920
1865
1896
1927
1921
1918
1889
1894
1919
1924
1925
1930
1925
1922
1925
1929
1886
1912
1916
1894
1885
1913
1914
1873
1930
1906
1894
1901
1911
1923
1932
1925
1921
1861
1903
1899
1925
1933
1924
1914
1861
1938
1927
1904
1905
1919
1897
1911
1933
1931
1906
1894
1926
1936
1896
1861
1908
1937
1921
1905
1917
1936
1902
1915
1930
1896
1926
1929
1928
1899
1924
1919
1898
1922
1905
1932
1867
1908
1909
1891
1902
1936
1895
1900
1918
1900
1916
1894
1891
1910
1892
1939
1903
1888
1919
1894
1923
1895
1930
1899
1927
1888
1929
1926
1922
1870
1916
1917
1925
1899
1888
1910
1930
1920
1907
1905
1875
1897
1923
1883
1919
1887
1919
1936
1917
1933
1875
1910
1899
1921
1890
1927
1911
1928
1873
1914
1919
1885
1880
1931
1910
1924
1915
1937
1923
1888
1900
1872
1910
1924
1924
1881
1878
1903
1885
1934
1885
1914
1910
1914
1904
1909
1887
1931
1929
1901
1901
1926
1889
1900
1897
1927
1927
1897
1923
1894
1919
1933
1934
1893
1921
1914
1872
1924
1926
1932
1910
1930
1880
1859
1938
1929
1893
1925
1935
1926
1859
1931
1905
1909
1904
1938
1905
1912
1911
1935
1906
1882
1909
1902
1872
1936
1931
1899
1886
1887
1913
1913
1862
1879
1880
1903
1880
1862
1891
1902
1903
1930
1912
1926
1901
1908
1917
1925
1932
1917
1922
1917
1913
1930
1907
1870
1906
1916
1872
1883
1863
1913
1903
1897
1876
1895
1869
1923
1879
1876
1878
1908
1930
1905
1909
1877
1876
1899
1924
1926
1899
1922
1893
1923
1895
1924
1938
1903
1921
1914
1936
1936
1909
1899
1904
1924
1902
1894
1919
1933
1933
1925
1902
1888
1923
1913
1929
1891
1911
1894
1880
1912
1881
1882
1933
1922
1931
1927
1897
1924
1896
1939
1878
1880
1933
1909
1906
1908
1905
1935
1918
1909
1938
1929
1928
1897
1905
1891
1915
1882
1919
1902
1909
1877
1909
1878
1933
1905
1937
1939
1873
1900
1907
1930
1900
1923
1912
1922
1932
1925
1906
1894
1881
1926
1921
1928
1881
1924
1898
1906
1939
1934
1912
1919
1870
1893
1887
1913
1932
1896
1911
1928
1881
1900
1893
1899
1860
1913
1921
1901
1873
1924
1925
1873
1918
1922
1928
1897
1891
1871
1899
1900
1910
1909
1902
1893
1905
1870
1905
1934
1932
1911
1939
1937
1937
1908
1933
1938
1885
1905
1936
1938
1901
1926
1918
1877
1869
1871
1927
1893
1913
1908
1889
1938
1896
1881
1915
1907
1938
1884
1924
1924
1922
1935
1925
1922
1913
1931
1905
1909
1904
1930
1903
1937
1936
1910
1938
1902
1910
1909
1877
1890
1904
1916
1889
1890
1939
1914
1920
1879
1936
1934
1894
1926
1885
1904
1909
1900
1899
1934
1912
1886
1887
1921
1893
1934
1893
1931
1925
1919
1913
1934
1908
1910
1912
1909
1908
1928
1894
1911
1883
1868
1930
1924
1867
1905
1915
1881
1888
1897
1916
1901
1920
1886
1912
1922
1932
1923
1855
1873
1926
1893
1921
1887
1892
1909
1877
1921
1916
1917
1892
1910
1908
1912
1887
1905
1895
1889
1920
1922
1889
1934
1897
1910
1926
1913
1886
1905
1930
1913
1904
1874
1923
1888
1893
1927
1902
1926
1922
1892
1924
1872
1869
1925
1912
1928
1920
1924
1890
1931
1892
1875
1923
1905
1881
1889
1889
1890
1924
1913
1918
1878
1887
1878
1897
1921
1916
1898
1922
1866
1885
1892
1918
1920
1911
1913
1924
1874
1906
1871
1914
1910
1871
1932
1934
1909
1913
1913
1887
1900
1904
1908
1900
1938
1909
1924
1882
1871
1906
1910
1906
1867
1919
1873
1907
1911
1905
1910
1937
1870
1896
1933
1908
1902
1895
1923
1927
1924
1927
1932
1903
1894
1921
1895
1901
1919
1927
1893
1928
1879
1925
1926
1929
1898
1899
1929
1921
1919
1886
1895
1924
1912
1906
1900
1920
1905
1902
1876
1875
1936
1900
1911
1908
1875
1919
1877
1933
1904
1902
1931
1928
1902
1898
1914
1860
1904
1906
1903
1936
1919
1912
1902
1913
1884
1908
1880
1907
1931
1939
1902
1922
1911
1880
1905
1906
1926
1924
1874
1909
1904
1897
1923
1930
1928
1920
1892
1914
1902
1903
1936
1914
1871
1912
1874
1876
1885
1908
1931
1910
1937
1935
1906
1927
1897
1898
1925
1923
1890
1902
1919
1925
1927
1895
1896
1935
1922
1900
1884
1932
1897
1876
1898
1932
1880
1903
1938
1912
1905
1880
1918
1907
1870
1906
1899
1919
1901
1877
1929
1936
1904
1937
1904
1934
1904
1926
1910
1873
1912
1873
1886
1926
1905
1904
1904
1867
1906
1869
1877
1874
1931
1906
1880
1936
1905
1911
1916
1922
1887
1887
