1909
1909
1913
1913
1920
1920
1921
1921
1923
1923
1915
1915
1917
1917
1914
1914
1900
1900
1928
1928
1909
1909
1925
1925
1904
1904
1911
1911
1921
1921
1907
1907
1912
1912
1916
1916
1919
1919
1899
1899
1926
1926
1934
1934
1914
1914
1921
1921
1926
1926
1925
1925
1893
1893
1895
1895
1913
1913
1915
1915
1914
1914
1917
1917
1917
1917
1900
1900
1938
1938
1888
1888
1913
1913
1907
1907
1933
1933
1908
1908
1933
1933
1895
1895
1929
1929
1895
1895
1902
1902
1916
1916
1902
1902
1904
1904
1917
1917
1933
1933
