1909
1937
1913
1934
1908
1903
1915
1882
1925
1915
1931
1922
1887
1917
1919
1913
1923
1911
1890
1927
1901
1928
1942
1924
1913
1893
1929
1896
1914
1910
1937
1917
1906
1930
1915
1915
1925
1935
1900
1931
1934
1871
1902
1916
1913
1932
1928
1901
1902
1935
1921
1917
1908
1885
1875
1912
1909
1915
1919
1916
1921
1897
1934
1897
1928
1931
1939
1907
1906
1916
1913
1886
1924
1919
1940
1907
1935
1909
1934
1906
1898
1930
1926
1886
1916
1941
1905
1917
1909
1930
1884
1924
1926
1871
1918
1878
1925
1889
1892
1919
1894
1922
1913
1908
1915
1909
1906
1890
1930
1927
1925
1892
1913
1901
1875
1910
1911
1913
1898
1925
1934
1929
1937
1900
1929
1926
1938
1939
1906
1907
1908
1919
1912
1930
1885
1888
1926
1930
1904
1902
1935
1907
1909
1908
1906
1940
1923
1931
1907
1933
1908
1923
1888
1926
1925
1890
1894
1926
1877
1866
1931
1930
1905
1919
1917
1921
1928
1911
1904
1904
1937
1928
1926
1902
