1934
1902
1936
1939
1908
1919
1904
1904
1902
1870
1911
1913
1916
1926
1928
1913
1922
1885
1924
1919
1912
1907
1907
1915
1900
1933
1930
1933
1930
1925
1891
1919
1928
1891
1912
1922
1900
1938
1900
1873
1872
1918
1926
1928
1910
1912
1874
1912
1914
1872
1918
1917
1910
1895
1908
1894
1917
1907
1935
1937
1861
1907
1914
1905
1939
1909
1885
1921
1923
1914
1912
1885
1884
1918
1897
1925
1931
1929
1905
1935
1907
1937
1880
1920
1875
1915
1905
1920
1922
1917
1928
1902
1927
1888
1907
1903
1896
1923
1898
1924
1895
1922
1928
1894
1916
1926
1927
1915
1912
1912
1884
1889
1918
1921
