1902
1902
1928
1928
1901
1901
1900
1888
1926
1871
1875
1929
1928
1901
1903
1889
1933
1894
1896
1884
1896
1923
1938
1938
1886
1886
1928
1904
1904
1926
1895
1889
1893
1903
1903
1903
1939
1939
1931
1931
1907
1907
1915
1883
1938
1910
1879
1879
1915
1915
1911
1911
1878
1878
1938
1926
1901
1916
1917
1917
1926
1901
1894
1894
1928
1928
1916
1935
1935
1904
1904
1932
1932
1905
1905
1930
1930
1894
1894
1929
1929
1927
1895
1895
1927
1882
1882
1920
1920
1923
1923
1916
1916
1914
1920
1922
1937
1908
1939
1935
1911
1911
1897
1895
1928
1909
1906
1929
1899
1899
1932
1932
1928
1928
1933
1933
1926
1926
1899
1899
1900
1900
1941
1890
1887
1917
1919
1909
1941
1899
1883
1883
1873
1873
1920
1920
1914
1929
1929
1927
1909
1878
1888
1915
1920
1923
1900
1900
1906
1894
1927
1915
1910
1885
1928
1924
1918
1926
1885
1930
1898
1925
1921
1926
1931
1930
1923
1927
1911
1895
1902
1893
1893
1895
1895
1924
1924
1917
1917
1922
1922
1920
1920
1927
1931
1895
1895
1907
1907
1944
1895
1924
1918
1919
1895
1927
1922
1935
1884
1884
1884
1884
1919
1919
1923
1923
1931
1903
1909
1909
1927
1925
1897
1876
1874
1873
1919
1897
1897
1923
1930
1906
1909
1906
1906
1906
1906
1931
1916
1905
1928
1900
1939
1925
1900
1901
1901
1932
1932
1934
1934
1930
1930
1882
1855
1881
1921
1905
1912
1912
1885
1914
1914
1898
1921
1900
1923
1931
1929
1904
1878
1878
1875
1875
1900
1930
1925
1902
1903
1907
1935
1885
1904
1920
1902
1924
1929
1932
1925
1918
1913
1908
1908
1874
1905
1936
1933
1918
1907
1908
1920
1922
1870
1885
1939
1914
1912
1940
1905
1925
1898
1898
1924
1924
1900
1900
1923
1923
1895
1905
1905
1942
1910
1910
1933
1933
1908
1908
