1871
1871
1905
1905
1877
1877
1887
1887
1923
1923
1925
1925
1919
1919
1914
1914
1935
1935
1909
1909
1908
1908
1904
1904
1878
1878
1869
1869
1914
1914
1888
1888
1926
1926
1888
1888
1886
1886
1891
1891
1931
1931
1899
1899
1912
1912
1910
1910
1870
1870
1896
1896
1879
1879
1933
1933
1907
1907
1917
1917
1920
1920
1913
1913
1884
1884
1879
1879
1918
1918
1911
1911
1908
1908
1915
1915
1916
1916
1906
1906
1935
1935
1908
1908
1892
1892
1896
1896
1926
1926
1922
1922
1884
1884
1886
1886
1901
1901
1925
1925
1927
1927
1930
1930
1898
1898
1884
1884
1917
1917
1891
1891
1889
1889
1913
1913
1910
1910
1939
1939
1939
1939
1910
1910
1909
1909
1909
1909
1915
1915
1871
1871
