1933
1944
1931
1921
1897
1928
1936
1940
1942
1925
1938
1920
1930
1924
1921
1931
1942
1942
1942
1944
1928
1914
1932
1919
1890
1923
1915
1914
1927
1904
1931
1899
1903
1908
1904
1930
1936
1944
1910
1904
1932
1909
1917
1899
1944
1911
1942
1920
1906
1921
1910
1943
1923
1944
1921
1920
1922
1913
1926
1914
1903
1903
1905
1913
1907
1914
1903
1916
1893
1908
1919
1923
1911
1912
1915
1922
1922
1922
1917
1905
1875
1926
1901
1912
1916
1907
1918
1911
1915
1905
1922
1921
1929
1908
1940
1942
1904
1935
1913
1901
1901
1911
1916
1909
1919
1939
1926
1909
1905
1890
1924
1913
1922
1914
1900
1919
1900
1925
1897
1919
1913
1909
1908
1908
1909
1903
1906
1897
1915
1917
1902
1902
1917
1921
1914
1920
1922
1900
1943
1931
1935
1925
1904
1943
1918
1907
1942
1917
1915
1906
1921
1917
1892
1902
1896
1913
1896
1917
1942
1904
1906
1909
1916
1895
1920
1895
1904
1922
1893
1919
1889
1907
1920
1902
1895
1895
1928
1902
1928
1903
1901
1898
1897
1894
1902
1927
1909
1917
1899
1904
1916
1893
1902
1910
1945
1924
1911
1899
1942
1910
1907
1908
1901
1931
1909
1885
1920
1943
1918
1931
1932
1909
1901
1900
1905
1915
1910
1919
1914
1941
1922
1945
1921
1916
1910
1905
1912
1924
1917
1893
1906
1938
1908
1935
1936
1883
1924
1898
1906
1902
1917
1867
1913
1927
1939
1917
1945
1928
1874
1935
1897
1902
1904
1917
1917
1918
1913
1931
1905
1908
1912
1921
1943
1944
1909
1901
1889
1917
1919
1924
1903
1895
1922
1922
1912
1897
1905
1912
1915
1942
1918
1907
1916
1884
1918
1912
1918
1911
1913
1895
1899
1887
1899
1914
1943
1919
1919
1911
1871
1911
1914
1908
1908
1921
1927
1896
1926
1929
1928
1926
1915
1943
1944
1920
1921
1896
1910
1928
1910
1925
1925
1925
1925
1925
1910
1944
1918
1914
1909
1909
1944
1905
1877
1906
1944
1923
1893
1898
1931
1920
1920
1907
1910
1918
1923
1923
1919
1904
1933
1925
1919
1943
1894
1910
1893
1930
1900
1917
1909
1907
1908
1902
1907
1944
1919
1924
1909
1911
1944
1913
1897
1919
1914
1925
1888
1901
1919
1916
1911
1912
1906
1943
1918
1917
1925
1906
1908
1906
1907
1920
1921
1910
1915
1875
1913
1901
1901
1907
1886
1934
1907
1944
1895
1917
1917
1901
1922
1921
1899
1912
1910
1896
1913
1914
1921
1925
1900
1909
1931
1913
1902
1926
1945
1919
1928
1891
1932
1924
1923
1906
1913
1914
1914
1914
1913
1902
1895
1907
1899
1921
1935
1906
1910
1908
1924
1943
1904
1935
1903
1939
1923
1906
1911
1916
1924
1898
1922
1885
1926
1912
1911
1907
1913
1916
1944
1913
1908
1932
1909
1918
1889
1922
1926
1912
1900
1884
1917
1943
1907
1914
1919
1940
1869
1906
1888
1905
1916
1888
1895
1910
1908
1905
1894
1920
1875
1901
1921
1929
1907
1907
1890
1889
1931
1893
1910
1943
1913
1890
1919
1942
1910
1910
1943
1913
1941
1914
1890
1908
1908
1914
1910
1944
1899
1916
1916
1943
1920
1879
1921
1925
1901
1942
1920
1920
1920
1885
1921
1899
1917
1920
1920
1944
1912
1904
1903
1902
1900
1900
1907
1922
1903
1945
1914
1914
1903
1943
1944
1919
1899
1920
1926
1934
1907
1913
1944
1941
1922
1903
1920
1928
1922
1912
1922
1918
1918
1909
1910
1920
1901
1904
1917
1913
1945
1926
1944
1914
1870
1925
1918
1879
1928
1917
1909
1891
1893
1919
1912
1942
1875
1882
1900
1895
1902
1881
1881
1896
1928
1906
1896
1867
1917
1917
1902
1914
1925
1927
1918
1945
1897
1898
1910
1924
1917
1908
1922
1922
1905
1910
1940
1914
1914
1938
1940
1938
1944
1921
1914
1920
1889
1922
1945
1898
1934
1924
1909
1909
1939
1939
1900
1917
1880
1940
1937
1932
1892
1912
1907
1907
1907
1880
1885
1885
1905
1898
1922
1939
1912
1911
1896
1917
1921
1916
1918
1903
1944
1921
1921
1931
1906
1877
1929
1906
1887
1936
1922
1891
1928
1912
1942
1927
1920
1921
1884
1918
1943
1944
1922
1923
1908
1915
1885
1923
1915
1915
1911
1911
1932
1913
1942
1921
1888
1921
1924
1906
1911
1920
1908
1908
1908
1924
1912
1875
1914
1896
1924
1880
1869
1869
1880
1920
1921
1909
1915
1912
1943
1929
1892
1913
1918
1943
1919
1920
1912
1921
1923
1910
1904
1918
1916
1903
1935
1910
1939
1906
1932
1913
1883
1920
1908
1921
1898
1909
1924
1918
1943
1941
1914
1912
1943
1920
1942
1895
1910
1921
1910
1919
1911
1882
1882
1892
1919
1914
1900
1893
1874
1907
1900
1915
1915
1925
1897
1893
1916
1944
1921
1881
1923
1893
1906
1943
1945
1909
1924
1890
1877
1913
1877
1905
1915
1920
1920
1891
1898
1921
1890
1927
1921
1904
1885
1895
1907
1921
1907
1912
1930
1910
1942
1909
1909
1910
1903
1915
1943
1919
1912
1939
1900
1875
1909
1944
1941
1907
1908
1920
1942
1924
1897
1943
1895
1916
1895
1903
1903
1881
1922
1897
1927
1911
1919
1944
1942
1892
1907
1902
1925
1910
1901
1895
1917
1895
1924
1898
1921
1923
1895
1895
1912
1912
1893
1898
1918
1916
1938
1922
1895
1891
1906
1914
1907
1911
1911
1915
1924
1919
1941
1920
1916
1920
1907
1910
1897
1935
1881
1892
1904
1911
1913
1920
1945
1904
1926
1903
1908
1920
1899
1922
1906
1920
1916
1911
1914
1940
1935
1917
1943
1910
1913
1902
1912
1910
1923
1903
1916
1909
1938
1915
1903
1921
1905
1914
1914
1923
1923
1916
1908
1904
1904
1923
1902
1905
1927
1876
1909
1895
1913
1871
1911
1924
1902
1942
1908
1930
1920
1925
1925
1925
1898
1922
1890
1890
1924
1924
1893
1893
1893
1926
1903
1903
1922
1900
1919
1921
1943
1897
1915
1913
1907
1915
1925
1900
1912
1917
1885
1907
1922
1918
1923
1924
1911
1945
1943
1911
1893
1916
1910
1915
1925
1915
1920
1921
1889
1926
1892
1869
1920
1920
1919
1880
1880
1913
1910
1884
1883
1943
1924
1898
1923
1911
1877
1943
1917
1921
1907
1911
1928
1916
1919
1921
1920
1910
1928
1911
1894
1918
1923
1921
1902
1916
1942
1899
1906
1920
1911
1928
1908
1913
1921
1916
1910
1903
1921
1910
1886
1941
1903
1903
1922
1943
1886
1886
1889
1926
1887
1924
1925
1942
1917
1915
1913
1915
1901
1925
1892
1892
1934
1929
1894
1894
1920
1899
1941
1913
1924
1901
1899
1921
1918
1919
1904
1904
1910
1918
1945
1907
1911
1910
