1902
1895
1939
1912
1944
1936
1924
1932
1925
1926
1902
1932
1923
1877
1923
1892
1920
1898
1922
1886
1924
1887
1939
1914
1913
1901
1924
1913
1937
1900
1906
1876
1912
1938
1913
1927
1895
1895
1906
1918
1923
1882
1938
1900
1913
1936
1897
1921
1915
1929
1879
1890
1935
1921
1933
1924
1917
1918
1891
1940
1925
1903
1892
1916
1893
1876
1928
1906
1908
1909
1884
1891
1922
1915
1924
1926
1892
1934
1884
1917
1892
1926
1894
1931
1923
1929
1919
1921
1915
1887
1925
1889
1926
1900
1919
1922
1882
1917
1882
1926
1916
1927
1930
1907
1895
1920
1911
1869
1907
1879
1918
1929
1915
1932
1900
1930
1934
1907
1930
1903
1935
1938
1875
1916
1908
1941
1908
1937
1909
1922
1918
1929
1920
1906
1874
1912
1876
1889
1929
1925
1920
1913
1916
1922
1942
1924
1937
1909
1938
1941
1897
1932
1904
1899
1926
1895
1928
1913
1904
1908
1914
1925
1923
1921
1919
1885
1885
1913
1913
1879
1882
1860
1914
1908
1884
1942
1915
1910
1910
1910
1887
1906
1907
1905
1901
1893
1877
1924
1891
1937
1911
1936
1907
1926
1907
1897
1928
1922
1886
1922
1902
1917
