1873
1873
1868
1885
1895
1883
1903
1884
1885
1880
1880
1909
1883
1896
1877
1893
1894
1892
1898
1890
1905
1888
1888
1877
1876
1889
1905
1904
1890
1888
1889
1883
1886
1869
1883
1872
1881
1875
1868
1898
1872
1895
1897
1885
1903
1902
1899
1873
1877
1885
1884
1887
1886
1875
1872
1883
1878
1868
1878
1882
1880
1875
1885
1887
1895
1896
1885
1885
1885
1899
1878
1877
1886
1871
1905
1891
1865
1883
1888
1883
1900
1878
1900
1893
1894
1879
1887
1891
1877
1878
1902
1880
1881
1913
1889
1913
1893
1870
1902
1889
1905
1904
1877
1898
1891
1877
1889
1884
1897
1872
1888
1884
1878
1898
1879
1902
1884
1868
1881
1891
1880
1864
1879
1879
1901
1892
1894
1879
1889
1898
1880
1905
1900
1886
1904
1883
1889
1877
1905
1878
1884
1889
1891
1888
1897
1890
1898
1898
1873
1893
1902
1883
1867
1871
1887
1890
1888
1898
1884
1909
1897
1886
1895
1867
1867
1877
1859
1898
1912
1891
1884
1883
1894
1887
1902
1891
1875
1892
1898
1876
1871
1894
1884
1882
1878
1894
1871
1890
1868
1892
1887
1875
1873
1885
1884
1876
1899
1879
1880
1879
1870
1888
1895
1899
1904
1872
1901
1876
1902
1892
1883
1910
1888
1887
1883
1877
1889
1886
1888
1880
1887
1897
1881
1892
1897
1879
1890
1871
1882
1886
1878
1897
1875
1878
1877
1879
1895
1883
1884
1891
1875
1909
1878
1902
1884
1886
1880
1876
1890
1903
1885
1882
1877
1885
1885
1861
1889
1887
1884
1857
1871
1894
1880
1910
1892
1879
1905
1899
1883
1884
1875
1877
1887
1897
1872
1877
1890
1901
1908
1891
1885
1901
1879
1869
1899
1885
1879
1885
1897
1881
1897
1884
1900
1868
1893
1875
1900
1906
1877
1894
1883
1915
1902
1902
1873
1881
1875
1883
1878
1891
1906
1875
1893
1879
1882
1893
1880
1877
1897
1872
1907
1888
1890
1863
1865
1878
1890
1897
1899
1885
1894
1872
1894
1886
1887
1910
1910
1882
1885
1901
1880
1894
1906
1875
1893
1869
1890
1875
1905
1867
1878
1868
1885
1908
1878
1888
1883
1896
1902
1875
1884
1895
1908
1871
1887
1880
1892
1869
1879
1903
1873
1877
1875
1875
1892
1901
1877
1884
1895
1887
1907
1918
1885
1912
1913
1880
1893
1886
1896
1885
1901
1899
1864
1892
1897
1889
1905
1897
1868
1888
1880
1880
1869
1864
1899
1874
1885
1876
1881
1904
1881
1887
1889
1906
1914
1879
1894
1875
1887
1875
1893
1861
1879
1879
1891
1880
1883
1895
1892
1879
1886
1870
1859
1879
1879
1902
1905
1901
1903
1862
1896
1898
1880
1892
1888
1884
1883
1891
1902
1903
1894
1894
1873
1882
1872
1881
1901
1864
1899
1875
1880
1880
1912
1886
1884
1892
1890
1889
1893
1894
1908
1905
1881
1894
1861
1886
1865
1899
1887
1861
1893
1888
1891
1878
1888
1874
1874
1903
1873
1903
1882
1873
1877
1896
1882
1880
1888
1879
1875
1883
1898
1874
1882
1889
1891
1877
1884
1885
1888
1882
1892
1873
1886
1916
1918
1874
1898
1886
1886
1892
1880
1886
1885
1896
1886
1893
1893
1875
1889
1872
1893
1891
1884
1880
1879
1881
1875
1908
1905
1884
1884
1886
1879
1890
1902
1900
1873
1871
1869
1888
1904
1884
1893
1882
1894
1882
1877
1894
1902
1889
1891
1889
1877
1883
1907
1883
1890
1893
1896
1882
1897
1880
1870
1911
1882
1883
1882
1877
1891
1873
1880
1879
1887
1894
1899
1889
1882
1892
1876
1889
1884
1895
1882
1888
1905
1895
1880
1891
1880
1878
1888
1884
1895
1887
1900
1882
1876
1886
1900
1900
1900
1914
1891
1898
1893
1871
1880
1915
1885
1895
1895
1899
1893
1867
1870
1898
1896
1880
1888
1884
1877
1898
1879
1888
1901
1893
1913
1908
1893
1883
1902
1900
1884
1896
1893
1870
1900
1882
1890
1882
1890
1892
1894
1882
1886
1908
1884
1881
1881
1888
1870
1876
1890
1885
1895
1887
1865
1886
1879
1877
1904
1884
1880
1878
1892
1882
1898
1888
1864
1892
1904
1888
1900
1888
1856
1888
1884
1906
1893
1887
1902
1867
1888
1898
1881
1868
1887
1881
1900
1887
1902
1868
1899
1879
1894
1897
1873
1875
1892
1883
1862
1892
1888
1889
1905
1898
1870
1886
1881
1905
1910
1882
1903
1899
1896
1894
1891
1873
1872
1894
1885
1890
1882
1897
1895
1898
1877
1884
1894
1882
1883
1885
1885
1888
1901
1873
1904
1886
1869
1902
1890
1886
1866
1884
1886
1866
1890
1889
1877
1881
1866
1898
1901
1885
1873
1893
1883
1887
1875
1876
1875
1902
1892
1900
1884
1887
1888
1870
1887
1888
1890
