1910
1888
1888
1912
1917
1933
1907
1935
1906
1900
1902
1906
1908
1913
1943
1931
1905
1902
1933
1908
1939
1909
1906
1888
1888
1924
1921
1933
1905
1907
1936
1876
1925
1923
1892
1927
1897
1893
1893
1921
1923
1934
1918
1929
1926
1902
1927
1932
1906
1928
1884
1878
1916
1919
1918
1900
1897
1929
1929
1889
1902
1915
1920
1915
1885
1887
1897
1897
1927
1928
1897
1895
1928
1897
1929
1919
1896
1926
1887
1913
1925
1889
1915
1881
1874
1916
1927
1905
1903
1910
1923
1908
1911
1915
1894
1894
1925
1904
1919
1914
1871
1885
1932
1902
1911
1930
1929
1899
1928
1898
1942
1928
1923
1940
1914
1922
1900
1928
1918
1912
1920
1877
1912
1903
1932
1901
1929
1911
1930
1920
1888
1924
1925
1895
1898
1923
1896
1895
1922
1929
1899
1924
1926
1870
1896
1936
1915
1880
1881
1894
1926
1939
1910
1942
1911
1891
1914
1929
1908
1891
1923
1924
1929
1873
1878
1926
1901
1925
1930
1897
1928
1911
1883
1871
1911
1912
1909
1903
1910
1931
1906
1907
1870
1901
1909
1906
1902
1905
1901
1928
1901
1929
1909
1897
1925
1897
1927
1929
1912
1903
1904
1914
1920
1888
1910
1942
1889
1926
1909
1898
1902
1872
1877
1890
1892
1921
1924
1875
1904
1872
1913
1904
1908
1937
1906
1939
1920
1892
1882
1901
1894
1912
1904
1931
1940
1876
1905
1936
1913
1875
1918
1911
1902
1897
1900
1907
1907
1916
1871
1942
1910
1936
1932
1909
1931
1934
1910
1885
1867
1923
1925
1915
1909
1937
1893
1904
1909
1919
1911
1889
1940
1938
1913
1916
1919
1931
1905
1900
1939
1898
1894
1919
1895
1916
1895
1926
1942
1923
1910
1911
1914
1908
1920
1894
1896
1926
1922
1902
1898
1896
1885
1909
1903
1934
1907
1898
1935
1932
1903
1901
1892
1926
1896
1924
1870
1871
1871
1898
1892
1927
1928
1924
1895
1899
1874
1914
1910
1915
1937
1905
1906
1934
1929
1899
1889
1926
1896
1925
1920
1928
1912
1918
1888
1926
1920
1929
1885
1922
1908
1914
1912
1939
1932
1908
1911
1900
1924
1908
1892
1913
1916
1909
1879
1942
1933
1897
1906
1906
1934
1931
1924
1904
1925
1905
1885
1905
1933
1907
1938
1913
1897
1911
1904
1936
1879
1879
1898
1937
1896
1876
1887
1916
1895
1885
1878
1915
1889
1887
1920
1925
1883
1919
1918
1872
1926
