1931
1932
1904
1907
1905
1918
1918
1918
1895
1892
1871
1904
1923
1894
1872
1916
1892
1890
1927
1888
1887
1914
1884
1889
1881
1914
1927
1916
1923
1886
1925
1934
1904
1938
1911
1919
1912
1912
1915
1918
1899
1916
1918
1896
1926
1892
1901
1930
1902
1906
1913
1911
1910
1908
1897
1906
1914
1921
1889
1927
1923
1911
1909
1939
1927
1895
1920
1929
1918
1919
1915
1889
1924
1935
1902
1938
1909
1865
1891
1913
1913
1913
1905
1910
1884
1919
1920
1902
1903
1926
1899
1901
1902
1918
1934
1901
1930
1926
1904
1875
1875
1898
1907
1921
1912
1923
1891
1890
1926
1929
1875
1915
1890
1888
1893
1899
1928
1910
1898
1910
1931
1904
1937
1913
1918
1917
1887
1899
1898
1913
1919
1879
1910
1889
1889
1917
1920
1917
1923
1877
1881
1922
1917
1913
1940
1907
1880
1930
1873
1928
1906
1903
1914
1923
1913
1916
1885
1887
1925
1914
1939
1900
1928
1913
1923
1921
1921
1902
1902
1935
1887
1923
1900
1908
1942
1913
1887
1890
1925
1931
1914
1884
1873
1897
1935
1922
1930
1886
1930
1887
1909
1925
1913
1914
1900
1908
1909
1933
1895
1930
1903
1896
1918
1927
1892
1928
1919
1924
1922
1926
1912
1914
1917
1928
1902
1910
1909
1908
1899
1929
1904
1908
1927
1918
1918
1892
1892
1924
1912
1920
1917
1911
1870
1868
1898
1928
1889
1916
1921
1934
1911
1937
1907
1907
1940
1911
1935
1921
1916
1904
1892
1891
1935
1894
1927
1923
1900
1912
1874
1903
1914
1898
1907
1912
1908
1918
1921
1924
1927
1895
1895
1924
1928
1930
1928
1892
1898
1925
1902
