1890
1887
1885
1885
1909
1934
1891
1911
1870
1915
1914
1905
1903
1936
1877
1928
1937
1906
1904
1933
1910
1893
1935
1913
1900
1875
1912
1908
1932
1915
1924
1897
1898
1927
1861
1904
1926
1934
1911
1940
1906
1910
1919
1896
1921
1890
1874
1914
1896
1923
1895
1923
1911
1878
1908
1914
1921
1916
1880
1908
1913
1903
1922
1924
1920
1925
1893
1907
1928
1931
1934
1926
1906
1909
1938
1925
1919
1879
1889
1866
1906
1895
1898
1900
1921
1923
1931
1887
1887
1896
1897
1923
1895
1930
1882
1880
1912
1911
1933
1928
1900
1905
1874
1903
1934
1905
1897
1919
1916
1920
1924
1919
1922
1895
1911
1881
1904
1932
1930
1937
1929
1934
1905
1928
1891
1902
1924
1895
1914
1927
1920
1922
1897
1922
1925
1901
1935
1927
1900
1899
1932
1902
