1915
1907
1919
1915
1918
1881
1900
1898
1911
1921
1887
1921
1889
1921
1883
1923
1915
1907
1910
1919
1916
1913
1910
1909
1920
1918
1917
1913
1902
1908
1909
1915
1918
1901
1904
1912
1910
1912
1914
1916
1919
1916
1911
1913
1910
1900
1911
1905
1915
1914
1927
1904
1917
1919
1908
1909
1903
1905
1896
1895
1917
1916
1915
1913
1903
1919
1912
1912
1911
1915
1910
1914
1919
1914
1921
1909
1915
1910
1915
1908
1908
1919
1921
1916
1913
1909
1919
1909
1915
1899
1922
1908
1920
1920
1913
1917
1919
1913
1917
1909
1910
1913
1916
1911
1918
1908
1914
1909
1873
1915
1913
1896
1909
1907
1887
1908
1921
1893
1899
1905
1922
1900
1891
1920
1891
1889
1889
1908
1912
1908
1911
1919
1920
1896
1895
1917
1920
1910
1913
1920
1898
1913
1918
1919
1919
1913
1920
1906
1908
1913
1881
1918
1912
1918
1913
1919
1912
1909
1908
1910
1919
1919
1892
1899
1906
1916
1913
1913
1911
1869
1873
1914
1920
1915
1915
1912
1911
1910
1914
1902
1913
1913
1914
1919
1923
1900
1901
1905
1905
1908
1916
1906
1915
1905
1876
1917
1876
1907
1915
1913
1923
1903
1898
1910
1906
1917
1900
1916
1918
1914
1915
1904
1900
1919
1920
1909
1906
1912
1914
1911
1913
1912
1918
1916
1909
1914
1911
1911
1910
1899
1907
1913
1903
1907
1911
1911
1910
1912
1913
1887
1890
1919
1909
1919
1910
1921
1919
1908
1917
1907
1914
1918
1919
1916
1919
1916
1912
1915
1907
1900
1914
1915
1902
1907
1912
1908
1903
1912
1903
1906
1915
1912
1920
1885
1915
1921
1909
1909
