1909
1899
1889
1912
1899
1903
1904
1921
1928
1893
1895
1926
1928
1925
1893
1913
1921
1876
1914
1905
1906
1922
1891
1896
1907
1911
1881
1882
1892
1858
1899
1925
1911
1917
1915
1915
1924
1886
1882
1876
1908
1919
1914
1878
1898
1905
1884
1923
1906
1906
1885
1889
1928
1885
1926
1900
1884
1893
1926
1918
1928
1905
1924
1884
1883
1905
1907
1880
1908
1876
1892
1895
1927
1925
1905
1909
1884
1923
1888
1908
1881
1893
1927
1883
1896
1896
1928
1928
1905
1926
1881
1927
1887
1874
1921
1921
1891
1906
1911
1906
1884
1922
1882
1896
1903
1877
1875
1900
1900
1914
1910
1886
1926
1875
1908
1922
1886
1904
1901
1904
1899
1890
1904
1912
1922
1909
1873
1901
1906
1926
1927
1894
1891
1928
1928
1893
1930
1869
1905
1875
1927
1882
1925
1928
1904
1894
1928
1917
1919
