1900
1900
1935
1935
1903
1903
1933
1933
1922
1922
1927
1927
1893
1893
1889
1889
1928
1928
1904
1904
1926
1926
1932
1932
1924
1924
1922
1922
1937
1937
1906
1906
1896
1896
1930
1930
1886
1886
1923
1923
1923
1923
1925
1925
1923
1923
1900
1900
1927
1927
1890
1890
1903
1933
1882
1884
1902
1903
1933
1882
1902
1884
1900
1900
1907
1907
1937
1937
1925
1925
1898
1898
1933
1933
1904
1904
1904
1904
1936
1936
1937
1937
1925
1925
1912
1912
1878
1878
1874
1874
1882
1882
1889
1889
1920
1920
1917
1917
1924
1924
1890
1890
1890
1890
1923
1923
1896
1896
1900
1900
1910
1910
1907
1907
1911
1911
1928
1928
1899
1899
1936
1936
1904
1904
1930
1930
1909
1909
1912
1912
1907
1907
1890
1890
1931
1931
1895
1895
1873
1873
1937
1937
1926
1926
1916
1916
1881
1881
1890
1890
1920
1920
1924
1924
1923
1923
1867
1867
1910
1910
1936
1936
1936
1936
1879
1879
1910
1910
1900
1900
1902
1902
1900
1900
1907
1907
1935
1935
1908
1908
1900
1900
1937
1937
1907
1907
1900
1900
1900
1900
1900
1900
1864
1864
1887
1887
1909
1909
1911
1911
1884
1884
1907
1907
1913
1913
1909
1909
1880
1880
1911
1911
1910
1910
1908
1908
1896
1896
1926
1926
1923
1923
1929
1929
1932
1932
1927
1927
1921
1921
1911
1911
1911
1911
