1856
1861
1874
1886
1912
1906
1876
1897
1880
1898
1888
1875
1907
1901
1897
1886
1893
1877
1869
1873
1905
1906
1880
1866
1872
1885
1875
1874
1899
1899
1890
1910
1853
1876
1876
1879
1884
1911
1881
1893
1884
1903
1868
1898
1877
1892
1885
1886
1904
1904
1900
1879
1895
1903
1901
1897
1871
1876
1877
1886
1884
1895
1883
1891
1883
1871
1886
1866
1901
1895
1895
1882
1881
1898
1898
1864
1884
1862
1882
1905
1882
1883
1891
1881
1901
1881
1876
1911
1909
1870
1872
1892
1889
1862
1860
1899
1873
1889
1886
1864
1873
1898
1880
1880
1880
1880
1886
1889
1867
1877
1882
1882
1871
1892
1883
1901
1879
1874
1910
1880
1876
1893
1887
1911
1890
1887
1883
1876
1897
1876
1891
1880
1886
1887
1902
1878
1870
1886
1866
1873
1885
1872
1888
1904
1908
1887
1903
1885
1878
1885
1873
1878
1882
1892
1894
1878
1889
1904
1884
1893
1911
1868
1904
1882
1890
1895
1865
1880
1872
1899
1886
1887
1919
1890
1877
1872
1897
1889
1886
1890
1900
1895
1871
1868
1887
1884
1875
1890
1886
1883
1905
1908
1872
1894
1888
1885
