1936
1923
1910
1912
1878
1883
1923
1894
1929
1887
1930
1902
1924
1934
1899
1940
1930
1907
1930
1892
1892
1919
1922
1897
1890
1905
1938
1893
1927
1870
1902
1909
1907
1916
1914
1933
1894
1939
1900
1923
1904
1886
1935
1930
1906
1906
1875
1914
1886
1880
1922
1887
1890
1891
1920
1917
1934
1893
1893
1864
1867
1902
1900
1879
1925
1916
1910
1890
1887
1883
1904
1933
1931
1885
1879
1926
1930
1905
1913
1917
1905
1910
1926
1920
1883
1913
1909
1883
1909
1879
1933
1927
1917
1920
1923
1925
1888
1927
1894
1903
1923
1917
1919
1916
1907
1939
1905
1885
1908
1942
1877
1885
1929
1937
1900
1900
1893
1919
