1879
1933
1900
1874
1879
1887
1874
1896
1888
1885
1879
1898
1884
1881
1876
1924
1896
1876
1882
1856
1887
1883
1874
1883
1869
1886
1887
1885
1879
1880
1904
1869
1880
1880
1879
1900
1898
1875
1879
1896
1872
1930
1894
1880
1877
1884
1872
1888
1865
1892
1860
1904
1883
1881
1887
1882
1884
1889
1878
1877
1898
1880
1880
1875
1884
1896
1899
1897
1886
1871
1871
1902
1867
1896
1906
1928
1878
1875
1891
1877
1882
1884
1887
1895
1889
1905
1887
1863
1875
1867
1878
1925
1903
1877
1898
1905
1881
1887
1885
1886
1923
1876
1865
1887
1925
1884
1884
1865
1865
1881
1870
1901
