1903
1903
1915
1915
1931
1931
1921
1921
1888
1888
1888
1888
1917
1917
1888
1888
1929
1929
1922
1922
1908
1908
1898
1898
1925
1925
1891
1891
1913
1913
1913
1913
1927
1927
1895
1895
1925
1925
1932
1932
1893
1893
1904
1904
1915
1915
1919
1919
1916
1916
1908
1908
1914
1914
1886
1886
1875
1875
1895
1895
1924
1924
1926
1926
1928
1928
1896
1896
1891
1891
1920
1920
1914
1914
1940
1940
1940
1940
1916
1916
1922
1922
1933
1933
1884
1884
1908
1908
1889
1889
1931
1931
1904
1904
1921
1921
1933
1933
1928
1928
1898
1898
1916
1916
1923
1923
1925
1925
1926
1926
1876
1876
1917
1917
1922
1922
1869
1869
1915
1915
1914
1914
1883
1883
1900
1900
1916
1916
