1919
1880
1909
1921
1922
1904
1928
1899
1923
1907
1906
1913
1889
1914
1911
1934
1912
1906
1881
1882
1919
1909
1915
1906
1868
1905
1911
1939
1899
1894
1932
1936
1921
1932
1896
1929
1925
1927
1898
1925
1939
1878
1883
1916
1938
1923
1927
1920
1915
1920
1888
1918
1915
1867
1917
1907
1931
1935
1904
1910
1905
1883
1911
1900
1937
1928
1939
1930
1932
1933
1904
1912
1913
1908
1937
1898
1920
1876
1936
1931
1899
1928
1899
1926
1927
1888
1910
1921
1882
1918
1912
1939
1914
1919
1924
1923
1890
1923
1929
1891
1927
1927
1898
1902
1908
1905
1927
1882
1891
1896
1921
1913
1932
1883
1930
1926
1928
1924
1891
1928
1930
1924
1897
1897
1906
1906
1902
1893
1930
1899
1926
1929
1924
1922
1891
1915
1886
1920
1906
1937
1939
