1878
1878
1870
1870
1871
1871
1928
1928
1932
1932
1892
1892
1925
1925
1899
1899
1908
1908
1894
1894
1908
1908
1900
1900
1929
1929
1886
1886
1914
1914
1888
1888
1901
1901
1921
1921
1862
1862
1882
1882
1894
1894
1871
1871
1873
1873
1902
1902
1921
1921
1926
1926
1923
1923
1925
1925
1905
1905
1874
1874
1875
1875
1887
1887
1923
1923
1926
1926
1918
1918
1911
1911
1927
1927
1914
1914
1881
1881
1911
1911
1905
1905
1937
1937
1905
1905
1867
1867
1931
1931
1939
1939
1902
1902
1932
1932
1903
1903
1900
1900
1892
1892
1913
1913
1908
1908
1881
1881
1912
1912
1920
1920
1917
1917
1931
1931
1884
1884
1886
1886
1927
1927
1899
1899
1896
1896
1930
1930
1927
1927
1893
1893
1925
1925
1929
1929
1932
1932
1925
1925
1923
1923
1892
1892
1929
1929
1908
1908
1920
1920
1887
1887
1897
1897
1922
1922
1925
1925
1924
1924
1893
1893
1922
1922
1889
1889
1929
1929
1912
1912
1883
1883
1922
1922
1900
1900
1929
1929
1909
1909
1932
1932
1908
1908
1911
1911
1878
1878
1936
1936
1905
1905
1908
1908
1912
1912
1912
1912
