1897
1897
1897
1897
1900
1900
1912
1912
1930
1930
1893
1893
1900
1900
1921
1921
1900
1900
1900
1900
1899
1899
1922
1922
1926
1926
1881
1881
1925
1925
1933
1933
1933
1916
1933
1916
1890
1890
1937
1937
1927
1927
1913
1913
1932
1932
1930
1930
1888
1888
1900
1900
1916
1916
1921
1921
1870
1870
1872
1872
1900
1900
1917
1917
1915
1915
1931
1931
1899
1899
1925
1925
1926
1926
1867
1867
1931
1931
1894
1894
1900
1900
1882
1882
1909
1909
1906
1906
1904
1904
1906
1906
1900
1900
1913
1913
1926
1926
1903
1903
1900
1900
1913
1913
1912
1912
1881
1881
1922
1922
1904
1904
1886
1886
1886
1886
1899
1899
1923
1923
1928
1928
1899
1899
1924
1924
1898
1898
1901
1901
1925
1925
1910
1910
1920
1920
1922
1922
1923
1923
1925
1925
1899
1899
1922
1922
1896
1896
1900
1900
1871
1871
1886
1886
1874
1874
1886
1886
1900
1900
1900
1900
1934
1934
1928
1928
1899
1899
1932
1932
1890
1890
1897
1897
1924
1924
1930
1930
1926
1926
1928
1928
1900
1900
1929
1929
1900
1920
1900
1920
1908
1908
1873
1873
1867
1867
1871
1871
1872
1872
1884
1884
1913
1913
1900
1900
1900
1900
1900
1900
1923
1923
1882
1882
1926
1926
1918
1918
1922
1922
1898
1898
1928
1928
1921
1921
1925
1925
1931
1931
1875
1875
1905
1905
1889
1889
1905
1905
1903
1903
1934
1934
1878
1878
1901
1901
1869
1869
1928
1928
1900
1900
1900
1900
1900
1900
1939
1939
