1924
1924
1928
1928
1916
1916
1913
1913
1922
1922
1915
1915
1917
1917
1928
1928
1903
1903
1900
1900
1910
1910
1914
1914
1880
1880
1905
1905
1928
1928
1903
1903
1895
1895
1929
1929
1880
1880
1877
1877
1888
1888
1928
1928
1920
1920
1931
1931
1908
1908
1906
1906
1900
1900
1914
1914
1932
1932
1906
1906
1928
1928
1939
1939
1904
1904
1901
1901
1908
1908
1878
1878
1919
1919
1885
1885
1922
1922
1900
1900
1900
1900
1865
1865
1929
1929
1906
1906
1908
1908
1930
1930
1887
1887
1895
1895
1923
1923
1892
1892
1892
1892
1938
1938
1908
1908
1934
1934
1907
1907
1894
1894
1891
1891
1900
1900
1931
1931
1932
1932
1934
1934
1908
1908
1899
1899
1897
1897
1925
1925
1928
1928
1932
1932
1894
1894
1925
1925
1925
1925
1913
1913
1909
1909
1921
1921
1931
1931
1891
1891
1925
1925
1929
1929
1919
1919
1923
1923
1916
1916
1900
1900
1888
1888
1905
1905
1912
1912
1910
1910
1933
1933
1891
1891
1894
1894
1931
1931
1887
1887
1924
1924
1923
1923
1896
1896
1923
1923
1898
1898
1908
1908
1926
1926
1902
1902
1931
1931
1934
1934
1900
1900
1857
1857
1919
1919
1921
1921
1888
1888
1891
1891
1925
1925
1902
1902
1911
1911
1900
1900
1872
1872
1882
1882
1898
1898
1887
1887
1917
1917
1903
1872
1903
1872
1923
1923
1916
1916
1908
1908
1909
1909
1909
1909
1936
1936
1878
1878
1880
1880
1907
1907
1910
1910
1908
1908
1900
1900
1878
1878
1873
1873
1895
1895
1937
1937
1903
1903
1903
1903
1904
1904
1931
1931
1939
1939
1915
1915
1903
1903
1929
1929
1895
1895
1869
1869
1888
1888
1891
1891
1924
1924
1917
1917
1892
1892
1926
1926
1926
1926
1922
1922
1890
1890
1926
1926
1889
1889
1925
1925
1927
1927
1908
1908
1932
1932
1940
1940
1902
1902
1923
1923
1926
1926
1907
1907
1908
1938
1936
1908
1938
1936
1872
1872
1880
1880
1903
1903
1937
1937
1905
1905
1887
1887
1904
1904
1907
1907
1901
1901
1922
1922
1913
1913
1930
1930
1924
1924
1896
1896
1934
1934
1938
1938
1928
1928
1900
1900
1934
1934
1939
1939
1907
1907
1889
1889
1890
1890
1921
1921
1903
1903
1871
1871
1900
1900
1886
1886
1881
1881
1889
1889
1887
1887
1896
1896
1882
1882
1917
1917
1908
1908
1921
1921
1895
1895
1923
1923
1912
1912
1870
1870
1917
1917
1870
1870
1903
1903
1875
1875
1905
1905
1932
1932
1928
1928
1897
1897
1932
1932
1889
1889
1919
1919
1910
1910
1888
1888
1901
1901
1905
1905
1930
1930
1873
1873
1899
1899
1925
1925
1927
1927
1898
1898
1891
1891
1937
1937
1906
1906
1932
1932
1887
1887
1919
1919
1911
1911
1923
1923
1920
1920
1920
1920
1889
1889
1910
1910
1886
1886
1879
1879
