1882
1896
1883
1879
1921
1870
1900
1891
1893
1880
1873
1872
1878
1878
1874
1876
1874
1877
1889
1884
1880
1899
1875
1879
1880
1873
1881
1905
1907
1869
1869
1872
1885
1868
1881
1919
1886
1873
1902
1907
1876
1884
1878
1873
1920
1870
1879
1878
1889
1893
1895
1896
1877
1875
1881
1937
1888
1909
1882
1889
1877
1941
1897
1899
1893
1923
1882
1882
1869
1880
1871
1897
1876
1870
1886
1881
1875
1883
1878
1914
1893
1872
1859
1897
1870
1868
1915
1881
1918
1882
1905
1883
1911
1912
1886
1881
1873
1868
1904
1856
1880
1881
1937
1937
1901
1883
1891
1892
1900
1881
1884
1889
1913
1912
1877
1897
1880
1879
1879
1915
1929
1900
1875
1901
1893
1938
1935
1889
1883
1889
1899
1900
1930
1882
1928
1926
