1880
1877
1912
1871
1876
1892
1882
1895
1885
1902
1881
1870
1878
1880
1887
1932
1895
1882
1891
1892
1908
1874
1890
1935
1886
1937
1911
1883
1906
1896
1876
1893
1883
1891
1876
1874
1886
1879
1880
1889
1888
1888
1892
1899
1899
1934
1917
1873
1874
1924
1927
1923
1888
1877
1908
1883
1893
1892
1885
1878
1897
1885
1872
1877
1869
1887
1868
1877
1863
1930
1880
1872
1906
1934
1888
1885
1869
1879
1888
1902
1919
1895
1881
1882
1910
1876
1882
1885
1883
1867
1884
1883
1911
1877
1878
1868
1882
1883
1875
1882
1885
1862
1877
1897
1892
1872
1878
1876
1861
1878
1849
1883
1897
1878
1890
1887
1885
1929
1890
1892
1864
1878
1893
1882
1869
1892
1877
1885
1876
1880
1867
1893
1910
1869
1894
1903
1891
1908
1901
1890
1892
1884
1865
1874
1881
1883
1876
1876
1871
1893
1886
1872
1921
1887
1881
1902
1878
1906
1881
1882
1879
1880
1878
1911
1879
1907
1899
1881
1891
1878
1874
1866
1894
1927
1897
1869
1893
1884
1898
1872
1874
1880
1876
1877
1884
1891
1899
1895
1887
1861
1877
1884
1877
1876
1876
1879
1877
1919
1873
1876
1880
1875
1880
1905
1889
1879
1884
1889
1883
1867
1890
1928
1899
1882
1884
1883
1883
1883
1899
1876
1919
1921
1867
1869
1889
1898
1908
1887
1878
1896
1874
1870
1881
1906
1885
1878
1894
1880
1887
1890
1897
1885
1895
1882
1868
1888
1923
1877
1887
1888
1893
1885
1872
1879
1876
1870
1882
1873
1894
1885
1889
1881
1861
1872
1879
1875
1864
1889
1871
1884
1869
1880
1900
1867
1871
