1901
1899
1913
1923
1901
1898
1888
1937
1904
1923
1913
1909
1912
1930
1914
1913
1909
1892
1898
1908
1921
1921
1928
1910
1906
1907
1898
1906
1869
1868
1930
1898
1896
1928
1916
1925
1896
1915
1888
1922
1901
1905
1932
1919
1933
1937
1939
1882
1918
1915
1927
1908
1925
1927
1898
1930
1887
1921
1910
1909
1918
1911
1932
1905
1928
1908
1892
1883
1914
1917
1882
1908
1879
1916
1919
1936
1943
1913
1914
1921
1937
1913
1907
1923
1880
1941
1914
1908
1917
1914
1930
1920
1916
1887
1918
1887
1928
1924
1890
1918
1909
1910
1932
1925
1922
1913
1901
1910
1897
1894
1922
1890
1896
1919
1909
1914
1877
1890
1917
1876
1915
1912
1918
1900
1920
1925
1889
1885
1922
1885
1890
1928
1894
1892
1909
1900
1932
1906
1907
1906
1908
1885
1887
1887
1903
1896
1901
1882
1885
1870
1888
1920
1892
1891
1892
1896
1927
1923
1922
1914
1920
1913
1923
1911
1908
1914
1917
1875
1869
1911
1937
1937
1922
1924
1912
1884
1887
1896
1878
1869
1897
1902
1911
1902
1891
1912
1886
1886
1903
1919
1905
1909
1907
1876
1899
1871
1928
1891
1904
1905
1928
1916
1917
1924
