1866
1866
1908
1908
1933
1933
1932
1932
1905
1905
1878
1878
1927
1927
1923
1923
1900
1900
1914
1914
1915
1915
1914
1914
1925
1925
1881
1881
1909
1909
1884
1884
1933
1933
1911
1911
1906
1906
1926
1926
1925
1925
1923
1923
1898
1898
1932
1932
1903
1903
1913
1913
1873
1873
1879
1879
1913
1913
1900
1900
1875
1875
1914
1914
1877
1877
1912
1912
1894
1894
1924
1924
1914
1914
1912
1912
1884
1884
1878
1878
1911
1911
1861
1861
1884
1884
1914
1914
1900
1900
1897
1897
1922
1922
1926
1926
1920
1920
1890
1890
1932
1932
1894
1894
1900
1900
1925
1925
1907
1907
1882
1882
1912
1912
1938
1938
1883
1883
1885
1885
1899
1899
1935
1935
1932
1932
1906
1906
1905
1905
1903
1903
1930
1930
1864
1864
1863
1863
1877
1877
1925
1925
1880
1880
1910
1910
1889
1889
1880
1880
1923
1923
1888
1888
1919
1919
1934
1934
1912
1912
1910
1910
1937
1937
1899
1899
1911
1911
1906
1906
1908
1908
1912
1912
1923
1923
1884
1884
1881
1881
1887
1887
1938
1938
1923
1923
1897
1897
1911
1911
1932
1932
1908
1908
1869
1869
1884
1884
1888
1888
1917
1917
1911
1911
1913
1913
1915
1915
1910
1910
1926
1926
1915
1915
1922
1922
1925
1925
1892
1892
1913
1913
1913
1913
1892
1892
1916
1916
1903
1903
1871
1871
1908
1908
1909
1909
1933
1933
1901
1901
1927
1927
1898
1898
1868
1868
1890
1890
1914
1914
1904
1904
1934
1934
1926
1926
1904
1904
1901
1901
1930
1930
1894
1894
1895
1895
1917
1917
1903
1903
1891
1891
1923
1923
1926
1926
1932
1932
1907
1907
1923
1923
1897
1897
1928
1928
1897
1897
1904
1904
1923
1923
1939
1939
1930
1930
1932
1932
1926
1926
1900
1900
1922
1922
1887
1887
1932
1932
1900
1900
1908
1908
1912
1912
1884
1884
1886
1886
1916
1916
1881
1881
1877
1877
1874
1874
1879
1879
1885
1885
1914
1914
1940
1940
1872
1872
1911
1911
1914
1914
1929
1929
1934
1934
1907
1907
1910
1910
