1923
1923
1908
1908
1909
1909
1878
1878
1910
1910
1913
1913
1929
1929
1903
1903
1905
1905
1930
1930
1901
1901
1923
1923
1924
1924
1935
1935
1928
1928
1899
1899
1932
1932
1903
1903
1920
1920
1891
1891
1893
1893
1913
1913
1925
1925
1903
1903
1901
1901
1936
1936
1930
1930
1881
1881
1890
1890
1924
1924
1917
1917
1896
1896
1914
1914
1913
1913
1902
1902
1928
1928
1880
1880
1932
1932
1929
1929
1895
1895
1900
1900
1925
1925
1939
1939
1907
1907
1911
1911
1895
1895
1923
1923
1922
1922
1920
1920
1925
1925
1914
1914
1889
1889
1927
1927
1915
1915
1908
1908
1937
1937
1902
1902
1928
1928
1935
1935
1907
1907
1920
1920
1909
1909
1916
1916
1886
1886
1903
1903
1917
1917
1931
1931
1864
1864
1880
1880
1884
1884
1921
1921
1893
1893
1918
1918
1926
1926
1893
1893
1918
1918
1927
1927
1897
1897
1896
1896
1932
1932
1907
1907
1936
1936
1938
1938
1907
1907
1906
1906
1871
1871
1931
1931
1927
1927
1894
1894
1925
1925
1889
1889
1922
1922
1923
1923
1940
1940
1910
1910
1888
1888
1909
1909
1897
1897
1922
1922
1928
1928
1924
1924
1932
1932
1900
1900
1866
1866
1926
1926
1924
1924
1912
1912
1914
1914
1939
1939
1903
1903
1933
1933
1904
1904
1914
1914
1933
1933
1929
1929
1899
1899
1905
1905
1912
1912
1917
1917
1929
1929
1919
1919
1916
1916
1895
1895
1896
1896
1921
1921
1907
1907
1933
1933
1939
1939
1904
1904
1893
1893
1896
1896
1925
1925
1931
1931
1904
1904
1906
1906
1929
1929
1915
1915
1921
1921
1886
1886
1879
1879
1910
1910
1935
1935
1913
1913
1914
1914
1889
1889
1934
1934
1897
1897
1927
1927
