1894
1890
1871
1924
1871
1865
1920
1876
1879
1894
1886
1880
1875
1888
1900
1885
1911
1891
1889
1884
1884
1879
1865
1926
1903
1888
1890
1857
1891
1884
1890
1888
1908
1898
1887
1894
1877
1890
1866
1875
1886
1935
1885
1942
1901
1908
1874
1925
1878
1868
1888
1913
1876
1891
1931
1906
1935
1933
1901
1889
1870
1891
1886
1857
1877
1862
1881
1869
1901
1888
1870
1931
1870
1874
1887
1920
1937
1879
1900
1872
1869
1891
1894
1884
1868
1938
1893
1897
1934
1876
1869
1861
1874
1897
1884
1873
1850
1884
1883
1867
1928
1901
1881
1886
1883
1886
1882
1920
1903
1927
1927
1891
1883
1875
1873
1865
1879
1879
1911
1881
1883
1922
1882
1899
1886
1888
1919
1919
1891
1910
1883
1891
1877
1872
1868
1897
1932
1926
1925
1886
1869
1875
1881
1874
1874
1899
1874
1895
1876
1923
1893
1879
1879
1881
1901
1869
1868
1918
1859
1884
1866
1904
1873
1897
1925
1887
1876
1893
1875
1887
1920
1865
1879
1883
1892
1865
1863
1874
1895
1930
1890
1935
1932
1927
1924
1891
1894
1930
1876
1875
1874
1882
1863
1926
1899
1884
1883
1876
1900
1874
1859
1893
1872
1881
1879
1877
1876
1879
1914
1881
1890
1882
1885
1901
1891
1876
1884
1861
1868
1865
1920
1893
1924
1889
1871
1886
1933
1927
1896
1896
1904
1908
1872
1927
1931
1875
1891
1876
1928
1905
1897
1883
1878
1876
1910
1873
1870
1887
1879
1885
1890
1866
1876
1878
1875
1923
1872
1894
1881
1874
1875
1875
1920
1891
1871
1872
1882
1888
1875
1883
1897
1892
1893
1884
1876
1882
1898
1866
1903
1910
1907
1895
1877
1889
1878
1885
1901
1922
1930
1927
1896
1923
1926
1882
1888
1877
1928
1909
1876
1920
1879
1871
1912
1885
1876
1889
1901
1870
1928
1891
1876
1873
1893
1924
1894
1880
1881
1909
1876
1873
1875
1870
1871
1871
1869
1871
1894
1858
1886
1888
1927
1925
1888
1883
1889
1876
1900
1928
1924
1927
1890
1884
1923
1885
1927
1893
1887
1870
1874
1865
1883
1872
1885
1880
1890
1875
1902
1892
1921
1878
1879
1894
1890
1884
1864
1868
1882
1879
1880
1920
1876
1875
1885
1921
1887
1880
1877
1905
1889
1891
1919
1890
1885
1899
1862
1880
1877
1901
1889
1902
1898
1895
1883
1892
1895
1882
1885
1904
1900
1901
1872
1891
1882
1878
1886
1902
1894
1869
1927
1877
1875
1878
1869
1889
1924
1917
1884
1868
1864
1927
1930
1927
1893
1850
1875
1881
1877
1890
1887
1866
1880
1922
1883
1892
1875
1872
1887
1881
1927
1925
1887
1923
1881
1891
1872
1879
1868
1882
1865
1862
1881
1938
1914
1874
1926
1881
1881
1873
1905
1904
1933
1879
1909
1890
1883
1887
1896
1887
1884
1882
1877
1883
1904
1940
1880
1863
1860
1885
1889
1882
1871
1876
1886
1884
1874
1880
1901
1890
1874
1883
1881
1896
1893
1924
1870
1887
1877
1938
1891
1870
1911
1903
1866
1868
1869
1864
1877
1896
1929
1899
1926
1889
1875
1881
1915
1875
1874
1908
1874
1873
1877
1878
1913
1896
1885
1871
1887
1873
1875
1890
1876
1897
1880
1927
1871
1928
1893
1854
1885
1866
1862
1880
1913
1909
1920
1876
1885
1893
1882
1868
1889
1880
1874
1878
1884
1881
1906
1869
1878
1899
1899
1875
1900
1875
1879
1887
1878
1892
1882
1897
1889
1893
1894
1895
1874
1883
1872
1868
1870
1876
1857
1884
1883
1878
1886
1904
1899
1928
1871
1884
1899
1922
1895
1869
1869
1895
1870
1899
1923
1940
1894
1898
1879
1865
1894
1872
1882
1936
1940
1879
1923
1887
1870
1889
1910
1869
1911
1888
1868
1902
1904
1916
1891
1862
1894
1879
1877
1881
1939
1871
1929
1898
1894
1882
1899
1896
1883
1893
1921
1904
1870
1874
1900
1902
1886
1880
1895
1904
1882
1882
1861
1870
1883
1877
1860
1884
1883
1867
1872
1877
1935
1937
1884
1886
1880
1873
1923
1882
1934
1902
1881
1863
1880
1859
1874
1888
1886
1901
1883
1922
1877
1882
1925
1930
1877
1883
1881
1884
1883
1883
1895
1902
1881
1864
1891
1890
1894
1924
1883
1875
1868
1890
1868
1875
1864
1874
1885
1922
1863
1890
1887
1884
1921
1911
1877
1919
1891
1885
1896
1886
1926
1885
1879
1887
1888
1869
1892
1917
1863
1874
1879
1872
1870
1935
1939
1908
1933
1876
1858
1893
1921
1882
1867
1869
1860
1871
1865
1865
1877
1894
1912
1884
1870
1882
1895
