1910
1933
1912
1902
1889
1926
1922
1915
1874
1904
1907
1938
1902
1928
1894
1897
1934
1889
1912
1890
1919
1914
1926
1917
1923
1901
1929
1931
1901
1921
1939
1926
1898
1923
1928
1930
1928
1869
1885
1897
1896
1927
1894
1900
1912
1925
1886
1914
1884
1920
1931
1936
1911
1924
1873
1910
1896
1898
1871
1905
1910
1907
1911
1902
1903
1911
1940
1908
1914
1912
1917
1898
1920
1925
1892
1869
1880
1911
1880
1936
1894
1923
1919
1872
1915
1919
1918
1887
1914
1887
1903
1919
1916
1913
1911
1915
1883
1913
1903
1910
1882
1911
1913
1895
1893
1925
1904
1878
1907
1908
1938
1940
1910
1897
1922
1928
1925
1918
1925
1862
1882
1896
1920
1892
1924
1922
1915
1910
1935
1900
1902
1927
1893
1909
1904
1918
1913
1920
1914
1875
1916
1880
1910
1882
1880
1867
1878
1868
1874
1938
1906
1888
1925
1908
1923
1883
1909
1907
1937
1930
1898
1906
