1888
1877
1879
1907
1891
1886
1925
1890
1881
1898
1871
1874
1877
1895
1883
1890
1869
1867
1873
1872
1893
1896
1880
1886
1886
1864
1882
1878
1879
1876
1901
1889
1875
1925
1885
1880
1876
1902
1932
1934
1886
1932
1893
1893
1875
1925
1878
1883
1899
1874
1867
1867
1885
1926
1888
1887
1900
1887
1864
1881
1939
1903
1883
1933
1889
1878
1872
1914
1882
1875
1888
1887
1895
1869
1879
1883
1885
1874
1884
1883
1892
1868
1882
1875
1878
1874
1879
1874
1884
1877
1907
1876
1868
1938
1895
1897
1870
1884
1876
1879
1890
1883
1878
1875
1869
1891
1884
1885
1884
1875
1892
1883
1884
1889
1892
1883
1883
1875
1882
1889
1866
1878
1893
1891
1877
1868
1875
1879
1863
1878
1880
1878
1892
1871
1881
1904
1886
1878
1884
1885
1879
1868
1879
1884
1931
1873
1875
1876
1877
1871
1881
1875
1906
1883
1882
1894
1875
1900
1891
1901
1928
1937
1933
1932
1884
1890
1896
1927
1921
1891
1896
1900
1881
1873
1888
1891
1876
1882
1875
1905
1880
1878
1873
1868
1890
1873
1880
1884
1876
1868
1882
1883
1877
1885
1885
1876
1880
1881
1891
1869
1879
1889
1927
1883
1900
1878
1881
1868
1878
1872
1876
1874
1889
1870
1877
1910
1894
1920
1890
1904
1880
1878
1898
1865
1892
1888
1880
1893
1877
1883
1872
1868
1881
1883
1872
1885
1884
1885
1873
1871
1893
1877
1871
1881
1880
1909
1878
1881
1875
1870
1878
1873
1875
1888
1886
1881
1886
1891
1928
1894
1882
1902
1896
1881
1873
1866
1900
1866
1885
1887
1868
1881
1874
1863
1904
1875
1897
1869
1893
1887
1921
1878
1879
1894
1873
1872
1892
1885
1886
1897
1898
1869
1900
1880
1888
1886
1866
1884
1870
1903
1869
1867
1881
1872
1895
1880
1868
1868
1879
1880
1893
1936
1874
1899
1891
1901
1898
1876
1871
1879
1873
1887
1870
1895
1886
1872
1876
1881
1909
1897
1877
1873
1893
1883
1880
1883
1883
1894
1866
1885
1926
1874
1880
1924
1895
1873
1882
1869
1894
1887
1878
1887
1899
1895
1878
1892
1877
1896
1927
1868
1878
1878
1886
1878
1876
1874
1898
1879
1876
1871
1884
1863
1876
1873
1916
1875
1892
1899
1883
1885
1891
1877
1883
1862
1885
1892
1884
1877
1892
1873
1872
1874
1874
1878
1892
1872
1871
1911
1873
1879
1881
1872
1896
1868
1874
1873
1877
1883
1876
1881
1925
1901
1877
1875
1881
1926
1872
1881
1882
1882
1887
1885
1891
1896
1927
1881
1880
1884
1889
1873
1865
1896
1938
1904
1872
1894
1894
1879
1877
1876
1879
1880
1900
1878
1904
1905
1872
1872
1926
1886
1878
1873
1897
1874
1873
1867
1885
1890
1901
1905
1898
1868
1865
1903
1866
1901
1883
1885
1890
1890
1890
1913
1883
1872
1912
1880
1868
1880
1884
1883
1884
1866
1879
1887
1886
1882
1883
1872
1903
1887
1899
1871
1885
1879
1880
1872
1876
1869
1880
1876
1870
1875
1879
1874
1871
1886
1879
1882
1876
1870
1878
1884
1868
1898
1874
1870
1897
1894
1883
1890
1889
1888
1914
1878
1886
1893
1882
1879
1898
1895
1886
1887
1861
1870
1883
1932
1889
1914
1896
1875
1875
1925
1896
1882
1868
1873
1890
1876
1883
1871
1874
1897
1870
1868
1896
1889
1888
1899
1881
1876
1879
1868
1894
1875
1882
1868
1872
1878
1870
1873
1867
1879
1893
1899
1926
1930
1892
1902
1887
1900
1899
1885
1869
1899
1886
1884
1873
1928
1899
1884
1879
1886
1887
1884
1884
1876
1885
1893
1894
1872
1875
1878
1907
1882
1875
1875
1877
1887
1880
1877
1887
1886
1874
1880
1901
1874
1888
1880
1881
1874
1934
1867
1878
1843
1914
1882
1872
1891
1885
1872
1878
1874
1880
1881
1906
1884
1912
1899
1876
1881
1919
1904
1909
1878
1872
1878
1881
1880
1890
1870
1870
1889
1889
1889
1874
1909
1911
1900
1882
1876
1885
1892
1878
1886
1888
1879
1878
1884
1892
1890
1889
1873
1881
1907
1880
1871
1867
1890
1877
1875
1902
1885
1878
1892
1880
1887
1925
1864
1883
1884
1876
1879
1882
1881
1882
1889
1926
1883
1897
1887
1874
1878
1885
1925
1891
1876
1872
1874
1870
1871
1892
1874
1928
1894
1876
1889
1876
1885
1893
1926
1881
1881
1870
1875
1886
1924
1885
1886
1883
1895
1875
1884
1896
1866
1866
1896
1917
1890
1892
1860
1905
1875
1894
1872
1873
1894
1876
1873
1883
1879
1877
1877
1888
1894
1889
1896
1885
1879
1905
1880
1883
1888
1923
1873
1880
1891
1872
1894
1875
1886
1903
1876
1893
1881
1893
1876
1887
1869
1922
1884
1891
1920
1875
1886
1910
1870
1909
1872
1881
1879
1878
1870
1874
1878
1877
1862
1879
1869
1888
1888
1884
1874
1872
1878
1886
1908
1883
1895
1887
1892
1882
1871
1875
1889
1879
1863
1875
1880
1873
1876
1876
1883
1872
1872
1883
1883
1878
1901
1925
1922
1895
1915
1902
1890
1893
1891
1873
1931
1905
1883
1877
1868
1872
1872
1880
1889
1876
1908
1886
1884
1875
1873
1874
1894
1896
1910
1864
1889
1867
1871
1870
1878
1890
1881
1899
1875
1872
1877
1904
1896
1884
1872
1881
1876
1888
1920
1885
1870
1892
1882
1887
1889
1900
1888
1891
1928
1900
1882
1873
1899
1876
1884
1880
1881
1882
1874
1879
1895
1897
1875
1893
1889
1872
1884
1893
1932
1881
1924
1888
1902
1892
1882
1878
1894
1887
1884
1886
1878
1905
1928
1897
1872
1889
1873
1905
1882
1888
1873
1878
1884
1875
1877
1884
1872
1880
1872
1876
1875
1880
1885
1879
1884
1870
1877
1880
1886
1894
1901
1870
1884
1909
1885
1869
1899
1887
1887
1868
1871
1876
1878
1877
1882
1886
1888
1874
1891
1872
1885
1861
1866
1869
1885
1874
1890
1875
1871
1879
1875
1901
1906
1882
1873
1886
1881
1925
1892
1888
1890
1885
1887
1922
1884
1894
1885
1882
1899
1865
1878
1882
1877
1906
1889
