1878
1878
1885
1885
1898
1898
1896
1896
1917
1917
1914
1918
1918
1914
1914
1880
1880
1926
1897
1930
1897
1880
1880
1919
1919
1913
1913
1921
1921
1913
1913
1913
1879
1879
1903
1903
1911
1911
1892
1892
1935
1935
1868
1908
1908
1908
1908
1915
1914
1928
1928
1900
1900
1936
1938
1930
1930
1903
1903
1905
1905
1906
1932
1890
1911
1893
1893
1891
1891
1937
1890
1908
1904
1904
1898
1898
1934
1935
1934
1935
1899
1899
1926
1926
1921
1921
1924
1924
1897
1912
1872
1914
1914
1939
1939
1879
1913
1905
1906
1901
1877
1880
1924
1908
1880
1892
1892
1901
1901
1929
1924
1932
1900
1908
1933
1914
1914
1941
1910
1932
1937
1939
1885
1929
1916
1921
1923
1923
1885
1917
1905
1905
1916
1916
1884
1884
1915
1915
1913
1913
1891
1915
1915
1935
1908
1905
1934
1909
1937
1904
1933
1905
1905
1917
1917
1911
1911
1924
1924
1933
1933
1899
1899
1929
1929
1899
1899
1911
1903
1908
1879
1924
1928
1892
1898
1874
1924
1890
1888
1915
1915
1917
1880
1880
1935
1935
1902
1929
1880
1880
1912
1912
1908
1872
1909
1873
1889
1889
1890
1890
1927
1927
1903
1903
1937
1937
1906
1906
1893
1901
1921
1923
1885
1915
1915
1929
1929
1899
1899
1903
1903
1883
1876
1912
1912
1939
1912
1912
1939
1909
1909
1878
1878
1910
1924
1924
1919
1919
1914
1914
1920
1920
1916
1916
1887
1887
1905
1905
1918
1918
1889
1889
1935
1935
1932
1932
1939
1939
1905
1905
1930
1927
1900
1923
1924
1880
1880
1915
1915
1927
1927
1923
1923
1913
1913
1914
1912
1925
1925
1898
1898
1928
1928
1898
1898
1934
1934
1930
1930
1900
1900
1902
1902
1901
1932
1932
1900
1900
1924
1924
1898
1898
1911
1911
1891
1920
1889
1889
1925
1925
1891
1920
1915
1942
1916
1916
1916
1878
1878
1892
1884
1884
1893
1923
1925
1898
1926
1911
1911
1905
1905
1904
1904
1867
1867
1899
1899
1939
1939
1903
1903
1933
1933
1904
1904
1931
1931
1937
1937
1902
1902
1906
1906
1888
1888
1884
1884
1889
1899
1890
1932
1904
1935
1933
1904
1935
1933
1872
1877
1914
1914
1914
1914
1910
1910
1912
1912
