1897
1914
1897
1899
1913
1907
1903
1901
1909
1910
1915
1901
1919
1900
1913
1920
1897
1909
1894
1891
1892
1908
1911
1907
1896
1912
1910
1917
1895
1896
1914
1884
1920
1909
1918
1919
1916
1899
1891
1906
1892
1919
1902
1889
1920
1887
1919
1920
1902
1914
1922
1894
1906
1906
1909
1893
1903
1909
1904
1915
1905
1908
1905
1912
1903
1910
1897
1917
1918
1900
1920
1910
1906
1912
1920
1891
1911
1903
1918
1904
1900
1922
1904
1911
1907
1908
1902
1920
1900
1900
1910
1909
1911
1899
1904
1901
1906
1911
1923
1899
1906
1908
1913
1894
