1884
1884
1892
1892
1927
1927
1886
1886
1893
1893
1903
1903
1896
1896
1891
1891
1900
1900
1900
1900
1852
1852
1900
1900
1920
1920
1926
1926
1883
1883
1888
1888
1923
1923
1934
1934
1935
1935
1911
1911
1913
1913
1911
1911
1900
1900
1900
1900
1900
1900
1930
1930
1874
1874
1892
1892
1924
1924
1913
1913
1917
1917
1879
1879
1894
1894
1923
1923
1929
1929
1921
1921
1914
1914
1925
1925
1913
1913
1910
1852
1852
1910
1870
1870
1919
1919
1915
1915
1877
1877
1914
1914
1914
1914
1885
1885
1922
1922
1927
1927
1924
1924
1919
1919
1885
1885
1913
1913
1883
1883
1872
1872
1914
1914
1924
1924
1941
1941
1915
1915
1909
1909
1928
1928
1916
1916
1914
1914
1940
1940
1914
1914
1941
1941
1911
1911
1891
1891
1900
1900
1874
1874
1908
1908
1893
1893
1897
1897
1924
1924
1912
1912
1897
1891
1897
1891
1900
1900
1896
1896
1910
1910
1889
1889
