1909
1865
1939
1927
1891
1893
1924
1901
1893
1884
1922
1863
1911
1908
1908
1935
1904
1904
1928
1932
1934
1903
1900
1930
1922
1900
1911
1937
1907
1931
1931
1897
1879
1879
1879
1938
1905
1938
1936
1935
1931
1930
1927
1929
1901
1907
1938
1904
1939
1892
1898
1898
1934
1898
1932
1923
1925
1901
1890
1895
1925
1923
1902
1931
1939
1922
1921
1905
1866
1939
1909
1876
1929
1925
1904
1929
1933
1903
1936
1910
1930
1935
1935
1921
1927
1933
1930
1939
1898
1926
1922
1923
1891
1879
1872
1919
1913
1929
1922
1898
1891
1921
1917
1891
1927
1911
1925
1897
1929
1923
1890
1927
