1907
1891
1897
1903
1887
1922
1923
1878
1891
1905
1925
1904
1892
1895
1922
1887
1910
1894
1901
1883
1886
1890
1912
1902
1892
1924
1887
1904
1894
1887
1909
1895
1908
1886
1924
1896
1890
1899
1882
1894
1923
1902
1923
1879
1901
1908
1922
1885
1882
1894
1923
1883
1888
1913
1888
1887
1911
1903
1889
1877
1924
1925
1881
1883
1883
1909
1927
1915
1890
1907
1893
1912
1922
1897
1903
1903
1898
1884
1888
1889
1893
1920
1925
1922
1886
1888
1904
1906
1886
1925
1921
1903
1883
1900
1899
1922
1902
1900
1887
1894
1898
1923
1919
1920
1901
1921
1889
1902
1899
1881
1890
1911
1918
1906
1889
1876
1889
1890
1885
1908
1898
1895
1914
1898
1892
1893
1902
1882
1886
1907
1923
1907
1926
1894
1903
1881
1919
1897
1913
1886
1898
1885
1896
1922
1916
1898
1902
1904
1924
1901
1909
1917
1882
1883
1899
1899
1884
1884
1883
1896
1881
1893
1898
1916
1888
1903
1921
1925
1888
1896
1902
1895
1905
1920
1888
1893
1902
1900
1924
1923
1919
1921
1883
1906
1890
1887
1907
1895
1905
1904
1898
1899
1890
1893
1922
1908
1893
1901
1913
1889
1923
1916
1888
1923
1894
1917
1894
1887
1892
1895
1900
1896
1913
1912
1892
1885
1919
1891
1886
1885
1915
1878
1891
1897
1894
1912
1892
1921
1882
1926
1874
1907
1908
1887
1892
1891
1884
1901
1911
1898
1893
1920
1890
1899
1884
1879
1908
1900
1903
1897
1876
1922
1913
1923
1886
1907
1910
1888
1899
1896
1890
1908
1901
1904
1902
1921
1912
1886
1885
1906
1901
1901
1908
1896
1906
1888
1906
1881
1893
1908
1902
1902
1920
1903
1895
1909
1904
1891
1891
1911
1877
1903
1886
1897
1888
1883
1890
1880
1896
1890
1913
1881
1923
1897
1897
1886
1897
1907
1900
1925
1903
1925
1922
1912
1884
1888
1893
1925
1893
1908
1922
1895
1893
1878
1880
1902
1923
1895
1894
1924
1909
1903
1889
1897
1881
1913
1925
1906
1908
1893
1893
1899
1897
1905
1915
1897
1923
1895
1911
1917
1913
1882
1919
1922
1895
1902
1909
1881
1879
1923
1893
1899
1923
1919
1906
1902
1894
1923
1887
1894
1886
1886
1895
1897
1895
1879
1879
1920
1920
1908
1884
1924
1906
1923
1896
1888
1913
1904
1906
1875
1900
1894
1902
1899
1895
1925
1892
1891
1907
1882
1894
1927
1924
1902
1921
1886
1915
1901
1899
1925
1890
1923
1892
1911
1912
1902
1924
1906
1921
1890
1921
1884
