1910
1910
1913
1913
1874
1874
1876
1876
1904
1904
1911
1911
1895
1895
1891
1891
1911
1911
1912
1912
1912
1912
1888
1888
1926
1926
1874
1874
1933
1933
1908
1908
1937
1937
1901
1901
1902
1902
1925
1925
1882
1882
1902
1902
1920
1920
1926
1926
1920
1920
1877
1877
1912
1912
1936
1936
1894
1894
1927
1927
1924
1924
1891
1891
1928
1928
1922
1922
1906
1906
1939
1939
1911
1911
1934
1934
1890
1890
1881
1881
1875
1875
1885
1885
1903
1903
1933
1933
1885
1885
1915
1915
1883
1883
1930
1930
1912
1912
1918
1918
1919
1919
1920
1920
1908
1908
1902
1902
1915
1915
1866
1866
1866
1866
1912
1912
1939
1939
1910
1910
1884
1884
1890
1890
1914
1914
1865
1865
1928
1928
1902
1902
1901
1901
1933
1933
1929
1929
1866
1866
1914
1914
1906
1906
1885
1885
1923
1923
1917
1917
1867
1867
1890
1890
1894
1894
1939
1939
1913
1913
1895
1895
1863
1863
1897
1897
1882
1882
1878
1878
1915
1915
1903
1903
1899
1899
1922
1922
1902
1902
1928
1928
1889
1889
1921
1921
1890
1890
1898
1898
1895
1895
1929
1929
1918
1918
1923
1923
1890
1890
1919
1919
1923
1923
1885
1885
1915
1915
1894
1894
1879
1879
1901
1901
1934
1934
1914
1914
1916
1916
1906
1906
1938
1938
1877
1877
1891
1891
1878
1878
1931
1931
1926
1926
1905
1905
1924
1924
1935
1935
1901
1901
1929
1929
1936
1936
1911
1911
1904
1904
1909
1909
1891
1891
1930
1930
1924
1924
1884
1884
1910
1910
1917
1917
1874
1874
1930
1930
1901
1901
1900
1900
1925
1925
1925
1925
1900
1900
1902
1902
1936
1936
1897
1897
1914
1914
1924
1924
1928
1928
1926
1926
1870
1870
1935
1935
1902
1902
1906
1906
1912
1912
1928
1928
1896
1896
1930
1930
1872
1872
1918
1918
1924
1924
1885
1885
1890
1890
1920
1920
1914
1914
1940
1940
1938
1938
1906
1906
1878
1878
1928
1928
1897
1897
1927
1927
1904
1904
1934
1934
1928
1928
1902
1902
1890
1890
1931
1931
1902
1902
1897
1897
1925
1925
1919
1919
1884
1884
1927
1927
1920
1920
1892
1892
1896
1896
1925
1925
1931
1931
1896
1896
1898
1898
1892
1892
1926
1926
1924
1924
1896
1896
1895
1895
1922
1922
1888
1888
1934
1934
1919
1919
1898
1898
1878
1878
1902
1902
1901
1901
1926
1926
1930
1930
1915
1915
1939
1939
1902
1902
1927
1927
1902
1902
1931
1931
1886
1886
1900
1900
1909
1909
1939
1939
1908
1908
1932
1932
1892
1892
1931
1931
1866
1866
1908
1908
1874
1874
1938
1938
1909
1909
