1915
1912
1907
1903
1876
1919
1881
1912
1926
1893
1914
1875
1888
1927
1923
1886
1920
1923
1894
1898
1925
1924
1900
1895
1929
1897
1925
1925
1910
1916
1878
1918
1940
1932
1910
1876
1903
1918
1913
1925
1934
1927
1908
1923
1936
1926
1937
1929
1911
1887
1891
1914
1914
1908
1910
1909
1902
1907
1917
1919
1925
1919
1928
1898
1919
1924
1931
1894
1923
1928
1925
1902
1894
1924
1927
1921
1916
1892
1889
1923
1917
1919
1937
1899
1863
1939
1917
1912
1936
1910
1912
1913
1878
1897
1884
1884
1914
1919
1902
1897
1921
1877
1903
1879
1906
1912
1921
1891
1894
1927
1919
1925
1922
1871
1886
1899
1878
1911
1917
1903
1929
1925
1927
1903
1933
1909
1912
1929
1896
1935
1916
1877
1919
1880
1942
1914
1924
1894
1921
1917
1908
1885
1895
1930
1924
1907
1876
1930
1930
1926
1931
1903
1908
1916
1935
1902
1928
1913
1888
1916
1883
1930
1931
1929
1927
1924
1893
1896
1925
1901
1927
1933
1922
1924
1913
1936
1902
1931
1907
1880
