1877
1877
1909
1909
1915
1915
1935
1935
1910
1910
1877
1877
1903
1903
1921
1921
1887
1887
1923
1923
1916
1916
1915
1915
1891
1891
1915
1915
1868
1868
1909
1909
1902
1902
1915
1915
1872
1872
1872
1872
1867
1867
1904
1904
1906
1906
1903
1903
1896
1896
1909
1909
1935
1935
1909
1909
1898
1898
1907
1907
1900
1900
1867
1867
1921
1921
1881
1881
1907
1907
1912
1912
1886
1886
1916
1916
1893
1893
1919
1919
1883
1883
1932
1932
1909
1909
1938
1938
1935
1935
1928
1928
1930
1930
1935
1935
1908
1908
1905
1905
1932
1932
1938
1938
1900
1900
1888
1888
1866
1866
1908
1908
1866
1866
1890
1890
1909
1909
1908
1908
1896
1896
1923
1923
1914
1914
1901
1901
1921
1921
1925
1925
1926
1926
1893
1893
1923
1923
1895
1895
1936
1936
1909
1909
1909
1909
1902
1902
1937
1937
1915
1915
1914
1914
1884
1884
1883
1883
1917
1917
1889
1889
1890
1890
1917
1917
1912
1912
1919
1919
1914
1914
1939
1939
1877
1877
1915
1915
1868
1868
1900
1900
1931
1931
1929
1929
1917
1917
1871
1871
1925
1925
1932
1932
1896
1896
1902
1902
1888
1888
1913
1913
1933
1933
1907
1907
1921
1921
1900
1900
1927
1927
1923
1923
1877
1877
1912
1912
1903
1903
1914
1914
1899
1899
1878
1878
1916
1916
1902
1902
1904
1904
1917
1917
1937
1937
1933
1933
