1900
1892
1921
1929
1927
1932
1923
1880
1880
1922
1927
1902
1900
1882
1901
1928
1903
1929
1929
1931
1901
1915
1925
1883
1890
1924
1861
1903
1871
1901
1903
1881
1878
1876
1913
1922
1919
1880
1919
1889
1916
1908
1920
1929
1921
1920
1926
1886
1889
1932
1919
1896
1875
1888
1907
1900
1924
1898
1931
1898
1898
1912
1905
1898
1930
1905
1937
1934
1891
1886
1912
1922
1918
1892
1889
1928
1922
1925
1915
1908
1933
1937
1905
1887
1891
1883
1893
1895
1881
1923
1904
1937
1913
1920
1876
1886
1939
1931
1938
1933
1902
1935
1933
1928
1903
1903
1930
1926
1926
1894
1899
1915
1937
1909
1929
1910
1900
1897
1924
1928
1900
1930
1880
1922
1877
1910
1917
1875
