1914
1885
1887
1922
1890
1938
1935
1912
1914
1889
1885
1919
1914
1924
1920
1898
1933
1936
1906
1903
1920
1898
1932
1905
1938
1908
1908
1900
1887
1918
1902
1900
1895
1887
1902
1877
1887
1897
1911
1938
1932
1915
1901
1932
1898
1911
1889
1919
1875
1920
1878
1894
1875
1875
1875
1914
1911
1940
1904
1934
1939
1914
1923
1885
1918
1859
1900
1900
1926
1929
1920
1906
1924
1899
1898
1882
1884
1910
1882
1920
1884
1922
1881
1876
1897
1906
1922
1894
1912
1932
1895
1904
1937
1908
1891
1911
1877
1911
1904
1922
1905
1929
1924
1921
1891
1914
1922
1895
1930
1895
1894
1894
1941
1859
1923
1929
1932
1900
1905
1934
1920
1887
1924
1926
1889
1928
1915
1908
1911
1936
1907
1920
1900
1889
1919
1919
1909
1908
1939
1936
1940
1913
1908
1921
1896
1894
1923
1928
1934
1887
1918
1889
1915
1876
1874
1914
1877
1908
1902
1932
1938
1874
1874
1938
1914
1926
1931
1929
1896
1924
1926
1899
1920
1924
1888
1920
1870
1911
1879
1937
1925
1923
1922
1891
1905
1940
1938
1924
1890
1916
1924
1924
1917
1917
1898
1920
1927
1910
1921
1925
1925
1924
1919
1888
1887
1876
1874
1875
1901
1877
1930
1909
1932
1927
1884
1922
1904
1880
1892
1922
1916
1886
1916
1915
1896
1934
1921
1895
1888
1920
1872
