1913
1913
1911
1911
1940
1940
1925
1925
1879
1879
1921
1921
1891
1891
1927
1927
1900
1900
1894
1894
1926
1926
1921
1921
1937
1937
1932
1932
1904
1904
1935
1935
1912
1912
1905
1905
1888
1888
1893
1893
1923
1923
1879
1879
1906
1906
1913
1913
1930
1930
1927
1927
1884
1884
1924
1924
1894
1894
1911
1911
1910
1910
1938
1938
1872
1872
1899
1899
1928
1928
1900
1900
1905
1905
1937
1937
1910
1910
1935
1935
1939
1939
1908
1908
1907
1907
1889
1889
1878
1878
1923
1923
1907
1907
1869
1869
1912
1912
1906
1906
1937
1937
1928
1928
1930
1930
1933
1933
1903
1903
1891
1891
1888
1888
1911
1911
1907
1907
1938
1938
1926
1926
1889
1889
1924
1924
1887
1887
1925
1925
1891
1891
1934
1934
1904
1904
1906
1906
1924
1924
1876
1876
1912
1912
1880
1880
1901
1901
1940
1940
1910
1910
1912
1912
1915
1915
1924
1924
1930
1930
1885
1885
1890
1890
1937
1909
1909
1937
1910
1910
1905
1905
