1893
1878
1865
1866
1868
1889
1864
1881
1871
1886
1881
1858
1884
1873
1852
1876
1892
1862
1888
1892
1879
1879
1878
1873
1856
1870
1884
1877
1889
1883
1863
1870
1850
1884
1871
1869
1872
1874
1880
1880
1883
1889
1860
1858
1873
1860
1861
1887
1885
1872
1881
1890
1858
1868
1879
1876
1863
1893
1884
1860
1860
1881
1868
1854
1880
1874
1888
1862
1889
1859
1859
1889
1856
1858
1889
1893
1883
1878
1891
1890
1870
1858
1874
1884
1870
1866
1880
1884
1877
1888
1856
1872
1868
1846
1882
1864
1848
1891
1881
1873
1877
1883
1886
1889
1874
1866
1859
1858
1891
1873
1854
1856
1889
1890
1876
1888
1867
1891
1890
1887
1880
1876
1863
1868
1874
1876
1868
1887
1878
1876
1892
1862
1885
1888
1870
1879
1868
1893
1876
1888
1863
1884
1879
1868
1886
1882
1886
1868
1854
1879
1848
1893
1868
1880
1857
1879
1875
1883
1864
1867
1873
1873
1883
1870
1858
1885
1873
1888
1889
1876
1893
1878
1888
1861
1874
1888
1871
1887
1874
1867
1871
1851
1878
1868
1887
1863
1885
1883
1876
1858
1884
1877
1863
1865
1883
1879
1885
1889
1870
1823
1895
1851
1886
1865
1886
1894
1874
1880
1889
1893
1842
1877
1852
1888
1880
1874
1878
1883
1880
1868
1864
1884
1879
1859
1888
1883
1843
1879
1875
1882
1864
1868
1886
1894
1885
1897
1883
1892
1890
1882
1888
1868
1886
1882
1871
1875
1881
1873
1881
1869
1871
1860
1862
1878
1892
1871
1878
1888
1873
1883
1892
1884
1890
1882
1890
1873
1869
1864
1868
1880
1887
1888
1880
1882
1890
1887
1853
1887
1879
1865
1860
1858
1859
1889
1890
1894
1892
1861
1888
1856
1883
1886
1883
1884
1845
1893
1848
1858
1846
1893
1872
1893
1848
1868
1892
1873
1879
1864
1862
1872
1878
1872
1874
1876
1888
1874
1875
1878
1868
1879
1878
1873
1881
1888
1882
1880
1888
1888
1880
1868
1873
1892
1886
1875
1888
1878
1884
1883
1856
1854
1875
1889
1887
1884
1856
1893
1885
1883
1878
1876
1880
1878
1875
1888
1853
1860
1890
1868
1874
1881
1851
1887
1881
1876
1888
1883
1892
1878
1874
1874
1890
1878
1880
1891
1893
1863
1851
1874
1882
1851
1868
1876
1858
1866
1867
1878
1871
1871
1880
1881
1878
1884
1886
1868
1858
1883
1890
1889
1864
1879
1887
1873
1862
1880
1887
1854
1872
1876
1868
1865
1850
1853
1880
1888
1881
1868
1891
1862
1890
1889
1872
1885
1864
1893
1884
1890
1867
1879
1883
1878
1889
1865
1886
1883
1874
1868
1892
1885
1872
1890
1849
1892
1861
1886
1858
1892
1881
1851
1865
1891
1884
1876
1866
1871
1888
1874
1893
1875
1870
1873
1872
1869
1870
1873
1877
1890
1892
1883
1886
1866
1868
1884
1893
1892
1862
1856
1868
1885
1868
1894
1859
1858
1882
1868
1882
1863
1893
1894
1888
1883
1873
1868
1866
1859
1850
1852
1876
1887
1890
1881
1855
1826
1893
1882
1883
1875
1878
1868
1865
1889
1870
1887
1855
1874
1877
1860
1875
1868
1890
1888
1875
1880
1875
1883
1863
1892
1868
1883
1885
1892
1869
1877
1889
1892
1888
1874
1853
1881
1876
1889
1893
1864
1880
1890
1883
1892
1866
1883
1869
1873
1886
1873
1869
1882
1863
1879
1880
1860
1878
1866
1887
1881
1889
1874
1875
1857
1878
1884
1887
1885
1853
1892
1851
1842
1881
1831
1851
1880
1891
1871
1868
1855
1880
1869
1886
1886
1862
1873
1888
1883
1868
1871
1880
1883
1887
1843
1882
1873
1888
1854
1879
1889
1856
1869
1848
1868
1883
1880
1883
1889
1876
1854
1892
1891
1888
1883
1887
1866
1873
1879
1883
1842
1878
1863
1883
1873
1894
1885
1865
1879
1893
1889
1878
1872
1888
1892
1873
1866
1887
1886
1882
1884
1889
1881
1863
1886
1876
1875
1860
1855
1868
1878
1883
1862
1876
1883
1883
1891
1861
1868
1876
1881
1893
1850
1850
1893
1871
1881
1856
1891
1872
1840
1873
1866
1853
1864
1891
1878
1881
1888
1889
1864
1888
1865
1884
1874
1858
1886
1891
1865
1871
1881
1860
1869
1878
1883
1864
1893
1854
1878
1882
1879
1884
1878
1840
1871
1876
1884
1886
1869
1850
1863
1863
1874
1888
1845
1878
1866
1853
1882
1882
1868
1884
1872
1890
1850
1887
1891
1851
1855
1855
1855
1881
1844
1845
1879
1849
1892
1863
1857
1873
1880
1879
1885
1878
1875
1892
1864
1884
1876
1888
1892
1886
1860
1869
1861
1876
1873
1892
1884
1874
1852
1893
1864
1892
1888
1858
1886
1875
1892
1871
1876
1868
1879
1858
1893
1880
1868
1875
1860
1891
1875
1858
1861
1884
1882
1870
1873
1873
1843
1853
1892
1858
1883
1849
1863
1875
1885
1892
1891
1872
1890
1881
1881
1868
1893
1856
1884
1890
1889
1886
1890
1876
1872
1890
1892
1888
1878
1893
1869
1887
1871
1891
1868
1888
1867
1875
1882
1896
1880
1872
1875
1870
1854
1885
1890
1876
1866
1841
1881
1858
1870
1875
1875
1874
1863
1890
1848
1893
1869
1880
1870
1868
1870
1873
1848
1880
1885
1876
1856
1884
1890
1872
1891
1886
1878
1882
1888
1893
1871
1872
1889
1893
1887
1893
1869
1853
1863
1885
1875
1861
1871
1875
1865
1879
1864
1857
1887
1865
1874
1856
1886
1858
1878
1891
1887
1881
1848
1867
1893
1861
1878
1848
1891
1865
1893
1882
1892
1876
1883
1846
1853
1889
1869
1886
1874
1874
1882
1893
1883
1878
1885
1874
1872
1893
1877
1861
1876
1873
1859
1865
1888
1878
1871
1879
1856
1878
1843
1854
1868
1883
1884
1892
1852
1877
1891
1890
1853
1877
1859
1887
1888
1891
1881
1882
1878
1888
1880
1873
1898
1860
1892
1891
1849
1888
1852
1869
1893
1871
1873
1877
1892
1856
1867
1875
1886
1882
1861
1864
1890
1867
1886
1848
1884
1860
1891
1882
1885
1885
1882
1868
1890
1859
1865
1882
1892
1894
1861
1880
1873
1865
1889
1881
1893
1875
1869
1868
1869
1886
1888
1888
1864
1872
1895
1888
1883
1882
1856
1880
1867
1880
1861
1850
1878
1878
1892
1886
1866
1873
1859
1877
1882
1858
1890
1885
1863
1880
1873
1864
1889
1886
1875
1862
1868
1871
1885
1885
1873
1873
1856
1879
1879
1858
1877
1886
1896
1859
1877
1871
1884
1884
1870
1892
1876
1888
1882
1855
1870
1868
1880
1878
1873
1873
1890
1883
1885
1886
1880
1888
1893
1866
1882
1891
1862
1844
1855
1889
1889
1884
1875
1890
1863
1854
1882
1870
1882
1867
1888
1878
1874
1846
1856
1881
1881
1867
1893
1884
1892
1886
1877
1889
1884
1879
1871
1894
1886
1864
1866
1887
1892
1893
1869
1882
1880
1883
1866
1876
1840
1882
1870
1879
1869
1880
1877
1875
1874
