1877
1877
1920
1920
1895
1895
1884
1884
1908
1908
1934
1934
1932
1932
1911
1911
1910
1910
1937
1937
1884
1884
1893
1893
1900
1900
1922
1922
1920
1920
1923
1923
1895
1895
1912
1912
1934
1934
1903
1903
1940
1940
1908
1908
1912
1912
1930
1930
1892
1892
1892
1892
1915
1915
1919
1919
1935
1935
1900
1900
1911
1911
1926
1926
1901
1901
1937
1937
1918
1918
1922
1922
1905
1905
1912
1912
1902
1902
1930
1930
1910
1910
1903
1903
1907
1907
1897
1897
1931
1931
1865
1865
1908
1908
1935
1935
1887
1887
1923
1923
1885
1885
1924
1924
1917
1917
1922
1922
1866
1866
1920
1920
1912
1912
1903
1903
1872
1872
1878
1878
1897
1897
1908
1908
1933
1933
1882
1882
1884
1884
1914
1914
1885
1885
1898
1898
1888
1888
1888
1888
1921
1921
1898
1898
1923
1923
1896
1896
1925
1925
1895
1895
1919
1919
1937
1937
1932
1932
1928
1928
1894
1894
1930
1930
1926
1926
1894
1894
1940
1940
1906
1906
1906
1906
1878
1878
1875
1875
1934
1934
1907
1907
1902
1902
1902
1884
1884
1902
1878
1878
1930
1930
1910
1910
1904
1904
1939
1903
1888
1888
1939
1903
1873
1873
1907
1907
1905
1905
1900
1900
1912
1912
1929
1929
1922
1922
1911
1911
1905
1905
1934
1934
1906
1906
1911
1911
1933
1933
1886
1886
1921
1921
1924
1924
1911
1911
1876
1876
1919
1919
1923
1923
1885
1885
1904
1904
1928
1928
1901
1901
1883
1883
1897
1897
1918
1918
1922
1922
1923
1923
1925
1925
1893
1893
1921
1921
1926
1926
1875
1875
1919
1919
1922
1922
1920
1920
1921
1921
1931
1931
1905
1905
1903
1903
1936
1936
1908
1908
1900
1900
1902
1902
1932
1932
1877
1877
1914
1914
1919
1919
1875
1875
1933
1933
1907
1907
1905
1905
1903
1903
1931
1931
1914
1914
1850
1850
1908
1908
1930
1930
1907
1907
1897
1897
1925
1925
1924
1924
1897
1897
1937
1937
1909
1909
1902
1902
1898
1898
1910
1910
1913
1913
1935
1935
1891
1903
1891
1903
1894
1894
1923
1923
1914
1914
1921
1921
1903
1903
1920
1920
1940
1940
1908
1908
1939
1939
1906
1906
1912
1912
1901
1901
1892
1892
1895
1895
1886
1886
1877
1877
1871
1871
1934
1934
1902
1902
1903
1903
1933
1933
1920
1920
1879
1879
1904
1904
1938
1938
1909
1909
1920
1920
1896
1896
1920
1920
1915
1915
1880
1880
1880
1880
1916
1916
1913
1913
1934
1934
1915
1915
1936
1936
1939
1939
1911
1911
1899
1899
1925
1925
1928
1928
1911
1911
1904
1904
1929
1929
1921
1921
1874
1874
1884
1884
1921
1921
1889
1889
1938
1938
1910
1910
1875
1875
1924
1924
1887
1887
1915
1915
1919
1919
1902
1902
1934
1934
1900
1900
1901
1901
1897
1897
1872
1872
