1917
1875
1909
1868
1929
1896
1924
1928
1894
1909
1937
1913
1904
1929
1934
1922
1925
1878
1880
1906
1924
1915
1877
1937
1939
1916
1902
1904
1903
1861
1901
1909
1904
1915
1881
1905
1907
1912
1937
1876
1911
1939
1940
1911
1867
1912
1880
1934
1912
1935
1900
1938
1931
1903
1935
1910
1910
1896
1928
1919
1933
1892
1929
1940
1903
1892
1923
1895
1901
1923
1913
1881
1878
1920
1878
1878
1895
1924
1890
1922
1903
1908
1910
1936
1878
1928
1938
1902
1903
1906
1887
1875
1871
1906
1911
1918
1884
1911
1900
1884
1924
1889
1910
1938
1912
1929
1924
1880
1867
1915
1901
1907
1938
1918
1923
1926
1924
1894
1885
1927
1934
1897
1926
1925
1892
1896
1923
1884
1924
1884
1920
1927
1926
1867
1871
1927
1896
1873
1911
