1916
1889
1922
1920
1913
1874
1916
1860
1874
1874
1892
1920
1923
1890
1916
1913
1878
1877
1918
1911
1925
1897
1899
1883
1914
1883
1915
1920
1911
1923
1897
1899
1921
1939
1869
1877
1866
1906
1930
1900
1929
1890
1884
1899
1928
1888
1883
1925
1921
1888
1888
1902
1875
1902
1923
1925
1899
1935
1896
1931
1912
1924
1862
1918
1890
1915
1885
1932
1895
1921
1893
1906
1921
1896
1931
1895
1924
1914
1872
1879
1932
1906
1906
1930
1904
1928
1925
1898
1923
1869
1903
1898
1910
1938
1936
1903
1930
1917
1904
1929
1925
1896
1899
1878
1876
1905
