1914
1883
1901
1887
1898
1905
1905
1922
1922
1893
1893
1907
1907
1899
1899
1888
1888
1907
1907
1896
1896
1910
1910
1891
1891
1890
1890
1908
1908
1890
1890
1911
1912
1892
1891
1905
1907
1907
1906
1889
1900
1905
1899
1899
1920
1920
1886
1886
1902
1902
1902
1902
1899
1899
1920
1920
1889
1889
1904
1904
1905
1905
1903
1903
1892
1892
1906
1906
1886
1886
1901
1901
1910
1920
1922
1904
1907
1919
1891
1901
1891
1891
1901
1896
1902
1902
1911
1911
1906
1906
1901
1901
1906
1906
1902
1902
1898
1898
1890
1890
1909
1909
1902
1902
1896
1896
1906
1892
1892
1907
1907
1893
1893
1897
1896
1908
1905
1901
1884
1920
1892
1895
1915
1906
1906
1906
1912
1912
1899
1899
1900
1900
1904
1904
1911
1911
1903
1903
1907
1907
1907
1907
1896
1896
1910
1910
1908
1908
1914
1914
1888
1888
1905
1886
1910
1902
1902
1915
1901
1897
1899
1898
1887
1914
1899
1899
1902
1902
1906
1906
1905
1905
1908
1908
1899
1899
1892
1892
1885
1885
1909
1909
1922
1922
1897
1911
1911
1886
1886
1911
1911
1892
1892
1913
1913
1904
1889
1903
1905
1902
1903
1907
1908
1908
1896
1905
1901
1905
1905
1921
1921
1910
1910
1897
1897
1889
1889
1898
1898
1912
1912
1902
1902
1898
1898
1887
1887
1887
1887
1903
1903
1906
1906
1905
1905
1879
1879
1904
1900
1883
1900
1894
1896
1904
1899
1913
1904
1902
1902
1904
1917
1892
1899
1899
1909
1909
1909
1909
1883
1883
1908
1908
1883
1883
1922
1922
1903
1903
1908
1908
1919
1919
1911
1911
1910
1910
1907
1907
1889
1889
1906
1906
1888
1901
1899
1890
1910
1898
1909
1901
1909
1876
1907
1911
1909
1909
1920
1920
1906
1906
1913
1913
1890
1890
1896
1896
1900
1900
1886
1886
1886
1886
1892
1907
1907
1919
1919
1906
1906
1904
1904
1892
1892
1895
1903
1904
1888
1877
1878
1906
1906
1921
1912
1898
1890
1890
1902
1906
1906
1895
1895
1896
1896
1921
1921
1900
1900
1900
1900
1923
1896
1899
1906
1906
1905
1905
1895
1895
1923
1923
1899
1899
1890
1906
1906
1901
1901
1898
1909
1903
1913
1910
1900
1884
1907
1895
1904
1899
1900
1900
1896
1896
1914
1914
1885
1885
1915
1915
1921
1921
1898
1898
1913
1913
1908
1908
1891
1891
1910
1911
1911
1913
1900
1900
1882
1899
1922
1904
1906
1907
1886
1906
1904
1904
1920
1920
1903
1903
1895
1895
1898
1892
1892
1904
1904
1904
1904
1920
1920
1904
1904
1907
1907
1881
1881
1901
1901
1899
1899
1882
1882
1893
1893
1908
1909
1907
1907
1909
1895
1921
1885
1922
1913
1908
1900
1922
1916
1912
1919
1919
1890
1890
1905
1905
1897
1897
1921
1921
1893
1893
1900
1900
1912
1912
1911
1911
1898
1898
1901
1893
1893
1899
1899
1891
1891
1900
1900
1911
1911
1896
1911
1902
1896
1901
1913
1884
1917
1898
1901
1921
1892
1909
1887
1887
1901
1899
1899
1920
1920
1891
1891
1904
1904
1886
1886
1904
1904
1907
1907
1896
1896
1905
1905
1910
1910
1911
1911
1897
1897
1908
1908
1884
1884
1908
1908
1893
1893
1898
1887
1914
1896
1921
1896
1910
1894
1907
1921
1900
1892
1908
1908
1908
1908
1920
1920
1909
1909
1914
1914
1902
1902
1897
1897
1887
1887
1900
1900
1919
1919
1920
1920
1899
1899
1896
1896
1882
1882
1886
1880
1894
1910
1910
1899
1905
1892
1911
1905
1912
1907
