1913
1911
1909
1939
1907
1933
1935
1939
1932
1936
1902
1904
1930
1928
1880
1911
1914
1880
1913
1939
1900
1915
1910
1874
1872
1913
1910
1903
1908
1907
1905
1931
1912
1880
1902
1900
1883
1891
1883
1893
1914
1881
1911
1920
1885
1930
1884
1906
1875
1913
1931
1894
1931
1925
1921
1894
1925
1895
1900
1906
1940
1872
1877
1905
1938
1932
1934
1905
1925
1880
1921
1914
1936
1911
1913
1935
1938
1910
1936
1930
1908
1904
1919
1931
1916
1885
1909
1911
1887
1872
1882
1923
1913
1916
1918
1934
1880
1870
1915
1907
1911
1934
1901
1930
1903
1938
1915
