1903
1923
1902
1915
1931
1886
1928
1929
1903
1924
1922
1929
1901
1904
1928
1929
1906
1928
1928
1920
1931
1910
1901
1910
1899
1910
1920
1903
1899
1928
1929
1913
1894
1894
1927
1885
1887
1914
1898
1882
1909
1902
1893
1925
1883
1919
1889
1889
1905
1921
1913
1906
1898
1906
1912
1892
1895
1905
1899
1886
1910
1926
1907
1904
1928
1907
1895
1894
1906
1908
1901
1923
1916
1916
1914
1894
1922
1919
1887
1909
1915
1899
1886
1910
1894
1897
1904
1907
1897
1899
1910
1890
1881
1930
1904
1884
1896
1922
1921
1914
1901
1899
1886
1912
1905
1887
1919
1893
1899
1911
1898
1914
1890
1888
1889
1917
1912
1899
1897
1917
1911
1916
1900
1919
1885
1901
1919
1909
1897
1925
1914
1924
1917
1930
1897
1915
1928
1924
1926
1929
1909
1906
1914
1888
1904
1895
1884
1923
1926
1904
1904
1896
1897
1894
1914
1914
1889
1891
1898
1915
1897
1913
1915
1920
1905
1909
1900
1894
1908
1923
1903
1914
1926
1928
1928
1925
1927
1920
1903
1913
1903
1906
1887
1903
1897
1908
1900
1892
1903
1894
1898
1896
1921
1912
1918
1903
1903
1897
1891
1898
1930
1885
1894
1902
1899
1915
1924
1907
1900
1922
1890
1890
1900
1906
1895
1901
1905
1905
1896
1907
1905
1893
1914
1905
1901
1897
1912
1920
1915
1914
1891
1902
1912
1908
1896
1902
1909
1890
1918
1902
1906
1897
1911
1902
1929
1910
1885
1901
1894
1899
1892
1902
1896
1898
1905
1885
1908
1915
1890
1909
1899
1917
1893
1895
1898
1901
1896
1910
1904
1921
1920
1895
1902
1910
1899
1901
1894
1910
1900
1909
1907
1916
1913
1905
1919
1919
1903
1900
1912
1920
1906
1901
1877
1911
1895
1897
1907
1898
1920
1925
1930
1916
1916
1917
1892
1895
1891
1895
1901
1929
1926
1897
1900
1896
1904
1904
1901
1913
1909
1876
1885
1891
1906
1913
1896
1911
1910
1897
1904
1899
1888
1899
1901
1918
1901
1908
1922
1903
1907
1916
1907
1897
1914
1914
1930
1927
1928
1893
1919
1901
1900
1908
1929
1932
1890
1894
1931
1920
1929
1929
1900
1923
1930
1888
1919
1902
1902
1907
1905
1900
1917
1927
1882
1903
1913
1926
1898
1896
1918
1914
1891
1886
1923
1906
1903
1900
1916
1914
1896
1915
1883
1901
1887
1893
1896
1901
1890
1910
1919
1919
1887
1906
1899
1899
1918
1902
1918
1910
1911
1925
1894
1932
1922
1919
1920
1891
1904
1903
1887
1931
1912
1928
1920
1928
1927
1927
1901
1929
1915
1915
1923
1900
1912
1889
1908
1894
1915
1897
1913
1894
1905
1911
1927
1882
1930
1898
1905
1901
1909
1900
1903
1897
1918
1914
1929
1892
1888
1930
1930
1930
1929
1897
1907
1923
1882
1892
1903
1902
1908
1896
1900
1906
1922
1900
1890
1928
1911
1908
1928
1926
1899
1908
1903
1890
1904
1921
1899
1912
1907
1920
1911
1901
1895
1901
1929
1913
1928
1898
1890
1898
1885
1901
1919
1914
1898
1908
1910
1897
1904
1896
1906
1908
1895
1899
1928
1920
1907
1905
1912
1912
1910
1893
1910
1902
1914
1899
1894
1917
1907
1928
1886
1876
1922
1895
1920
1930
1929
1928
1929
1931
1903
1898
1880
1897
1900
1899
1929
1928
1887
1896
1890
1909
1920
1905
1890
1885
1920
1920
1920
1920
1886
1903
1928
1894
1896
1914
1899
1921
1916
1911
1917
1925
1882
1903
1905
1889
1902
1909
1901
1907
1920
1896
1899
1914
1922
1903
1882
1913
1926
1920
1919
1881
1888
1900
1912
1896
1918
1899
1893
1894
1887
1886
1925
1894
1889
1894
1914
1916
1873
1901
1929
1902
1884
1921
1910
1921
1920
1920
1900
1892
1909
1919
1916
1891
1918
1917
1887
1896
1907
1906
1892
1887
1884
1903
1906
1904
1883
1911
1898
1927
1901
1904
1886
1879
1918
1880
1921
1878
1911
1903
1908
1906
1901
1893
1918
1898
1902
1888
1899
1908
1908
1896
1895
1893
1909
1922
1916
1899
1905
1911
1911
1904
1922
1914
1895
1907
1902
1884
1891
1910
1898
1914
1877
1922
1893
1903
1925
1898
1931
1914
1927
1922
1907
1893
1910
1915
1908
1915
1920
1916
1889
1898
1891
1919
1882
1894
1900
1920
1878
1920
1895
1919
1905
1916
1892
1895
1926
1929
1902
1897
1907
1909
1903
1915
1913
1911
1904
1903
1886
1918
1890
1907
1907
1890
1909
1902
1888
1902
1919
1896
1900
