1885
1884
1887
1922
1890
1890
1890
1883
1922
1912
1917
1890
1890
1921
1874
1874
1896
1932
1910
1932
1910
1918
1878
1908
1907
1881
1891
1906
1934
1903
1886
1877
1901
1927
1901
1932
1935
1913
1913
1879
1905
1931
1932
1903
1913
1885
1926
1913
1886
1906
1896
1935
1875
1882
1895
1884
1908
1893
1908
1893
1880
1920
1916
1893
1894
1910
1902
1891
1912
1910
1870
1878
1915
1913
1870
1887
1887
1930
1907
1908
1939
1917
1927
1941
1941
1891
1918
1931
1891
1922
1940
1878
1900
1896
1896
1901
1898
1898
1927
1882
1933
1925
1925
1930
1939
1902
1893
1896
1927
1914
1916
1923
1938
1920
1914
1889
1886
1903
1910
1889
1919
1922
1882
1925
1900
1898
1930
1940
1937
1934
1932
1902
1923
1929
1924
1936
1932
1910
1919
1910
1893
1903
1894
1930
1932
1889
1921
1927
1891
1923
1928
1897
1907
1932
1905
1885
1910
1924
1913
1916
1927
1918
1921
1883
1897
1879
1905
1908
1885
1884
1943
1915
1872
1930
1892
1921
1888
1886
1905
1903
1906
1939
1920
1925
1896
1929
1894
1919
1918
1889
1920
1902
1916
1876
1876
1892
1918
1892
1925
1917
1931
1922
1922
1925
1918
1918
1918
1879
1873
1874
1914
1881
1916
1935
1907
1931
1937
1907
1897
1893
1910
1925
1937
1881
1920
1907
1859
1923
1893
1892
1921
1880
1920
1880
1903
1932
1894
1896
1932
1910
1896
1933
1872
1916
1908
1913
1910
1873
1911
1915
1906
1924
1928
1916
1923
1940
1891
1890
1904
1916
1898
1905
1930
1926
1884
1937
1912
1909
1879
1912
1867
1912
1898
1899
1923
1929
1887
1889
1922
1889
1927
1894
1933
1921
1895
1909
1881
1908
1877
1922
1906
1926
1920
1912
1924
1924
1913
1868
1938
1904
1904
1920
1914
1882
1877
1914
1939
1884
1921
1898
1903
1899
1894
1911
1893
1923
1921
1891
1930
1890
1927
1853
1886
1882
1919
1925
1922
1882
1900
1866
1907
1907
1936
1869
1869
1933
1906
1927
1902
1902
1913
1891
1887
1893
1929
1913
1927
1925
1938
1894
1897
1932
1888
1896
1928
1931
1927
1926
1916
1895
1896
1929
1937
1924
1926
1890
1932
1892
1929
1915
1876
1876
1920
1877
1894
1904
1906
1935
1936
1910
1931
1902
1909
1916
1913
1884
1912
1893
1913
1936
1911
1886
1923
1928
1921
1885
1885
1885
1911
1932
1935
1911
1936
1905
1939
1900
1897
1892
1896
1905
1908
1903
1898
1914
1914
1927
1897
1902
1928
1931
1909
1933
1913
1884
1911
1932
1928
1910
1927
1890
1933
1890
1916
1873
1872
1912
1890
1909
1873
1873
1936
1910
1874
1874
1882
1926
1925
1884
1918
1900
1930
1940
1911
1894
1874
1908
1885
1880
1906
1920
1933
1914
1921
1931
1927
1891
1925
1923
1931
1888
1888
1918
1926
1916
1922
1885
1937
1909
1898
1903
1936
1904
1908
1880
1902
1888
1921
1911
1937
1914
1917
1930
1936
1905
1901
1940
1929
1890
1905
1913
1921
1892
1887
1918
1915
1904
1935
1936
1908
1924
1918
1908
1878
1899
1904
1898
1905
1908
1904
1905
1870
1937
1891
1871
1872
1911
1906
1920
1884
1894
1926
1919
1923
