1911
1911
1910
1910
1889
1889
1928
1928
1919
1919
1923
1923
1922
1922
1928
1928
1919
1919
1925
1925
1911
1911
1913
1913
1921
1921
1883
1883
1900
1900
1908
1908
1909
1909
1913
1913
1922
1922
1888
1888
1927
1927
1903
1903
1932
1932
1898
1898
1905
1905
1921
1921
1924
1924
1892
1892
1887
1887
1883
1883
1895
1895
1903
1903
1893
1893
1905
1905
1907
1907
1925
1925
1892
1892
1923
1923
1897
1897
1899
1899
1904
1904
1907
1907
1936
1936
1906
1906
1904
1904
1921
1921
1919
1919
1918
1918
1912
1912
1891
1891
1891
1891
1927
1927
1909
1909
1873
1873
1895
1895
1919
1919
1912
1912
1935
1935
1896
1896
1904
1904
1912
1912
1908
1908
1871
1871
1904
1904
1897
1897
1932
1932
1925
1925
1895
1895
1915
1915
1922
1922
1906
1906
1896
1896
1900
1900
1924
1924
1925
1925
1915
1915
1914
1914
1922
1922
1914
1914
1905
1905
1907
1907
1898
1898
1921
1921
1926
1926
1896
1896
1904
1904
1903
1903
1896
1896
1913
1913
1918
1918
1894
1894
1890
1890
1925
1925
1914
1914
1926
1926
1910
1910
1910
1910
1906
1906
1905
1905
1907
1907
1933
1933
1891
1891
1893
1893
1925
1925
1904
1904
1909
1909
1899
1899
1924
1924
1892
1892
1918
1918
1904
1904
1894
1894
1893
1893
1861
1861
1894
1894
1892
1892
1928
1928
1923
1923
1937
1937
1917
1917
1914
1914
1910
1910
1906
1906
1912
1912
1928
1928
1904
1904
1902
1902
1908
1908
1903
1903
1938
1938
1890
1890
1911
1911
1907
1907
