1925
1925
1899
1899
1926
1926
1938
1938
1932
1932
1932
1932
1898
1898
1897
1897
1929
1929
1926
1926
1926
1926
1900
1900
1875
1875
1901
1901
1912
1912
1906
1906
1939
1939
1938
1938
1933
1933
1918
1918
1900
1900
1890
1890
1912
1912
1906
1906
1900
1900
1880
1880
1884
1884
1890
1890
1920
1920
1932
1932
1929
1929
1889
1889
1859
1859
1931
1931
1925
1925
1895
1895
1900
1900
1928
1928
1917
1917
1915
1915
1923
1923
1919
1919
1895
1895
1893
1893
1876
1876
1920
1920
1916
1916
1886
1886
1918
1918
1891
1891
1897
1897
1908
1908
1912
1912
1911
1911
1909
1909
1903
1903
1937
1937
1929
1929
1905
1905
1912
1912
1937
1937
1911
1911
1916
1916
1938
1938
1912
1912
1934
1934
1909
1909
1913
1913
1937
1937
1889
1889
1896
1896
1932
1932
1930
1930
1911
1911
1935
1935
1924
1924
1891
1891
1892
1892
1923
1923
1919
1919
1932
1932
1929
1929
1887
1887
1900
1900
1886
1886
1927
1927
1930
1930
1926
1926
1901
1901
1935
1935
1908
1908
1916
1916
1921
1921
1922
1922
1913
1913
1924
1924
1926
1926
1926
1926
1886
1886
1903
1903
1926
1926
1921
1921
1925
1925
1890
1890
1928
1928
1898
1898
1925
1925
1898
1898
1934
1934
1936
1936
1858
1858
1926
1926
1890
1890
1896
1896
1923
1923
1880
1880
1916
1916
1883
1883
1905
1905
1928
1928
1877
1877
1877
1877
1915
1915
1914
1914
1871
1871
1905
1905
1871
1871
1888
1888
1918
1918
1883
1883
1913
1913
1884
1884
1929
1929
1933
1933
1926
1926
1899
1899
1900
1900
1915
1915
1875
1875
1873
1873
1870
1870
1911
1911
1909
1909
1906
1906
1938
1938
1933
1933
1901
1901
1901
1901
1925
1925
1925
1925
1928
1928
1930
1930
1899
1926
1938
1898
1899
1926
1938
1898
1937
1937
1910
1910
1939
1939
1909
1909
1855
1855
1907
1907
1906
1906
1891
1891
1887
1887
1932
1932
1934
1934
1906
1906
1906
1906
1901
1901
1863
1863
1904
1904
1920
1920
1919
1919
1897
1897
1924
1924
1916
1916
1920
1920
1924
1924
1921
1921
1918
1918
1926
1926
1896
1896
1890
1890
1915
1915
1880
1880
1937
1937
1903
1903
1902
1902
1912
1912
1926
1926
1894
1894
1914
1914
1885
1885
1921
1921
1926
1926
1930
1930
1935
1935
1902
1902
