1896
1896
1901
1920
1875
1928
1903
1929
1888
1904
1932
1917
1927
1930
1926
1885
1924
1925
1915
1934
1929
1912
1937
1912
1893
1919
1916
1887
1875
1923
1916
1920
1880
1938
1912
1871
1922
1916
1919
1914
1888
1923
1887
1931
1900
1923
1899
1895
1894
1912
1870
1897
1892
1922
1920
1884
1911
1913
1924
1929
1908
1888
1925
1932
1903
1916
1926
1899
1900
1873
1904
1923
1892
1925
1919
1925
1893
1923
1896
1923
1935
1901
1921
1923
1927
1923
1903
1932
1937
1931
1903
1891
1888
1924
1913
1908
1927
1924
1889
1897
1882
1882
1908
1933
1936
1908
1883
1914
1924
1918
1920
1924
1928
1890
1931
1907
1937
1905
1915
1904
1906
1924
1878
1915
1887
1887
1923
1916
1920
1905
1932
1926
1902
1928
1926
1923
1912
1885
1920
1925
1916
1914
1879
1908
1908
1880
1915
1921
1885
1922
1893
