1927
1909
1932
1929
1909
1894
1925
1915
1928
1918
1917
1923
1885
1909
1902
1893
1929
1923
1889
1905
1912
1926
1920
1931
1889
1893
1926
1929
1924
1903
1898
1895
1879
1887
1919
1921
1902
1938
1933
1915
1905
1919
1905
1921
1927
1895
1905
1880
1909
1885
1885
1915
1924
1918
1903
1884
1939
1889
1905
1909
1920
1933
1900
1902
1920
1925
1890
1890
1920
1925
1896
1902
1936
1890
1912
1923
1905
1893
1895
1933
1927
1904
1933
1906
1913
1925
1922
1907
1925
1926
1901
1890
1925
1936
1933
1912
1930
1893
1886
1905
1910
1912
1905
1925
1905
1910
1912
1903
1922
1908
1923
1922
1918
1925
1925
1901
1900
1928
1924
1930
1910
1926
1921
1885
1920
1921
1940
1902
1928
1915
1905
1897
1905
1907
1900
1905
1925
1930
1895
1920
1905
1905
1925
1929
1920
1923
1925
1901
1929
1914
1931
1882
1915
1885
1925
1893
1920
1904
1925
1895
1905
1885
1923
1924
1885
1910
1926
1920
1922
1925
1915
1925
1921
1923
1895
1913
1922
1907
1915
1890
1922
1933
1893
1905
1896
1915
1919
1902
1914
1909
1911
1895
1924
1919
1920
1920
1895
1921
1930
1902
1887
1885
1915
1895
1925
1933
1923
1928
1926
1902
1885
1927
1928
1923
1899
1925
1922
1905
1895
1920
1912
1911
1938
1923
1910
1903
1908
1921
1902
1925
1918
1920
1899
1903
1924
1885
1895
1906
1933
1890
1899
1915
1931
1898
1907
1923
1895
1905
1894
1927
1903
1907
1914
1890
1922
1929
1890
1905
1911
1927
1931
1906
1910
1895
1937
1922
1919
1928
1924
1910
1925
1912
1915
1925
1883
1921
1889
1880
1920
1923
1915
1866
1915
1895
1905
1934
1930
1905
1920
1905
1918
1925
1924
1915
1920
1886
1922
1910
1900
1902
1883
1892
1909
1909
1929
1893
1901
1924
1933
1923
1922
1889
1895
1921
1921
1899
1921
1925
1912
1915
1920
1922
1929
1920
1926
1924
1885
1931
1925
1901
1926
1936
1882
1898
1895
1914
1933
1895
1903
1895
1916
1910
1933
1894
1909
1901
1920
1906
1923
1907
1927
1896
1876
1867
1927
1895
1915
1907
1922
1929
1916
1900
1908
1924
1926
1922
1929
1926
1928
1917
