1903
1903
1885
1885
1930
1930
1883
1921
1921
1883
1878
1878
1919
1919
1889
1889
1882
1882
1935
1935
1909
1909
1869
1869
1938
1938
1934
1934
1910
1910
1919
1919
1929
1929
1924
1924
1926
1926
1920
1920
1895
1895
1914
1914
1906
1906
1931
1931
1927
1927
1906
1906
1926
1926
1909
1909
1878
1878
1903
1903
1916
1916
1914
1914
1911
1911
1880
1880
1880
1880
1920
1920
1905
1905
1933
1933
1929
1929
1939
1939
1892
1892
1903
1903
1935
1935
1930
1930
1919
1919
1897
1897
1925
1925
1936
1936
1912
1912
1905
1905
1934
1934
1927
1927
1928
1928
1874
1874
1938
1938
1906
1906
1903
1903
1929
1929
1926
1926
1915
1915
1915
1915
1909
1909
1906
1906
1935
1935
1896
1896
1878
1878
1904
1904
1915
1937
1915
1937
1933
1933
1919
1919
1914
1914
1894
1894
1915
1915
1933
1933
1910
1910
1934
1934
1907
1907
1912
1912
1940
1940
1917
1917
1930
1930
1902
1902
1924
1924
1925
1925
1929
1929
1926
1926
1909
1909
1939
1939
1912
1912
1913
1913
1904
1904
1904
1904
1938
1938
1935
1935
1901
1901
1932
1932
1890
1890
1902
1902
1897
1897
1904
1904
1901
1901
1908
1908
1908
1908
1935
1935
1914
1914
1897
1897
1930
1930
1873
1873
1903
1903
1932
1932
1928
1928
