1927
1927
1902
1902
1897
1897
1901
1901
1864
1864
1883
1883
1907
1907
1910
1910
1903
1903
1909
1909
1877
1877
1875
1875
1937
1937
1886
1886
1883
1883
1923
1923
1921
1921
1919
1919
1876
1876
1912
1912
1906
1906
1912
1912
1935
1935
1890
1890
1928
1928
1923
1923
1893
1893
1920
1920
1931
1931
1912
1912
1910
1910
1872
1872
1926
1926
1881
1881
1915
1915
1914
1914
1936
1936
1938
1938
1909
1909
1906
1906
1890
1890
1926
1926
1896
1896
1931
1931
1925
1925
1900
1900
1900
1900
1899
1899
1924
1924
1929
1929
1925
1925
1918
1918
1890
1890
1897
1897
1923
1923
1927
1927
1923
1923
1921
1921
1902
1902
1917
1917
1882
1882
1913
1913
1903
1903
1880
1930
1880
1930
1925
1925
1931
1931
1902
1902
1916
1916
1912
1912
1936
1936
1913
1913
1912
1912
1879
1879
1881
1881
1917
1917
1910
1910
1898
1898
1923
1923
1928
1928
1912
1912
1914
1914
1880
1880
1923
1923
1879
1879
