1894
1915
1892
1923
1881
1893
1926
1892
1897
1932
1896
1922
1926
1899
1924
1875
1928
1900
1926
1896
1905
1935
1933
1936
1927
1930
1896
1886
1922
1917
1896
1899
1924
1918
1933
1930
1875
1905
1874
1926
1905
1912
1913
1890
1892
1905
1914
1912
1932
1927
1914
1924
1929
1891
1939
1902
1931
1874
1900
1901
1915
1880
1916
1915
1902
1899
1912
1870
1870
1913
1938
1914
1914
1914
1937
1912
1939
1913
1911
1882
1917
1939
1907
1906
1937
1939
1924
1911
1937
1936
1862
1880
1907
1895
1923
1895
1894
1882
1882
1925
1881
1920
1920
1914
1888
1919
1908
1896
1934
1935
1907
1905
1898
1937
1933
1930
1931
1905
1877
1884
1878
1923
1916
1909
1885
1887
1920
1922
1892
1924
1924
1869
1933
1910
1932
1918
1892
1925
1929
1896
1922
1924
1896
1926
1897
1926
1896
1929
1896
1933
1925
1922
1920
1926
1927
1897
1924
1940
1877
1937
1906
1936
1875
1908
1907
1910
1920
1881
1929
1867
1867
1896
1897
1908
1924
1925
1934
1935
1927
1905
1924
1895
1930
1901
1918
1914
1875
1888
1888
1913
1912
1922
1927
1925
1897
1901
1906
1931
1933
1938
1906
1914
1924
1932
1934
1908
1937
1935
1930
1907
1867
1868
1914
1924
1935
1910
