1912
1912
1907
1907
1912
1912
1890
1890
1888
1888
1921
1921
1917
1917
1931
1931
1929
1929
1923
1923
1925
1925
1927
1927
1885
1885
1876
1876
1911
1911
1913
1913
1880
1880
1931
1931
1900
1900
1909
1909
1925
1925
1939
1939
1890
1890
1935
1935
1899
1899
1934
1934
1901
1901
1914
1914
1913
1913
1912
1912
1907
1907
1907
1907
1936
1936
1912
1912
1880
1880
1922
1922
1923
1923
1905
1905
1868
1868
1880
1880
1912
1912
1917
1917
1882
1882
1879
1879
1899
1899
1897
1897
1906
1906
1910
1910
1907
1907
1913
1913
1908
1908
1875
1875
1915
1915
1921
1921
1897
1897
1895
1895
1923
1923
1904
1904
1916
1916
1914
1914
1882
1882
1878
1878
1904
1904
1902
1902
1884
1884
1920
1920
1908
1922
1922
1908
1915
1915
1891
1891
1926
1926
1880
1880
1887
1887
1887
1887
1904
1904
1919
1919
1924
1924
1926
1926
1927
1927
1887
1887
1885
1885
1922
1922
1920
1920
1886
1886
1886
1886
1917
1917
1913
1913
1887
1887
1900
1900
1930
1930
1880
1880
1924
1924
1919
1919
1883
1883
1884
1884
1927
1927
1887
1887
1920
1920
1924
1924
1935
1935
1868
1868
1937
1937
1904
1904
1906
1906
1905
1905
1905
1905
1933
1933
1903
1903
1891
1891
1923
1923
1900
1900
1904
1904
1892
1892
1924
1924
1924
1924
1894
1894
1924
1924
1904
1904
1886
1886
1923
1923
1911
1911
1862
1862
1907
1907
1878
1878
1916
1916
1877
1877
1878
1878
1909
1909
1912
1912
1914
1914
1920
1920
1917
1917
1914
1914
1890
1890
1913
1913
1923
1923
1888
1888
1888
1888
1916
1916
1890
1890
1892
1892
1911
1911
1872
1872
1915
1915
1894
1894
1896
1896
1907
1907
1900
1900
1939
1939
