1930
1882
1885
1882
1922
1915
1868
1924
1926
1897
1906
1904
1866
1893
1902
1868
1919
1924
1933
1892
1868
1902
1935
1900
1897
1901
1871
1917
1882
1872
1862
1919
1880
1906
1924
1883
1890
1893
1890
1877
1924
1863
1903
1902
1877
1876
1902
1928
1921
1885
1900
1902
1881
1876
1900
1877
1888
1879
1859
1877
1879
1899
1876
1887
1875
1886
1883
1872
1889
1902
1909
1935
1912
1918
1882
1902
1915
1932
1924
1907
1881
1895
1927
1873
1854
1900
1910
1908
1892
1886
1857
1888
1854
1873
1870
1903
1913
1890
1896
1887
1873
1921
1889
1888
1891
1928
1890
1925
1932
1895
1887
1927
1923
1871
1877
1882
1875
1900
1926
1932
1923
1929
1934
1883
1910
1909
1886
1886
1882
1882
1917
1923
1918
1922
1932
1940
1920
1863
1907
1874
1908
1908
1910
1890
1900
1895
1887
1892
1884
1890
1906
1897
1877
1902
1904
1904
1878
1904
1928
1924
1900
1883
1879
1889
1915
1886
1903
1928
1931
1909
1927
1873
1907
1904
1873
1870
1887
1897
1881
1919
1893
1915
1917
1911
1883
1904
1882
1884
1904
1868
1932
1879
1902
1930
1896
1874
1896
1902
1882
1858
1855
1868
1928
1899
1873
1904
1894
1903
1900
1894
1886
1874
1879
1932
1881
1902
1927
1879
1870
1872
1888
1921
1876
1917
1864
1884
1889
1930
1869
1878
1872
1888
1893
1923
1866
1880
1882
1890
1868
1915
1902
1893
1872
1900
1923
1898
1935
1886
1875
1937
1904
1902
1855
1891
1923
1923
1884
1904
1874
1882
1874
1889
1919
1886
1890
1899
1902
1932
1930
1870
1928
1927
1888
1900
1923
1924
1924
1880
1871
1906
1900
1900
1906
1906
1884
1900
1879
1879
1902
1888
1880
1937
1910
1932
1892
1894
1904
1885
1911
1874
1896
1894
1871
1894
1896
1897
1912
1902
1918
1911
1886
1905
1873
1905
1895
1922
1919
1900
1902
1897
1902
1922
1895
1888
1884
1897
1869
1875
1887
1913
1884
1901
1911
1896
1893
1889
1895
1912
1888
1909
1923
1902
1901
1902
1928
1879
1901
1910
1886
1893
1901
1904
1906
1906
1902
1904
1903
1906
1904
1906
1882
1933
1926
1888
1929
1895
1888
1896
1883
1869
1938
1904
1937
1902
1900
1876
1881
1899
1899
1905
1903
1897
1899
1907
1872
1914
1972
1887
1886
1874
1882
1917
1884
1920
1892
1910
1893
1930
1924
1891
1911
1928
1891
1897
1901
1866
1898
1858
1929
1876
1897
1902
1931
1904
1938
1900
1920
1901
1902
1902
1924
1929
1899
1881
1908
1900
1867
1872
1914
1874
1878
1933
1900
1935
1889
1899
1935
1860
1882
1920
1875
1872
1919
1904
1871
1880
1872
1885
1892
1888
1890
1910
1899
1927
1910
1883
1876
1876
1902
1880
1913
1871
1872
1896
1857
1892
1916
1881
1931
1892
1877
1922
1933
1889
1923
1876
1892
1914
1871
1875
1936
1894
1925
1891
1913
1882
1902
1905
1941
1877
1902
1916
1918
1902
1922
1925
1931
1940
1938
1900
1936
1902
1881
1873
1871
1873
1928
1931
1898
1901
1898
1898
1885
1883
1892
1875
1895
1927
1924
1902
1898
1913
1908
1910
1936
1903
1897
1900
1912
1875
1909
1918
1884
1912
1908
1892
1878
1928
1872
1934
1894
1884
1897
1901
1893
1872
1905
1939
1881
1901
1895
1884
1885
1898
1887
1892
1906
1875
1892
1901
1894
1866
1894
1931
1902
1880
1883
1926
1928
1922
1891
1921
1858
1914
1894
1869
1904
1858
1893
1905
1926
1903
1904
1902
1902
1874
1871
1928
1926
1903
1867
1901
1926
1874
1872
1873
1894
1902
1872
1885
1912
1892
1922
1880
1914
1874
1877
1876
1902
1922
1897
1920
1901
1883
1895
1910
1884
1899
1868
1868
1891
1902
1900
1885
1907
1867
1902
1916
1913
1884
1877
1871
1883
1890
1882
1906
1879
1870
1878
1870
1882
1922
1892
1906
1903
1903
1908
1855
1875
1903
1925
1873
1906
1881
1869
1883
1879
1912
1924
1895
1874
1872
1878
1905
1908
1892
1888
1868
1899
1924
1892
1890
1908
1873
1879
1912
1890
1870
1940
1897
1909
1891
1896
1892
1877
1876
1914
1920
1877
1882
1900
1880
1927
1901
1884
1908
1920
1922
1923
1901
1896
1894
1872
1887
1884
1890
1892
1937
1904
1935
1933
1914
1880
1933
1937
1903
1907
1914
1932
1904
1892
1913
1881
1885
1892
1891
1877
1877
1876
1912
1934
1900
1908
1984
1892
1911
1881
1869
1912
1876
1934
1896
1895
1929
1936
1882
1904
1861
1886
1860
1875
1914
1861
1864
1866
1901
1935
1901
1933
1892
1884
1884
1882
1893
1905
1870
1911
1876
1878
1906
1882
1884
1900
1890
1904
1900
1902
1912
1877
1874
1906
1904
1901
1849
1870
1882
1892
1884
1896
1878
1882
1924
1927
1907
1884
1920
1930
1886
1902
1875
1890
1877
1887
1890
1872
1875
1862
1873
1860
1876
1886
1895
1872
1901
1895
1923
1880
1884
1878
1882
1884
1875
1880
1896
1910
1912
1882
1876
1885
1892
1863
1902
1930
1860
1898
1910
1906
1882
1887
1906
1900
1879
1899
1898
1868
1921
1870
1892
1883
1876
1886
1883
1881
1899
1890
1929
1923
1925
1886
1887
1895
1920
1900
1932
1927
1920
1922
1903
1889
1910
1902
1927
1909
1901
1884
1874
1878
1936
1902
1904
1894
1892
1937
1904
1908
1900
1879
1900
1877
1900
1900
1867
1906
1929
1876
1895
1936
1887
1884
1930
1934
1938
1936
1902
1900
1889
1907
1890
1875
1934
1900
1902
1915
1934
1938
1932
1936
1905
1917
1898
1936
1903
1902
1896
1899
1878
1918
1878
1918
1888
1877
1894
1884
1873
1912
1892
1862
1872
1908
1885
1883
1912
1882
1922
1914
1916
1897
1886
1875
1863
1877
1906
1881
1875
1881
1883
1880
1870
1883
1933
1911
1879
1909
1882
1920
1888
1922
1882
1878
1886
1886
1914
1910
1874
1873
1907
1887
1902
1902
1875
1910
1930
1899
1924
1880
1885
1920
1923
1872
1881
1878
1870
1890
1857
1877
1898
1934
1904
1910
1919
1910
1918
1871
1890
1928
1902
1897
1931
1928
1861
1888
1887
1890
1884
1899
1877
1880
1890
1894
1895
1891
1871
1893
1896
1941
1933
1935
1939
1898
1877
1899
1872
1902
1906
1881
1902
1907
1877
1921
1899
1900
1922
1901
1889
1928
1865
1900
1916
1869
1898
1873
1870
1926
1912
1933
1880
1884
1873
1880
1867
1898
1939
1914
1893
1902
1877
1927
1886
1877
1895
1892
1918
1914
1894
1920
1940
1914
1878
1889
1915
1885
1910
1910
1921
1925
1868
1877
1884
1896
1912
1874
1872
1892
1890
1887
1910
1865
1863
1886
1919
1899
1906
1905
1889
1903
1900
1864
1870
1892
1874
1860
1879
1913
1893
1886
1882
1907
1915
1917
1885
1926
1924
1886
1908
1910
1905
1896
1928
1903
1905
1888
1891
1920
1924
1922
1864
1919
1897
1902
1924
1897
1891
1899
1900
1878
1924
1882
1893
1878
1896
1900
1885
1902
1891
1882
1921
1905
1926
1922
1867
1866
1872
1908
1886
1914
1883
1887
1926
1902
1884
1888
1903
1889
1906
1926
1901
1877
1879
1903
1888
1896
1910
1871
1888
