1865
1913
1935
1931
1889
1925
1887
1924
1917
1887
1925
1877
1922
1928
1888
1916
1926
1888
1924
1920
1883
1884
1921
1891
1895
1924
1911
1936
1876
1883
1904
1907
1935
1911
1910
1917
1892
1921
1912
1937
1939
1905
1904
1918
1924
1932
1888
1910
1935
1934
1939
1883
1890
1923
1889
1921
1897
1890
1927
1885
1918
1914
1869
1910
1869
1881
1931
1924
1922
1885
1884
1896
1896
1926
1910
1886
1915
1913
1920
1884
1911
1928
1933
1931
1905
1875
1877
1921
1925
1894
1926
1923
1896
1906
1920
1895
1862
1896
1920
1923
1916
1862
1862
1922
1871
1872
1892
1927
1930
1929
1895
1934
1930
1899
1929
1936
1901
1905
1925
1885
1914
1896
1907
1903
1933
1898
1903
1901
1910
1911
1938
1923
1924
1928
1932
1932
1921
1887
1929
1892
1915
1904
1919
1907
1874
1906
1893
1903
1879
1913
1884
1914
1913
1923
1921
1888
1907
1864
1910
1936
1938
1905
1905
1885
1932
1905
1931
1872
1872
1907
1915
1873
1913
1898
1926
1929
1904
1925
1905
1907
1940
1871
1903
1868
1935
1937
1939
1909
1909
1870
1908
1880
1918
1875
1865
