1922
1922
1891
1891
1918
1918
1919
1919
1931
1931
1924
1924
1926
1926
1896
1896
1923
1923
1894
1894
1925
1925
1931
1931
1893
1893
1920
1920
1933
1933
1883
1883
1879
1879
1913
1913
1906
1906
1910
1910
1908
1908
1897
1897
1937
1937
1907
1907
1915
1915
1889
1889
1888
1888
1905
1905
1927
1927
1929
1929
1899
1899
1925
1925
1900
1900
1922
1922
1879
1879
1891
1891
1877
1877
1916
1916
1878
1878
1910
1910
1907
1907
1928
1928
1912
1912
1902
1902
1918
1918
1937
1937
1938
1938
1876
1876
1903
1903
1876
1876
1888
1888
1920
1920
1879
1879
1894
1894
1923
1923
1885
1885
1904
1904
1918
1918
1927
1927
1931
1931
1923
1923
1939
1939
1925
1925
1897
1897
1898
1898
1920
1920
1907
1907
1888
1888
1910
1910
1914
1914
1909
1909
1883
1883
1909
1909
1904
1904
1885
1885
1887
1887
1920
1920
1916
1916
1893
1893
1912
1912
1925
1925
1929
1929
1903
1903
1893
1893
1925
1925
1910
1910
1911
1911
1918
1918
1898
1898
1871
1871
1892
1892
1925
1925
1897
1897
1928
1928
1885
1885
1923
1923
1884
1884
