1883
1890
1908
1906
1886
1881
1920
1915
1912
1900
1904
1911
1907
1910
1902
1887
1915
1941
1899
1899
1885
1905
1909
1922
1911
1886
1911
1904
1903
1908
1903
1898
1887
1906
1905
1879
1904
1893
1900
1922
1899
1913
1903
1883
1902
1883
1908
1919
1911
1910
1889
1888
1920
1909
1910
1909
1907
1876
1915
1920
1900
1907
1883
1919
1886
1895
1877
1878
1906
1906
1920
1902
1895
1896
1921
1900
1901
1923
1896
1905
1908
1923
1902
1906
1913
1884
1900
1896
1885
1915
1898
1913
1891
1910
1911
1913
1900
1900
1922
1908
1906
1922
1895
1920
1907
1881
1901
1882
1908
1921
1885
1922
1916
1914
1890
1905
1900
1911
1912
1888
1891
1903
1896
1913
1884
1898
1901
1921
1887
1911
1891
1886
1890
1910
1911
1908
1884
1908
1893
1887
1896
1921
1905
1900
1896
1919
1892
1886
1892
