1914
1913
1910
1926
1903
1896
1897
1908
1913
1917
1879
1898
1900
1919
1888
1880
1929
1913
1902
1914
1936
1904
1926
1872
1882
1923
1887
1889
1925
1881
1917
1915
1922
1925
1877
1898
1902
1904
1877
1925
1928
1901
1928
1892
1875
1920
1899
1908
1905
1941
1927
1923
1919
1894
1922
1940
1902
1909
1938
1912
1875
1931
1911
1896
1901
1932
1870
1912
1876
1930
1927
1888
1927
1916
1925
1917
1922
1912
1909
1931
1929
1914
1929
1888
1896
1897
1874
1885
1938
1941
1879
1905
1938
1881
1906
1915
1931
1889
1903
1918
1881
1921
1913
1883
1895
1911
1867
1927
1894
1933
1907
1902
1931
1900
1900
1925
1920
1895
1908
1936
1930
1925
1925
1914
1879
1892
1881
1904
1928
1892
1867
1915
1877
1877
1897
1880
1893
1908
1884
1879
1878
1875
1884
1920
1888
1880
1913
1928
1905
1917
1894
1911
1893
1939
1919
1905
1939
1903
1938
1930
1888
1864
1889
1919
1916
1920
1890
1890
1910
1900
1871
1901
1879
1916
1880
1905
1900
1903
1875
1920
1875
1895
1889
1919
1924
1906
1931
1884
1908
1904
1874
1936
1902
1931
1901
1898
1870
