1901
1935
1883
1923
1921
1875
1919
1913
1919
1890
1884
1922
1921
1880
1879
1915
1857
1890
1914
1890
1925
1922
1903
1914
1920
1882
1875
1935
1900
1930
1906
1912
1876
1921
1909
1904
1875
1913
1881
1928
1889
1931
1924
1929
1923
1911
1914
1873
1909
1923
1908
1904
1914
1902
1925
1931
1929
1894
1895
1924
1923
1888
1925
1895
1894
1899
1931
1895
1864
1926
1934
1908
1906
1940
1901
1935
1867
1930
1874
1870
1902
1923
1909
1911
1867
1919
1914
1890
1883
1887
1896
1923
1931
1928
1899
1901
1935
1924
1931
1899
1930
1933
1902
1929
1911
1931
1902
1933
1906
1935
1936
1909
1901
1938
1933
1935
1931
1899
1897
1913
1875
1904
1904
1906
1910
1934
1907
1919
1923
1895
1892
1928
1923
1928
1911
1933
1939
1908
1904
1931
1937
1876
1907
1910
1889
1917
1866
1926
1920
1893
1876
1880
1917
1887
1919
1874
1877
1909
1898
1925
1902
1928
1931
1898
1908
1869
1897
1926
1900
1925
1928
1933
1904
1885
1897
1914
1921
1884
1925
1882
1880
1908
1936
1934
1913
1938
1913
1913
1886
1891
1905
1931
1900
1928
1900
