1895
1930
1904
1926
1904
1931
1928
1884
1932
1895
1923
1927
1935
1912
1932
1895
1926
1929
1921
1896
1923
1920
1921
1900
1931
1898
1929
1940
1913
1917
1870
1906
1900
1908
1902
1924
1889
1929
1924
1923
1888
1875
1935
1912
1932
1903
1926
1902
1932
1933
1914
1939
1930
1918
1894
1918
1894
1930
1922
1877
1887
1877
1929
1899
1908
1939
1906
1932
1927
1906
1932
1936
1910
1932
1900
1901
1908
1913
1900
1929
1925
1917
1916
1906
1892
1928
1924
1933
1899
1901
1927
1924
1940
1930
1894
1927
1920
1925
1923
1937
1899
1933
1930
1932
1918
1892
1927
1924
1925
1935
1914
1889
1906
1933
1931
1904
1912
1906
1929
1905
1936
1921
1897
1916
1882
1882
1914
1892
1925
1919
1931
1928
1898
1930
1938
1914
1906
1895
1926
1886
1923
1929
1931
1933
1898
1911
1937
1872
1878
1925
1911
1913
1884
1926
1916
1913
1884
1912
1928
1902
1937
1906
1914
1895
1940
1914
1896
1929
1892
1927
1895
1924
1925
1892
1933
1931
