1874
1902
1877
1909
1936
1932
1909
1909
1912
1932
1910
1936
1909
1912
1915
1936
1899
1887
1929
1925
1926
1939
1876
1905
1903
1927
1899
1921
1899
1924
1914
1887
1910
1881
1909
1886
1915
1905
1930
1866
1894
1918
1892
1926
1915
1885
1924
1884
1916
1864
1912
1939
1939
1877
1883
1892
1929
1897
1920
1924
1886
1889
1935
1912
1916
1912
1940
1912
1939
1885
1926
1902
1923
1895
1877
1896
1926
1925
1916
1877
1895
1931
1901
1905
1926
1904
1924
1911
1932
1936
1890
1881
1913
1914
1937
1907
1929
1909
1900
1908
1881
1915
1877
1877
1907
1888
1915
1886
1910
1891
1926
1883
1916
1923
1908
1913
1919
1883
1892
1922
