1930
1903
1930
1903
1905
1905
1904
1904
1928
1928
1886
1886
1866
1866
1909
1909
1912
1912
1916
1916
1910
1910
1935
1935
1905
1905
1877
1877
1904
1904
1877
1877
1920
1920
1920
1920
1893
1893
1917
1917
1897
1897
1905
1905
1897
1897
1919
1919
1914
1914
1937
1937
1908
1908
1939
1939
1899
1899
1900
1900
1925
1925
1924
1924
1922
1922
1912
1912
1912
1912
1938
1938
1882
1882
1882
1882
1912
1912
1908
1908
1894
1894
1910
1910
1877
1877
1940
1940
1905
1905
1890
1890
1895
1895
1936
1936
1928
1928
1923
1923
1921
1921
1918
1918
1912
1912
1891
1891
1917
1917
1917
1917
1916
1916
1877
1877
1879
1879
1902
1902
1909
1909
1939
1939
1906
1906
1865
1865
1905
1905
1906
1906
1912
1912
1906
1906
1940
1940
1896
1896
1926
1926
1912
1912
1879
1879
1879
1879
1895
1895
1920
1920
1930
1930
1904
1904
1936
1936
1903
1903
1917
1917
1914
1914
1916
1916
1912
1912
1927
1927
1908
1908
1901
1901
1934
1934
1902
1902
1889
1919
1915
1927
1922
1888
1889
1919
1915
1927
1922
1888
1862
1862
1917
1917
1877
1877
1874
1874
1884
1884
1898
1898
1919
1919
1931
1931
1901
1901
1867
1867
1901
1901
1916
1916
1868
1868
1915
1915
1905
1905
1903
1903
1914
1914
1915
1915
1917
1917
1920
1920
1910
1910
1907
1907
1898
1898
1910
1910
1939
1939
1913
1913
1890
1890
1929
1929
1923
1923
1893
1893
1913
1913
1896
1896
1929
1929
1922
1922
1920
1920
1917
1917
1894
1894
1918
1918
1868
1868
1864
1864
1913
1913
1914
1914
1906
1906
1903
1903
1932
1932
1937
1937
1905
1905
1905
1905
1883
1883
1909
1909
1911
1911
1916
1916
1885
1885
1919
1919
1907
1907
1929
1929
1894
1894
1920
1920
1929
1929
1918
1918
1892
1892
1876
1876
1876
1876
1901
1901
1908
1908
1932
1932
1905
1905
1897
1897
1905
1905
1928
1928
1934
1934
1909
1909
1907
1907
1915
1915
1919
1919
1911
1911
1908
1908
1889
1889
1935
1935
1937
1937
1920
1920
1886
1886
1912
1912
1918
1918
1887
1887
1889
1889
1860
1860
1869
1869
1930
1930
1882
1882
1891
1891
1921
1921
1926
1926
1909
1909
1902
1902
1940
1940
1933
1933
1935
1935
1903
1903
