1898
1898
1930
1930
1923
1923
1895
1895
1932
1932
1928
1928
1924
1924
1931
1931
1927
1927
1926
1926
1899
1899
1924
1924
1902
1902
1883
1883
1938
1938
1936
1936
1931
1931
1906
1906
1910
1910
1932
1932
1934
1934
1914
1914
1878
1878
1911
1911
1904
1904
1919
1919
1922
1922
1913
1913
1873
1873
1918
1918
1922
1922
1925
1925
1927
1927
1932
1932
1899
1899
1923
1923
1926
1926
1887
1887
1929
1929
1883
1883
1925
1925
1896
1896
1881
1881
1923
1923
1890
1890
1923
1923
1922
1922
1894
1894
1927
1927
1926
1926
1922
1922
1902
1902
1934
1934
1902
1902
1915
1915
1912
1912
1907
1907
1930
1930
1902
1902
1910
1910
1924
1924
1895
1895
1920
1920
1895
1895
1896
1896
1924
1924
1883
1883
1921
1921
1895
1895
1932
1932
1934
1934
1931
1931
1928
1928
1888
1888
1881
1881
1922
1922
1899
1899
1931
1931
1933
1933
1889
1889
