1871
1903
1868
1881
1880
1881
1924
1868
1881
1869
1874
1883
1883
1885
1881
1882
1884
1881
1877
1867
1867
1879
1924
1870
1892
1887
1903
1875
1874
1874
1888
1888
1895
1901
1899
1875
1874
1887
1887
1879
1906
1915
1930
1886
1877
1908
1918
1875
1899
1876
1874
1868
1891
1887
1901
1872
1871
1885
1873
1887
1896
1880
1878
1898
1878
1884
1880
1884
1937
1908
1934
1933
1904
1928
1884
1899
1924
1872
1872
1877
1877
1877
1874
1909
1883
1893
1889
1899
1876
1883
1883
1879
1879
1871
1903
1888
1879
1920
1885
1872
1877
1896
1872
1896
1896
1876
1878
1881
1928
1888
