1932
1937
1903
1896
1881
1925
1894
1927
1898
1896
1892
1910
1926
1927
1894
1914
1913
1889
1894
1924
1920
1899
1920
1917
1927
1915
1872
1888
1918
1919
1914
1908
1929
1931
1931
1899
1931
1906
1916
1900
1900
1936
1930
1920
1888
1892
1925
1911
1913
1872
1888
1922
1925
1890
1923
1909
1904
1931
1899
1901
1926
1895
1921
1922
1899
1914
1897
1925
1926
1927
1895
1918
1914
1916
1884
1892
1895
1904
1898
1900
1883
1914
1918
1890
1924
1898
1926
1930
1884
1887
1923
1911
1912
1895
1875
1925
1912
1924
1927
1878
1918
1885
1916
1911
1925
1891
1913
1890
1900
1930
1891
1923
1892
1886
1905
1891
1878
1916
1916
1909
1941
1910
1908
1939
1902
1925
1894
1937
1908
1880
1932
1925
1875
1888
1914
