1930
1928
1925
1892
1897
1919
1933
1915
1917
1933
1910
1935
1910
1885
1937
1880
1929
1919
1908
1933
1930
1903
1936
1905
1935
1878
1904
1910
1913
1936
1903
1935
1932
1905
1891
1879
1900
1928
1931
1905
1914
1892
1919
1921
1927
1928
1869
1890
1926
1912
1924
1893
1913
1907
1901
1906
1934
1900
1922
1900
1922
1894
1930
1928
1873
1904
1914
1924
1906
1920
1911
1883
1912
1873
1903
1911
1906
1937
1910
1940
1894
1918
1925
1880
1914
1911
1899
1937
1921
1925
1932
1927
1923
1900
1866
1930
1935
1865
1930
1929
1939
1876
1905
1935
1927
1896
1939
1877
1910
1920
1895
1895
1921
1922
1909
1879
1885
1930
1880
1931
1905
1937
1907
1929
1935
1932
1907
1906
1928
1901
1897
1937
1907
1904
1872
1899
1907
1924
1876
1936
1901
1904
1932
1924
1923
1930
1895
1895
1893
1880
1921
1891
1892
1895
1898
1866
1888
1903
1890
1930
1930
1939
1901
1910
1928
1896
1926
1902
1910
1940
1913
1880
1905
1907
1927
1882
1910
1923
1888
1939
1901
1894
1929
1910
1887
1923
1916
1884
1934
1905
1908
1936
1911
1881
1906
1938
1922
1917
1919
1893
1891
1922
1925
1929
1899
1916
1883
1910
1907
1933
1922
1886
1939
1903
1922
1898
1927
1925
1899
1922
1928
1930
1931
1938
1912
1922
1932
1913
1885
1862
1891
1914
1927
1920
1930
1890
1903
1934
1922
1928
1931
1916
1867
1928
1925
1907
1908
1904
1916
1938
1877
1925
1917
1883
1912
1879
1908
1938
1917
1940
1933
1898
1927
1908
1922
1877
1915
1912
1880
1921
1924
1916
1886
1919
1895
1889
1920
1926
1913
1887
1926
1915
1922
1892
1924
1895
1922
1916
1922
1892
1926
1937
1905
1899
1908
1940
1925
1901
1930
1928
1933
1931
1905
1925
1879
1927
1907
1938
1920
1898
1928
1926
1889
1929
1922
1889
1920
1918
1920
1895
1917
1901
1930
1936
1890
1915
1920
1923
1882
1919
1908
1915
1885
1909
1906
1878
1930
1925
1902
1928
1920
1912
1883
1939
1937
1908
1872
1908
1912
1913
1912
1936
1909
1931
1902
1937
1933
1915
1937
1913
1911
1932
1910
1909
1901
1931
1901
1935
1904
1876
1903
1938
1905
1935
1905
1887
1929
1917
1923
1928
1897
1924
1908
1910
1936
1938
1907
1898
1929
1900
1928
1873
1932
1870
1917
1931
1925
1922
1893
1888
1919
1915
1928
1940
1937
1915
1932
1885
1909
1923
1926
1936
1910
1910
1932
1882
1914
1907
1933
1882
1940
1891
1910
1906
1872
1903
1875
1880
1895
1929
1926
1927
1930
1890
1912
1939
1939
1910
1902
1940
1909
1902
1884
1879
1905
1906
1883
1899
1915
1937
1870
1909
1905
1931
1927
1934
1906
1925
1938
1887
1931
1897
1923
1907
1909
1906
1934
1921
1896
1923
1926
1898
1907
1927
1940
1911
1892
1877
1911
1901
1910
1921
1882
1925
1928
1939
1905
1930
1904
1865
1888
1888
1919
1883
1900
1880
1902
1877
1912
1908
1936
1931
1910
1940
1924
1907
1937
1939
1933
1934
1901
1935
1909
1912
1871
1938
1905
1939
1902
