1895
1895
1889
1889
1897
1931
1924
1937
1911
1889
1911
1913
1879
1915
1916
1900
1924
1921
1895
1936
1897
1930
1901
1927
1910
1879
1935
1912
1907
1914
1889
1932
1919
1919
1924
1922
1895
1895
1918
1879
1887
1907
1903
1905
1903
1928
1935
1902
1911
1911
1929
1931
1923
1882
1919
1882
1917
1911
1890
1927
1912
1902
1898
1925
1928
1907
1937
1934
1904
1908
1929
1927
1900
1937
1924
1898
1906
1920
1908
1882
1885
1936
1920
1913
1904
1905
1906
1924
1899
1901
1928
1933
1900
1905
1927
1897
1938
1910
1926
1927
1894
1894
1885
1916
1918
1895
1912
1884
1923
1929
1896
1926
1924
1899
1939
1907
1868
1902
1873
1904
1924
1941
1905
1914
1914
1891
1887
1921
1920
1917
1911
1896
1926
1924
1921
1929
1887
1935
1933
1906
1891
1916
1913
1917
1907
1907
1938
1934
1909
1896
1937
1906
1932
1902
1934
1906
1871
1912
1935
1875
1938
1910
1885
1882
1890
1885
1923
1931
1913
1931
1928
1924
1920
1909
1909
1908
1872
1913
1863
1909
1939
1902
1935
1929
1913
1907
1891
1867
1867
1893
1894
1927
1918
1890
1908
1936
1935
1907
1928
1900
1927
1886
1912
1922
1886
1889
1917
1891
1919
1892
1921
1924
1863
1883
1927
1894
1919
1924
1921
1932
1929
1926
1906
1917
1922
1894
1894
1894
1934
1926
1893
1878
1875
1923
1907
1931
1905
1938
