1875
1875
1875
1888
1865
1854
1890
1890
1927
1927
1926
1926
1928
1928
1878
1878
1913
1913
1913
1913
1909
1909
1909
1909
1904
1870
1884
1880
1879
1912
1874
1879
1905
1930
1876
1876
1900
1937
1927
1869
1872
1872
1876
1874
1868
1924
1890
1901
1866
1866
1864
1864
1879
1871
1871
1865
1865
1887
1912
1873
1873
1887
1896
1896
1926
1926
1893
1893
1934
1934
1878
1910
1925
1927
1927
1893
1934
1934
1889
1920
1895
1931
1897
1923
1874
1874
1870
1870
1923
1934
1929
1924
1926
1895
1877
1865
1870
1873
1873
1886
1883
1869
1869
1872
1874
1874
1873
1873
1924
1896
1896
1868
1868
1907
1917
1892
1889
1922
1877
1882
1885
1896
1878
1892
1906
1914
1914
1935
1935
1939
1939
1912
1912
1868
1883
1869
1941
1941
1935
1935
1935
1911
1911
1873
1866
1883
1884
1881
1873
1918
1921
1936
1868
1869
1880
1884
1875
1865
1888
1875
1894
1885
1925
1871
1903
1873
1867
1883
1922
1872
1930
1930
1904
1881
1877
1867
1880
1872
1921
1921
1889
1889
1891
1891
1893
1913
1887
1888
1887
1912
1888
1888
1927
1927
1875
1879
1929
1865
1915
1894
1875
1898
1914
1914
1883
1867
1889
1871
1868
1870
1893
1871
1872
1872
1882
1919
1925
1921
1874
1877
1862
1860
1874
1891
1885
1880
1895
1883
1912
1880
1887
1876
1871
1911
1911
1877
1869
1873
1892
1906
1942
1874
1893
1864
1863
1880
1926
1911
1870
1875
1930
1930
1940
1940
1901
1901
1905
1905
1926
1926
1874
1869
1923
1915
1917
1883
1819
1863
1873
1865
1888
1879
1915
1902
1876
1872
1872
1872
1918
1918
1875
1905
1882
1878
1876
1877
1869
1871
1871
1876
1871
1874
1879
1883
1873
1890
1869
1867
1866
1872
1926
1883
1885
1914
1914
1914
1929
1929
1927
1925
1925
1925
1921
1923
1923
1924
1924
1923
1917
1885
1885
1885
1895
1895
1895
1920
1920
1920
1889
1915
1876
1886
1886
1880
1880
1880
1866
1876
1896
1918
1896
1889
1890
1867
1863
1876
1881
1904
1904
1892
1874
1875
1876
1868
1918
1924
1868
1878
1888
1882
1900
1924
1925
1892
1872
1876
1877
1873
1874
1903
1900
1938
1900
1871
1914
1927
1892
1886
1914
1874
1880
1885
1913
1895
1884
1881
1881
1879
1869
1871
1867
1899
1888
1884
1893
1866
1888
1910
1914
1890
1873
1886
1870
1878
1869
1870
1889
1883
1877
1867
1910
1913
1893
1886
1907
1913
1882
1927
1920
1922
1914
1871
1891
1869
1879
1879
1873
1922
1902
1869
1875
1875
1875
1873
1873
1925
1872
1872
1870
1912
1868
1868
1875
1864
1866
1866
1870
1878
1878
1874
1874
1937
1913
1889
1880
1861
1861
1909
1909
1909
1909
1875
1875
1876
1876
1874
1876
1876
1895
1925
1871
1862
1893
1884
1893
1873
1909
1884
1925
1923
1894
