1923
1918
1874
1892
1916
1910
1901
1903
1901
1922
1920
1914
1915
1910
1915
1917
1909
1906
1906
1914
1915
1910
1884
1919
1911
1885
1916
1921
1920
1920
1908
1922
1912
1912
1906
1907
1893
1907
1910
1899
1914
1912
1913
1919
1914
1920
1913
1914
1919
1917
1919
1906
1912
1917
1894
1916
1894
1920
1916
1909
1916
1919
1917
1918
1907
1907
1911
1892
1896
1912
1913
1900
1917
1910
1909
1919
1914
1901
1902
1920
1894
1909
1911
1919
1892
1912
1918
1912
1917
1919
1912
1915
1911
1909
1892
1896
1915
1907
1891
1920
1916
1908
1913
1920
1892
1911
1894
1888
1912
1908
1922
1922
1933
1923
1908
1911
1900
1910
1905
1887
1896
1919
1919
1918
1920
1904
1908
1882
1918
1915
1911
1913
1918
1899
1885
1917
1897
1909
1906
1881
1902
1927
1910
1914
1912
1918
1918
1916
1923
1917
1908
1918
1891
1886
1913
1921
1914
1906
1917
1919
1910
1905
1909
1918
1915
1916
1918
1919
1915
1911
1902
1919
1912
1917
1909
1912
1913
1921
1917
1920
1921
1921
1915
1913
1920
1919
1911
1916
1914
1920
1918
1906
1905
1913
1914
1919
1919
1916
1915
1912
1912
1880
1915
1907
1911
1914
1916
1920
1900
1894
1910
1910
1911
1914
1917
1918
1912
1921
1906
1905
1913
1914
1917
1918
1903
1906
1923
1915
1911
1891
1918
1913
1914
1895
1887
1880
1916
1919
1921
1916
1914
1909
1910
1919
1910
1913
1911
1888
1901
1907
1909
1917
1920
1914
1912
1918
1919
1869
1870
1910
1917
1910
1920
1914
1901
1886
1893
1919
1904
1909
1917
1888
1915
1921
1900
1903
1895
1910
1899
1905
1912
1907
1899
1901
1910
1919
1899
1921
1913
1916
1911
1895
1886
1892
1893
1894
1907
1924
1900
1900
1899
1906
1903
1919
1917
1910
1920
1912
1910
1922
1907
1913
1920
1916
1916
1926
1915
1918
1901
1919
1920
1897
1922
1921
1921
1916
1914
1921
1917
1921
1916
1903
1905
1902
1907
1914
1916
1911
1914
1919
1893
1914
1887
1916
1916
1908
1911
1915
1915
1901
1916
1912
1917
1926
1908
1903
1913
1911
1910
1912
1921
1902
1914
1908
1901
1907
1916
1920
1912
1913
1916
1916
1921
1911
1913
1912
1905
1904
1911
1915
1910
1913
1911
1907
1918
1909
1882
1920
1907
1908
1914
1897
1912
1920
1912
1929
1907
1914
1918
1913
1909
1920
1915
1907
1905
1912
1913
1912
1917
1919
1917
1907
1919
1914
1919
1921
1923
1912
1916
1900
1904
1917
1895
1880
1919
1915
1899
1903
1908
1909
1921
1904
1916
1907
1909
1908
1883
1907
1910
1918
1916
1911
1919
1909
1891
1913
1904
1914
1919
1914
1911
1915
1916
1915
1866
1904
1917
1918
1912
1915
1906
1918
1914
1909
1918
1912
1916
1915
1912
1889
1920
1921
1907
1915
1904
1904
1885
1914
1915
1899
1890
1872
1913
1914
1918
1905
1905
1917
1893
1884
1914
1916
1884
1889
1888
1884
1906
1907
1922
1912
1916
1921
1918
1910
1904
1912
1895
1917
1907
1917
1885
1919
1916
1913
1918
1909
1907
1917
1920
1912
1920
1913
1909
1919
1905
1911
1916
1901
1913
1910
1917
1910
1921
1914
1919
1914
1914
1914
1908
1898
1911
1921
1907
1914
1920
1915
1915
1919
1915
1921
1913
1922
1894
1914
1896
1909
1911
1916
1916
1919
1913
1903
1917
1919
1920
1920
1918
1903
1917
1910
1926
1919
1904
1910
1894
1900
1918
1887
1916
1911
1913
1900
1904
1901
1918
1916
1916
1916
1908
1908
1911
1904
1919
1912
1914
1913
1901
1900
1920
1881
1893
1919
1919
1919
1909
1913
1919
1904
1918
1921
1920
1917
1914
1913
1920
1884
1919
1914
1920
1913
1900
1917
1896
1890
1910
1921
1919
1921
1904
1900
1918
1906
1916
1916
1868
1896
1922
1916
1915
1907
1920
1896
1922
1916
1919
1911
1915
1917
1912
1914
1905
1914
1917
1887
1920
1916
1885
1917
1891
1892
1913
1919
1905
1911
1905
1910
1899
1914
1912
1909
1917
1915
1914
1917
1917
1919
1896
1921
1893
1918
1915
1914
1914
1923
1910
1921
1911
1912
1918
1914
1892
1896
1896
1922
1912
1909
1919
1909
1921
1903
1893
1898
1913
1893
1909
1916
1890
1912
1909
1924
1913
1918
1907
1912
1920
1914
1921
1916
1901
1908
1919
1890
1919
1876
1882
1918
1911
1912
1911
1911
1880
1878
1916
1914
1920
1916
1912
1904
1886
1910
1906
1917
1913
1901
1913
1915
1916
1920
1905
1917
1919
1908
1905
1914
1919
1923
1914
1926
1899
1908
1913
1916
1916
1914
1920
1902
1906
1909
1905
1904
1907
1903
1909
1919
1917
1919
1906
1915
1906
1918
1921
1918
1918
1915
1910
1920
1920
1911
1919
1918
1914
1917
1914
1898
1897
1899
1917
1920
1911
1908
1919
1916
1916
1919
1910
1911
1913
1906
1891
1911
1908
1913
1912
1888
1890
1914
1916
1900
1919
1914
1907
1913
1921
1920
1914
1911
1900
1916
1898
1919
1907
1908
1908
1919
1919
1912
1911
1874
1885
1914
1891
1922
1891
1918
1912
1891
1920
1918
1913
1903
1912
1899
1913
1920
1913
1913
1912
1918
1888
1920
1891
1894
1910
1887
1900
1873
1890
1920
1881
1879
1908
1909
1907
1909
1882
1884
1877
1912
1912
1917
1917
1908
1915
1906
1916
1915
1923
1884
1916
1923
1900
1911
1912
1904
1892
1917
1916
1914
1900
1906
1915
1914
1919
1917
1914
1908
1911
1916
1920
1913
1901
1911
1917
1911
1913
1896
1896
1895
1914
1894
1919
1909
1912
1872
1927
1899
1916
1905
1907
1915
1913
1909
1919
1899
1908
1914
1906
1904
1910
1910
1917
1921
1912
1896
1900
1908
1900
1897
1906
1910
1907
1910
1919
1920
1913
1914
1893
1900
1900
1897
1887
1890
1914
1913
1922
1907
1909
1914
1923
1924
1912
1918
1902
1914
1913
1905
1918
1891
1922
1894
1913
1922
1912
1906
1905
1914
1917
1909
1909
1919
1913
1909
1874
1913
1926
1918
1911
1898
1914
1906
1917
1895
1892
1912
1908
1919
1893
1912
1884
1913
1915
1915
1910
1912
1921
1913
1884
1914
1904
1908
1906
1911
1915
1906
1922
1912
1908
1912
1921
1913
1914
1883
1912
1918
1915
1920
1916
1913
1892
1910
1912
1920
1914
1909
1907
1910
1909
1905
1919
1909
1900
