1898
1923
1896
1907
1869
1892
1920
1880
1877
1929
1927
1899
1900
1900
1929
1927
1925
1874
1898
1905
1904
1929
1897
1923
1891
1915
1924
1922
1888
1892
1922
1897
1899
1925
1933
1890
1924
1898
1905
1936
1904
1924
1896
1897
1925
1920
1920
1888
1914
1912
1888
1910
1883
1912
1920
1909
1915
1888
1918
1922
1895
1877
1903
1875
1914
1885
1928
1921
1924
1900
1939
1905
1915
1921
1889
1898
1887
1908
1910
1908
1917
1915
1920
1877
1889
1929
1919
1889
1891
1929
1930
1890
1914
1921
1889
1889
1881
1915
1883
1899
1913
1940
1923
1885
1930
1934
1908
1909
1932
1878
1905
1917
1920
1923
1886
1926
1882
1900
1888
1912
1923
1909
1908
1909
1941
1918
1912
1881
1885
1922
1909
1939
1911
1878
1927
1913
1909
1879
1903
1917
1886
1922
1880
1910
1938
1874
1911
1873
1914
1908
