1915
1918
1890
1923
1919
1886
1925
1883
1920
1895
1910
1887
1895
1934
1898
1930
1894
1924
1913
1937
1903
1919
1927
1915
1907
1913
1909
1915
1898
1929
1924
1890
1937
1911
1907
1934
1904
1939
1869
1897
1908
1916
1909
1918
1908
1881
1902
1904
1916
1872
1895
1916
1939
1909
1915
1876
1867
1937
1906
1883
1914
1939
1897
1897
1901
1937
1899
1884
1885
1909
1892
1918
1891
1911
1927
1924
1900
1883
1883
1879
1919
1917
1930
1890
1932
1904
1905
1904
1892
1892
1920
1904
1901
1912
1910
1902
1900
1903
1912
1889
1892
1874
1900
1915
1930
1910
1882
1916
1879
1889
1912
1907
1933
1910
1916
1915
1908
1912
1875
1917
1883
1879
1919
1908
1909
1922
1939
1918
1919
1881
1903
1897
1934
1925
1927
1875
1889
1928
1937
1934
1912
1939
1911
1884
1916
1917
1919
1888
1886
1921
