1870
1938
1930
1935
1901
1903
1930
1933
1939
1908
1937
1908
1894
1929
1892
1902
1889
1867
1911
1934
1936
1900
1865
1895
1893
1898
1933
1913
1921
1890
1911
1934
1906
1932
1900
1920
1906
1878
1919
1920
1914
1907
1932
1905
1934
1864
1898
1933
1911
1934
1907
1909
1934
1914
1896
1929
1932
1927
1925
1902
1898
1899
1935
1907
1907
1939
1928
1903
1927
1902
1925
1914
1892
1927
1923
1928
1892
1903
1904
1904
1896
1893
1872
1933
1898
1896
1931
1895
1929
1934
1926
1911
1927
1897
1921
1896
1910
1905
1898
1912
1872
1874
1869
1894
1880
1924
1934
1918
1888
1897
1896
1924
1927
1888
1922
1930
1878
1869
1911
1911
1912
1878
1910
1917
1910
1916
1939
1914
1928
1922
1896
1898
1913
1926
1932
1916
1901
1927
1895
1929
1908
1901
1902
1902
1903
1898
