1896
1906
1890
1920
1896
1909
1906
1898
1887
1885
1916
1902
1912
1913
1896
1907
1903
1909
1901
1912
1910
1904
1893
1909
1911
1902
1912
1922
1888
1901
1884
1901
1906
1909
1917
1911
1909
1891
1890
1897
1915
1889
1906
1907
1901
1902
1897
1889
1891
1898
1904
1912
1896
1902
1896
1888
1890
1910
1923
1894
1923
1910
1890
1896
1902
1897
1906
1904
1903
1904
1924
1919
1900
1910
1902
1893
1894
1904
1902
1898
1898
1885
1906
1899
1924
1899
1924
1898
1924
1920
1923
1903
1898
1890
1925
1903
1890
1907
1909
1904
1924
1912
1907
1896
1902
1890
1899
1898
1901
1903
1902
1902
1912
1877
1914
1899
1900
1924
1895
1908
1891
1898
1887
1903
1903
