1934
1934
1895
1895
1900
1900
1869
1869
1898
1898
1888
1888
1921
1921
1918
1918
1925
1925
1921
1921
1887
1887
1900
1900
1883
1883
1919
1919
1913
1913
1913
1913
1900
1900
1879
1879
1912
1912
1918
1918
1922
1922
1866
1866
1918
1918
1922
1922
1909
1909
1910
1910
1907
1907
1871
1871
1875
1875
1875
1875
1896
1896
1873
1873
1900
1900
1930
1930
1927
1927
1928
1928
1932
1932
1900
1900
1900
1900
1905
1905
1862
1862
1880
1880
1880
1880
1909
1909
1905
1905
1884
1884
1919
1919
1910
1910
1880
1880
1872
1872
1900
1900
1906
1906
1904
1904
1938
1938
1906
1906
1907
1907
1900
1900
1910
1910
1892
1892
1907
1907
1899
1899
1872
1872
1891
1891
1897
1897
1920
1920
1854
1854
1922
1922
1883
1883
1912
1912
1879
1879
1873
1873
1868
1868
1928
1928
1891
1891
1888
1888
1936
1936
1907
1907
1931
1931
1906
1906
1892
1892
1897
1897
1895
1895
1889
1889
1923
1923
1938
1938
1908
1908
1907
1907
1927
1927
1900
1900
1926
1926
1900
1900
1929
1929
1902
1902
1924
1924
1897
1897
1929
1929
1900
1900
1907
1907
1927
1927
1933
1933
1885
1885
1939
1939
1914
1914
1924
1924
1918
1918
1886
1886
