1925
1902
1908
1876
1927
1894
1895
1922
1915
1864
1929
1920
1918
1924
1902
1941
1900
1904
1894
1866
1914
1937
1911
1907
1937
1887
1896
1886
1897
1939
1940
1912
1894
1905
1908
1900
1931
1867
1906
1933
1897
1901
1899
1920
1900
1925
1927
1932
1915
1942
1908
1879
1881
1931
1896
1896
1917
1916
1888
1889
1895
1932
1925
1925
1906
1922
1902
1900
1868
1939
1927
1898
1897
1931
1926
1906
1885
1924
1881
1909
1863
1915
1903
1906
1939
1922
1924
1910
1927
1896
1876
1918
1904
1919
1925
1928
1900
1921
1886
1915
1908
1899
1885
1899
1935
1908
1929
1899
1923
1904
1930
1873
1894
1901
1926
1932
1905
1922
1908
1882
1871
1922
1875
1912
1904
1909
1904
1926
1895
1933
1903
1894
1914
