1926
1936
1898
1922
1894
1922
1881
1924
1927
1918
1916
1904
1926
1933
1939
1927
1930
1908
1903
1934
1900
1908
1934
1904
1937
1933
1880
1910
1911
1883
1906
1917
1887
1883
1895
1913
1916
1875
1912
1899
1902
1889
1931
1895
1924
1930
1936
1903
1896
1924
1931
1901
1899
1904
1903
1938
1930
1866
1902
1917
1888
1924
1914
1919
1911
1913
1930
1925
1907
1929
1897
1933
1898
1871
1874
1876
1905
1932
1905
1904
1895
1863
1904
1939
1913
1914
1899
1896
1890
1887
1886
1885
1861
1905
1907
1908
1926
1911
1889
1889
1933
1904
1929
1921
1884
1887
1909
1904
1874
1917
1889
1880
1904
1910
1873
1917
1924
1938
1911
1879
1905
