1930
1933
1900
1927
1919
1923
1915
1884
1911
1936
1875
1914
1899
1931
1927
1901
1906
1914
1884
1906
1906
1937
1888
1906
1933
1908
1899
1931
1906
1929
1934
1939
1936
1939
1875
1918
1907
1919
1902
1930
1900
1919
1888
1920
1925
1927
1922
1930
1891
1924
1895
1927
1933
1917
1940
1919
1897
1896
1927
1924
1928
1926
1900
1900
1908
1912
1868
1882
1920
1913
1884
1879
1915
1889
1933
1897
1913
1893
1865
1918
1921
1895
1929
1923
1926
1932
1934
1900
1900
1900
1878
1884
1891
1918
1920
1922
1876
1878
1913
1900
1900
1881
1882
1923
1909
1894
1933
1900
1919
1925
1875
1918
1876
1925
1908
1900
1938
1939
1913
1911
1896
1901
1928
1905
1920
1915
1942
1924
1908
1912
1881
1884
1909
1938
1908
1902
1902
1924
1930
1927
1924
1895
1921
1890
1932
1900
1929
1921
1926
1896
1912
1921
1898
1910
1907
1910
1938
1880
1928
1912
1877
1918
1872
1888
1910
1897
1921
1929
1891
1887
1914
1925
1928
1917
1901
1899
1930
1907
1907
1878
1918
1882
1931
1926
1893
1890
1923
1933
1921
1899
1929
1899
1921
1929
1886
1891
1924
1937
1900
1914
1923
1928
1922
1889
1924
1896
1923
1929
1926
1891
1893
1893
1900
1914
1914
1903
1882
1882
1910
1934
1911
1872
1873
