1882
1890
1886
1879
1875
1881
1888
1923
1886
1893
1871
1879
1880
1876
1892
1914
1880
1883
1876
1887
1884
1895
1876
1875
1877
1862
1921
1883
1871
1862
1908
1872
1881
1893
1891
1929
1894
1930
1882
1875
1901
1871
1936
1880
1888
1925
1929
1899
1878
1921
1874
1866
1899
1880
1874
1891
1899
1885
1929
1881
1880
1916
1891
1890
1895
1875
1880
1922
1886
1926
1886
1890
1868
1874
1896
1871
1878
1869
1871
1875
1905
1874
1875
1882
1884
1889
1881
1890
1892
1891
1877
1874
1922
1895
1875
1883
1883
1893
1875
1879
1883
1880
1880
1859
1864
1879
1886
1893
1896
1927
1870
1906
1900
1894
1878
1904
1886
1869
1912
1903
1886
1874
1885
1879
1889
1881
1924
1890
1887
1891
1881
1887
1926
1892
1887
1922
1896
