1900
1900
1900
1900
1900
1900
1900
1900
1900
1900
1900
1900
1866
1900
1866
1900
1905
1905
1907
1907
1928
1928
1929
1929
1937
1937
1908
1908
1885
1885
1883
1883
1905
1905
1938
1938
1935
1935
1910
1910
1889
1889
1928
1928
1864
1864
1873
1873
1877
1877
1892
1892
1894
1894
1894
1894
1930
1930
1926
1926
1893
1893
1876
1876
1900
1900
1867
1867
1881
1881
1870
1870
1859
1859
1900
1900
1864
1864
1870
1870
1924
1924
1892
1892
1891
1891
1874
1874
1874
1874
1900
1900
1876
1876
1900
1900
1924
1924
1891
1891
1920
1920
1892
1892
1900
1900
1900
1900
1900
1900
1865
1865
1879
1879
1886
1886
1912
1912
1900
1900
1870
1870
1887
1883
1883
1887
1900
1900
1877
1877
1900
1900
1911
1911
1900
1900
1900
1900
1930
1930
1932
1932
1893
1893
1928
1928
1888
1888
1900
1900
1900
1900
1894
1894
1902
1902
1867
1867
1869
1869
1878
1876
1878
1876
1873
1873
1873
1873
1885
1885
1900
1900
1935
1935
1907
1907
1907
1907
1937
1937
1872
1872
1866
1866
1910
1910
1900
1900
1880
1880
1880
1880
1919
1919
1875
1875
1900
1900
1919
1919
1922
1922
1891
1891
1908
1908
1900
1900
1873
1873
1871
1871
1874
1874
1872
1872
1900
1900
1872
1872
1875
1875
1900
1900
1927
1927
1929
1929
1935
1935
1923
1923
1894
1894
1892
1892
1900
1900
1900
1900
1929
1929
1902
1902
1921
1921
1926
1926
1862
1862
1905
1905
1933
1933
1907
1907
1873
1873
1895
1895
1900
1900
1900
1900
1900
1900
1902
1902
1926
1926
1939
1939
1906
1906
1932
1932
1900
1865
1865
1900
1900
1900
1925
1925
1890
1890
1893
1893
1888
1888
1929
1929
1927
1927
1936
1936
1900
1900
1881
1881
1875
1875
1876
1876
1900
1900
1872
1872
1934
1934
1928
1928
1894
1894
1868
1868
1875
1875
1888
1888
1888
1888
1926
1926
1922
1922
1885
1885
1925
1925
1870
1870
1862
1862
1900
1900
1872
1872
1900
1900
1926
1926
1900
1900
1868
1868
1929
1929
1874
1874
1928
1928
1878
1878
1900
1900
1931
1931
1938
1938
1910
1910
1877
1877
1918
1918
1877
1877
1877
1877
1871
1871
1923
1923
1883
1883
1921
1921
1916
1916
1883
1883
1914
1914
1873
1873
1900
1900
1867
1867
1900
1900
1900
1900
1900
1900
1900
1900
1877
1877
1875
1875
1864
1864
1900
1900
1872
1872
1913
1913
1878
1878
1900
1900
1900
1900
1929
1929
1900
1900
1900
1900
1869
1869
1872
1872
1900
1900
1900
1900
1865
1865
1888
1888
1921
1921
1887
1887
1908
1908
1907
1907
1879
1879
1925
1925
1900
1900
1869
1869
1900
1900
1868
1868
1879
1879
1900
1900
1905
1905
1904
1904
1934
1934
1900
1900
1900
1900
1913
1913
1882
1882
1937
1937
1873
1873
1875
1875
1911
1911
1911
1911
1937
1937
1934
1934
1889
1889
1894
1894
1924
1924
1865
1865
1880
1880
1886
1886
1900
1900
1900
1900
1900
1900
1900
1900
1879
1879
1872
1872
1900
1900
1875
1875
1873
1873
1900
1900
1900
1900
1885
1885
1900
1900
1900
1900
1900
1900
1924
1924
1876
1876
1876
1876
1900
1900
1900
1900
1873
1873
1900
1900
1918
1918
1897
1897
1891
1891
1895
1895
1875
1875
1920
1920
1893
1893
1884
1884
1923
1923
1910
1910
1906
1906
1907
1907
1912
1912
1908
1908
1880
1880
