1926
1893
1980
1930
1928
1937
1936
1928
1933
1877
1934
1934
1901
1895
1920
1928
1936
1891
1943
1930
1930
1923
1936
1932
1926
1890
1894
1931
1878
1931
1903
1935
1903
1903
1918
1924
1892
1924
1940
1890
1932
1875
1938
1891
1896
1938
1911
1911
1927
1809
1865
1920
1897
1915
1926
1918
1933
1905
1887
1933
1934
1883
1931
1875
1932
1929
1894
1894
1879
1926
1889
1924
1926
1928
1930
1924
1933
1895
1943
1938
1912
1937
1895
1926
1924
1929
1927
1923
1926
1928
1863
1889
1881
1925
1888
1936
1924
1895
1910
1925
1895
1943
1869
1903
1923
1889
1889
1934
1898
1886
1936
1934
1933
1908
1914
1887
1865
1929
1899
1868
1869
1927
1900
1902
1874
1874
1898
1918
1913
1906
1942
1917
1941
1944
1928
1926
1924
1870
1873
1929
1904
1934
1893
1890
1926
1933
1936
1892
1930
1896
1940
1914
1930
1931
1899
1929
1940
1941
1931
1918
1879
1938
1917
1896
1923
1920
1921
1885
1930
1935
1934
1927
1926
1929
1931
1934
1933
1934
1912
1903
1872
1897
1934
1902
1882
1929
1936
1938
1925
1941
1913
1910
1899
1903
1893
1903
1896
1929
1909
1932
1916
1890
1921
1926
1883
1872
1915
1926
1923
1937
1883
1934
1890
1938
1922
1902
1901
1887
1903
1900
1909
1940
1930
1890
1925
1904
1884
1913
1924
1915
1919
1898
1879
1938
1942
1887
1921
1909
1928
1929
1922
1912
1929
1902
1889
1913
1922
1927
1907
1891
1928
1883
1888
1892
1884
1881
1878
1899
1920
1882
1904
1912
1876
1882
1923
1923
1921
1873
1916
1907
1899
1905
1932
1904
1934
1878
1938
1906
1908
1914
1943
1943
1889
1917
1935
1937
1936
1939
1913
1878
1895
1903
1933
1931
1927
1938
1922
1930
1894
1906
1897
1879
1897
1867
1888
1895
1922
1927
1878
1899
1874
1927
1875
1910
1914
1926
1904
1879
1869
1893
1914
1887
1876
1912
1913
1914
1895
1919
1913
1944
1936
1924
1907
1941
1882
1937
1897
1909
1891
1876
1934
1891
1868
1928
1920
1932
1892
1903
1899
1917
1930
1929
1891
1904
1935
1932
1886
1924
1896
1938
1928
1893
1940
1913
1916
1926
1899
1892
1888
1943
1924
1891
1881
1928
1881
1900
1910
1896
1868
1925
1934
1913
1901
1932
1897
1921
1935
1896
1942
1913
1936
1907
1943
1938
1915
1936
1893
1939
1907
1938
1941
1884
1920
1914
1914
1906
1881
1863
1941
1909
1942
1940
1930
1893
1922
1928
1927
1889
1942
1916
1938
1932
1884
1930
1940
1919
1916
1884
1897
1928
1920
1883
1868
1903
1871
1908
1904
1936
1943
1914
1938
1942
1914
1890
1894
1895
1920
1928
1921
1912
1923
1933
1942
1918
1907
1885
1897
1890
1886
1924
1888
1921
1879
1883
1923
1899
1906
1879
1931
1912
1895
1898
1924
1940
1925
1866
1910
1931
1893
1928
1932
1942
1938
1926
1930
1936
1942
1933
1938
1934
1929
1894
1868
1898
1871
1897
1895
1905
1886
1884
1883
1941
1911
1902
1919
1878
1912
1892
1924
1927
1915
1940
1890
1927
1932
1926
1930
1888
1917
1912
1903
1883
1895
1909
1907
1898
1933
1859
1890
1898
1927
1910
1941
1888
1920
1901
1906
1922
1923
1913
1895
1922
1864
1922
1924
1874
1912
1909
1939
1941
1909
1942
1938
1937
1944
1936
1893
1901
1909
1882
1893
1921
1923
1929
1874
1896
1929
1927
1908
1906
1923
1924
1930
1922
1868
1880
1918
1841
1928
1938
1930
1931
1927
1924
1910
1928
1940
1941
1935
1938
1937
1926
1933
1926
1931
1925
1934
1906
1892
1943
1902
1916
1912
1933
1891
1906
1867
1892
1893
1928
1906
1876
1937
1899
1936
1913
1893
1935
1941
1865
1939
1901
1879
1894
1931
1939
1941
1914
1890
1901
1893
1883
1888
1933
1908
1871
1900
1944
1892
1908
1902
1940
1943
1917
1883
1931
1943
1926
1932
1922
1924
1923
1895
1925
1920
1938
1885
1900
1927
1914
1893
1942
1939
1899
1942
1940
1927
1888
1895
1904
1930
1891
1925
1934
1901
1923
1928
1931
1940
1882
1926
1894
1873
1907
1921
1907
1926
1907
1856
1915
1912
1928
1917
1934
1880
1882
1897
1942
1887
1911
1922
1871
1915
1909
1895
1920
1874
1916
1875
1875
1910
1911
1911
1927
1880
1932
1914
1880
1937
1926
1923
1906
1926
1862
1854
1918
1925
1862
1924
1934
1928
1944
1878
1941
1885
1894
1898
1893
1936
1893
1926
1922
1932
1908
1930
1938
1920
1884
1931
1876
1894
1887
1911
1922
1908
1895
1869
1928
1874
1934
1896
1892
1940
1905
1903
1932
1934
1935
1937
1918
1933
1938
1941
1938
1876
1875
1875
1886
1936
1897
1895
1866
1873
1901
1897
1889
1867
1903
1914
1919
1943
1940
1896
1872
1902
1882
1920
1914
1940
1889
1885
1932
1943
1903
1902
1931
1888
1931
1903
1901
1901
1935
1937
1934
1929
1932
1904
1928
1920
1872
1878
1813
1925
1881
1927
1930
1923
1926
1878
1899
1941
1916
1944
1934
1929
1937
1921
1927
1936
1916
1928
1921
1926
1938
1881
1921
1932
1942
1928
1919
1921
1908
1931
1941
1925
1919
1936
1912
1939
1901
1882
1943
1934
1943
1931
1897
1933
1898
1925
1929
1895
1935
1884
1925
1935
1943
1924
1933
1941
1895
1899
1924
1926
1915
1902
1938
1860
1880
1927
1888
1896
1890
1878
1885
1908
1943
1942
1896
1942
1904
1868
1902
1891
1874
1882
1891
1898
1933
1931
1932
1937
1924
1924
1929
1930
1925
1900
1894
1924
1896
1926
1934
1927
1944
1927
1912
1921
1941
1896
1942
1874
1888
1896
1939
1891
1930
1936
1926
1895
1922
1899
1904
1908
1891
1909
1923
1915
1914
1881
1911
1907
1924
1930
1941
1898
1925
1921
1869
1898
1889
1860
1895
1926
1890
1900
1927
1931
1930
1928
1934
1898
1923
1929
1921
1898
1867
1908
1888
1925
1941
1941
1921
1939
1936
1938
1895
1940
1929
1939
1893
1934
1943
1933
1943
1908
1923
1940
1901
1924
1891
1922
1927
1936
1925
1933
1897
1938
1932
1919
1926
1925
1918
1928
1927
1930
1890
1904
1904
1932
1909
1943
1937
1940
1898
1917
1934
1935
1934
1908
1936
1908
1939
1889
1914
1914
1931
1925
1943
1906
1909
1936
1932
1929
1886
1919
1909
1939
1938
1934
1941
1921
1911
1883
1926
1943
1937
1913
1939
1941
1913
1921
1942
1891
1937
1885
1895
1880
1940
1938
1940
1912
1877
1908
1913
1876
1913
1877
1943
1878
1900
1935
1898
1893
1929
1927
1924
1891
1940
1892
1891
1870
1930
1938
1935
1940
1937
1936
1888
1925
1880
1890
1916
1922
1886
1928
1928
1888
1941
1921
1925
1935
1860
1938
1911
1932
1930
1938
1941
1928
1937
1898
1916
1888
1895
1902
1917
1933
1936
1933
1931
1910
1873
1907
1924
1868
1927
1925
1894
1916
1919
1939
1893
1887
1913
1886
1929
1894
1929
1892
1918
1936
1933
1939
1932
1925
1943
1927
1927
1924
1900
1929
1911
1927
1920
1921
1897
1900
1943
1928
1923
1893
1895
1883
1937
1911
1890
1873
1926
1887
1921
1941
1943
1933
1897
1939
1878
1897
1898
1899
1893
1926
1860
1924
1899
1907
1940
1919
1879
1926
1904
1928
1925
1863
1926
1896
1880
1896
1872
1937
1911
1866
1907
1902
1925
1899
1927
1895
1923
1923
1879
1894
1925
1886
1900
1916
1940
1898
1933
1908
1931
1942
1914
1941
1920
1932
1912
1900
1936
1939
1927
1939
1906
1886
1932
1909
1928
1932
1937
1936
1883
1881
1891
1910
1928
1892
1941
1886
1873
1919
1881
1866
1914
1928
1938
1918
1916
1907
1901
1915
1924
1933
1881
1872
1875
1904
1913
1933
1940
1892
1884
1917
1938
1923
1921
1907
1926
1898
1897
1890
1927
1929
1943
1897
1908
1905
1900
1931
1939
1902
1896
1891
1941
1905
1904
1922
1884
1926
1897
1929
1872
1934
1943
1900
1918
1875
1878
1920
1943
1917
1931
1939
1920
1937
1881
1900
1889
1913
1921
1885
1898
1892
1901
1893
1932
1938
1935
1929
1900
1893
1926
1928
1908
1933
1924
1922
1943
1895
1890
1939
1888
1922
1897
1922
1918
1881
1911
1859
1899
1943
1908
1923
1889
1930
1940
1932
1941
1933
1926
1881
1938
1936
1897
1934
1911
1935
1939
1858
1905
1940
1943
1897
1936
1898
1870
1901
1920
1938
1903
1901
1893
1866
1901
1890
1899
1897
1933
1924
1916
1924
1928
1870
1886
1928
1889
1892
1938
1926
1889
1896
1926
1921
1936
1906
1921
1887
1897
1909
1875
1878
1928
1925
1926
1895
1930
1932
1930
1899
1923
1928
1942
1869
1897
1933
1899
1938
1927
1902
1934
1886
1936
1923
1933
1939
1941
1929
1879
1896
1923
1898
1891
1886
1902
1897
1887
1942
1911
1941
1939
1940
1907
1925
1890
1938
1943
1939
1937
1902
1921
1891
1942
1924
1923
1902
1927
1882
1893
1943
1925
1894
1885
1914
1940
1929
1911
1920
1915
1918
1926
1913
1921
1942
1926
1938
1920
1919
1883
1942
1919
1913
1874
1909
1905
1931
1906
1921
1923
1937
1923
1885
1926
1912
1917
1913
1936
1915
1878
1939
1896
1904
1879
1881
1914
1872
1887
1894
1893
1914
1887
1897
1920
1882
1929
1890
1913
1921
1895
1912
1927
1897
1886
1875
1900
1879
1879
1902
1893
1908
1906
1934
1921
1933
1906
1925
1921
1917
1942
1887
1925
1891
1924
1919
1926
1941
1917
1884
1916
1898
1908
1899
1918
1943
1941
1938
1921
1887
1937
1932
1933
1929
1935
1889
1927
1927
1899
1940
1917
1915
1914
1894
1943
1897
1896
1929
1911
1891
1869
1919
1886
1931
1877
1914
1936
1889
1896
1929
1922
1920
1941
1874
1926
1879
1915
1926
1867
1891
1935
1922
1937
1935
1928
1889
1895
1897
1876
1928
1939
1902
1927
1877
1927
1880
1911
1929
1896
1886
1896
1889
1935
1898
1896
1910
1901
1919
1929
1928
1891
1942
1931
1935
1943
1927
1926
1933
1912
1905
1943
1931
1900
1928
1934
1933
1891
1930
1877
1927
1926
1897
1928
1924
1867
1875
1937
1915
1909
1907
1917
1876
1940
1915
1891
1905
1864
1895
1901
1930
1933
1927
1879
1905
1877
1905
1925
1892
1892
1941
1923
1914
1921
1942
1896
1938
1894
1912
1916
1936
1934
1924
1926
1895
1928
1930
1900
1932
1932
1923
1933
1913
1943
1894
1912
1941
1936
1937
1939
1944
1910
1939
1942
1941
1905
1896
1922
1919
1940
1877
1905
1927
1864
1892
1915
1929
1917
1896
1930
1941
1937
1902
1932
1934
1888
1888
1911
1877
1933
1936
1901
1932
1894
1893
1875
1875
1938
1908
1915
1917
1933
1908
1930
1895
1939
1920
1921
1926
1892
1892
1924
1942
1939
1906
1940
1912
1935
1932
1956
1943
1894
1886
1927
1873
1924
1938
1935
1883
1902
1873
1910
1923
1908
1874
1914
1915
1937
1885
1894
1904
1931
1920
1926
1894
1929
1930
1934
1895
1890
1910
1869
1927
1936
1903
1936
1899
1906
1931
1914
1932
1932
1915
1933
1941
1930
1912
1887
1928
1939
1900
1905
1941
1894
1913
1926
1922
1897
1941
1923
1935
1872
1929
1889
1906
1927
1939
1895
1893
1910
1941
1928
1911
1931
1943
1868
1941
1943
1941
1940
1939
1906
1907
1942
1935
1911
1875
1922
1934
1922
1888
1943
1920
1930
1889
1935
1940
1921
1927
1900
1865
1900
1893
1925
1941
1931
1925
1865
1890
1886
1884
1928
1923
1928
1908
1926
1929
1924
1937
1917
1927
1919
1923
1930
1927
1887
1943
1919
1892
1883
1925
1900
1925
1928
1933
1937
1933
1903
1910
1937
1932
1934
1937
1929
1874
1934
1921
1880
1941
1925
1937
1912
1924
1890
1929
1922
1901
1892
1920
1880
1881
1893
1907
1860
1890
1904
1930
1923
1924
1891
1926
1939
1933
1915
1935
1943
1942
1937
1918
1942
1937
1932
1902
1934
1932
1900
1897
1937
1907
1924
1933
1936
1934
1937
1916
1939
1887
1900
1879
1931
1899
1877
1935
1879
1909
1901
1921
1891
1942
1930
1928
1940
1936
1938
1931
1907
1916
1924
1910
1887
1928
1940
1870
1914
1887
1890
1904
1936
1916
1939
1884
1941
1928
1939
1893
1940
1936
1886
1890
1893
1889
1939
1932
1924
1874
1922
1936
1898
1926
1888
1932
1918
1942
1888
1912
1915
1944
1910
1905
1913
1884
1943
1918
1893
1866
1908
1894
1876
1897
1928
1933
1929
1930
1909
1935
1931
1888
1911
1929
1927
1933
1890
1889
1934
1910
1895
1893
1931
1908
1929
1904
1939
1936
1915
1928
1926
1888
1883
1908
1904
1921
1922
1888
1923
1895
1928
1888
1884
1938
1942
1943
1909
1937
1934
1919
1901
1942
1937
1940
1927
1907
1900
1896
1909
1930
1929
1936
1927
1873
1895
1924
1929
1929
1922
1931
1919
1934
1922
1900
1923
1921
1924
1934
1932
1938
1928
1925
1926
1892
1925
1888
1891
1889
1934
1931
1940
1925
1922
1919
1932
1910
1898
1904
1929
1933
1924
1936
1934
1900
1900
1914
1916
1883
1930
1924
1910
1914
1926
1901
1896
1898
1927
1933
1924
1915
1886
1917
1924
1892
1865
1943
1913
1896
1885
1895
1882
1919
1939
1902
1914
1919
1887
1928
1886
1941
1924
1917
1919
1898
1900
1943
1932
1902
1931
1908
1938
1912
1922
1934
1906
1926
1900
1931
1934
1928
1931
1931
1895
1931
1891
1898
1937
1873
1880
1885
1903
1886
1894
1904
1883
1928
1881
1878
1882
1901
1929
1937
1931
1935
1933
1903
1942
1906
1889
1895
1919
1928
1890
1890
1928
1930
1890
1939
1892
1926
1929
1899
1911
1928
1881
1922
1926
1899
1918
1872
1927
1929
1919
1924
1924
1931
1926
1914
1893
1927
1930
1929
1897
1921
1887
1910
1922
1933
1923
1908
1932
1872
1897
1930
1931
1904
1909
1882
1897
1866
1873
1933
1931
1941
1894
1894
1890
1928
1924
1937
1929
1939
1935
1912
1932
1906
1936
1894
1940
1872
1897
1938
1934
1927
1930
1927
1930
1892
1931
1927
1893
1895
1915
1900
1870
1910
1941
1919
1922
1922
1910
1917
1908
1920
1940
1895
1891
1907
1939
1885
1884
1891
1894
1884
1880
1922
1883
1860
1900
1911
1917
1924
1924
1912
1918
1909
1884
1933
1896
1928
1882
1875
1903
1902
1915
1907
1906
1882
1877
1902
1878
1929
1927
1894
1922
1884
1908
1943
1905
1907
1939
1925
1871
1890
1896
1921
1925
1930
1898
1935
1902
1900
1929
1933
1927
1868
1886
1914
1912
1929
1912
1900
1910
1898
1865
1879
1933
1928
1935
1890
1895
1902
1884
1893
1903
1938
1934
1892
1916
1932
1867
1874
1928
1893
1892
1939
1910
1930
1886
1902
1872
1931
1936
1901
1910
1918
1937
1919
1928
1865
1882
1908
1939
1929
1928
1931
1920
1942
1929
1904
1882
1865
1924
1938
1901
1913
1927
1896
1933
1893
1933
1923
1909
1887
1925
1932
1897
1874
1930
1932
1863
1921
1905
1925
1923
1866
1926
1935
1929
1896
1925
1866
1935
1914
1914
1926
1921
1884
1882
1926
1903
1884
1913
1899
1875
1933
1911
1875
1895
1920
1895
1934
1893
1929
1928
1926
1930
1927
1910
1896
1906
1867
1915
1873
1879
1924
1933
1929
1919
1889
1923
1902
1926
1932
1928
1924
1872
1922
1908
1883
1905
1937
1933
1930
1931
1930
1905
1879
1911
1943
1896
1918
1882
1912
1875
1912
1870
1890
1910
1937
1933
1864
1920
1934
1899
1923
1913
1938
1916
1943
1912
1920
1920
1943
1938
1940
1867
1877
1940
1914
1943
1918
1941
1931
1934
1936
1894
1938
1937
1898
1893
1924
1885
1940
1911
1925
1889
1909
1912
1937
1911
1944
1943
1875
1940
1931
1934
1901
1904
1938
1930
1926
1894
1903
1872
1919
1906
1921
1884
1895
1932
1935
1935
1896
1937
1943
1938
1924
1912
1894
1899
1926
1933
1909
1894
1937
1878
1936
1930
1931
1919
1925
1939
1929
1878
1936
1937
1908
1921
1914
1903
1894
1914
1890
1907
1889
1882
1927
1908
1924
1887
1874
1872
1911
1901
1885
1936
1928
1937
1927
1932
1894
1943
1897
1926
1899
1926
1899
1893
1926
1931
1885
1866
1900
1869
1901
1904
1912
1902
1892
1930
1914
1876
1911
1882
1937
1938
1871
1881
1935
1933
1927
1872
1878
1903
1925
1937
1890
1935
1920
1937
1886
1919
1923
1907
1895
1909
1899
1885
1895
1890
1939
1930
1937
1902
1880
1925
1911
1940
1937
1930
1933
1934
1903
1886
1928
1928
1932
1930
1935
1910
1938
1940
1942
1910
1935
1937
1938
1925
1935
1912
1929
1913
1939
1934
1941
1931
1932
1932
1891
1935
1942
1908
1899
1893
1933
1938
1935
1919
1886
1934
1911
1931
1929
1907
1927
1864
1864
1896
1897
1920
1928
1927
1937
1857
1885
1886
1895
1894
1883
1880
1902
1899
1878
1908
1893
1942
1908
1885
1934
1930
1928
1899
1934
1925
1936
1893
1935
1904
1931
1937
1943
1942
1935
1906
1924
1928
1939
1908
1888
1930
1921
1915
1888
1899
1921
1928
1895
1906
1899
1894
1934
1898
1925
1895
1927
1936
1896
1931
1891
1940
1922
1929
1898
1926
1934
1927
1944
1920
1913
1944
1932
1907
1929
1876
1926
1992
1924
1907
1911
1941
1943
1888
1917
1939
1884
1926
1922
1920
1919
1877
1888
1937
1934
1932
1940
1943
1906
1896
1934
1936
1907
1884
1915
1940
1914
1942
1905
1917
1931
1933
1934
1942
1900
1921
1943
1927
1927
1894
1939
1906
1931
1929
1878
1930
1942
1931
1943
1939
1933
1926
1934
1901
1894
1926
1894
1929
1934
1917
1918
1925
1917
1921
1918
1925
1924
1914
1926
1920
1930
1918
1873
1881
1918
1935
1903
1901
1878
1938
1936
1937
1939
1895
1942
1902
1922
1944
1910
1931
1933
1928
1899
1924
1930
1873
1914
1932
1931
1880
1925
1927
1930
1934
1907
1912
1926
1932
1934
1901
1926
1923
1883
1899
1875
1918
1909
1933
1930
1933
1882
1912
1935
1936
1935
1872
1942
1872
1910
1901
1906
1899
1875
1891
1936
1927
1898
1931
1888
1882
1940
1888
1914
1872
1912
1916
1921
1911
1936
1917
1921
1909
1869
1913
1903
1910
1939
1943
1924
1942
1924
1920
1914
1887
1940
1928
1925
1942
1913
1924
1922
1928
1898
1891
1884
1879
1896
1926
1927
1894
1895
1926
1868
1932
1934
1903
1901
1904
1924
1864
1929
1895
1893
1881
1897
1904
1934
1938
1874
1908
1938
1894
1903
1921
1931
1924
1932
1921
1929
1862
1923
1923
1919
1887
1908
1936
1941
1939
1885
1910
1936
1938
1943
1886
1941
1917
1939
1882
1942
1913
1893
1913
1865
1939
1918
1927
1941
1933
1932
1930
1939
1928
1902
1935
1943
1937
1892
1935
1901
1921
1924
1930
1933
1930
1924
1894
1926
1929
1922
1926
1923
1893
1931
1929
1935
1926
1925
1923
1904
1942
1937
1896
1909
1920
1931
1929
1904
1900
1897
1941
1902
1882
1867
1886
1929
1914
1877
1891
1915
1877
1941
1882
1930
1937
1889
1867
1881
1870
1902
1913
1901
1931
1922
1891
1935
1905
1926
1932
1881
1939
1898
1894
1896
1886
1916
1899
1888
1932
1927
1925
1935
1923
1933
1926
1925
1924
1930
1895
1936
1929
1927
1934
1940
1895
1900
1899
1930
1931
1934
1879
1904
1938
1902
1932
1896
1902
1932
1916
1931
1922
1927
1890
1922
1884
1939
1939
1940
1932
1860
1941
1934
1914
1922
1907
1883
1943
1894
1927
1875
1900
1927
1928
1930
1936
1942
1941
1907
1933
1934
1939
1928
1907
1905
1897
1884
1882
1932
1889
1936
1907
1876
1915
1915
1879
1914
