1919
1924
1914
1925
1921
1921
1925
1921
1932
1914
1890
1927
1909
1920
1923
1918
1924
1920
1914
1870
1924
1910
1904
1935
1935
1906
1907
1942
1913
1923
1908
1902
1902
1908
1908
1918
1921
1888
1925
1920
1928
1919
1923
1897
1906
1897
1922
1927
1926
1916
1924
1887
1908
1917
1926
1920
1900
1933
1927
1906
1938
1905
1922
1887
1918
1879
1914
1888
1917
1899
1937
1907
1904
1933
1930
1920
1891
1922
1928
1926
1920
1928
1903
1937
1904
1931
1933
1907
1902
1932
1928
1933
1902
1905
1928
1900
1899
1923
1926
1903
1924
1915
1929
1897
1927
1929
1925
1900
1931
1909
1910
1902
1900
1923
1925
1902
1925
1929
1898
1902
1904
1923
1921
1893
1929
1893
1925
1905
1914
1912
1910
1904
1921
1925
1922
1914
1916
1896
1891
1904
1891
1911
1907
1907
1940
1910
1935
1918
1910
1921
1878
1899
1916
1940
1915
1903
1914
1904
1934
1906
1905
1932
1930
1926
1897
1925
1924
1906
1893
1920
1882
1904
1911
1938
1906
1915
1923
1919
1888
1931
1912
1926
1919
1884
1903
1907
1897
1898
1927
1924
1907
1921
1926
1888
1918
1913
1913
1917
1909
1899
1925
1906
1918
