1865
1864
1896
1867
1888
1864
1882
1881
1873
1874
1901
1934
1875
1880
1884
1873
1869
1874
1863
1880
1882
1866
1915
1940
1873
1926
1876
1892
1916
1882
1869
1880
1870
1887
1874
1873
1875
1860
1872
1869
1871
1881
1867
1885
1925
1888
1865
1865
1859
1939
1867
1858
1866
1874
1881
1883
1877
1901
1877
1869
1889
1862
1877
1885
1880
1877
1860
1874
1933
1903
1929
1877
1885
1895
1875
1876
1880
1863
1878
1897
1886
1891
1860
1875
1880
1899
1905
1908
1877
1877
1870
1866
1869
1878
1881
1875
1934
1929
1896
1864
1858
1866
1887
1890
1935
1889
1927
1927
1868
1879
1870
1872
1861
1872
1886
1867
1872
1877
1879
1893
1875
1927
1872
1871
1869
1864
1860
1862
1886
1881
1872
1893
1873
1897
1883
1895
1874
1868
1874
1875
1923
1887
1897
1873
1867
1874
1893
1874
1882
1872
1873
1886
1877
1864
1866
1872
1901
1853
1874
1872
1891
1871
1867
1920
1891
1876
1859
1967
1869
1868
1881
1922
1877
1868
1875
1878
1881
1877
1894
1869
1895
1866
1871
1887
1929
1871
1884
1892
1867
1868
1862
1874
1882
1904
1863
1860
1870
1873
1871
1872
1865
1884
1883
1873
1864
1863
1892
1870
1863
1860
1882
1873
1869
1902
1877
1876
1879
1881
1880
1865
1869
1864
1869
1871
1882
1868
1879
1876
1875
1876
1878
1864
1885
1860
1884
1882
1874
1871
1881
1875
1870
1883
1883
1889
1889
1866
1865
1881
1876
1868
1871
1871
1926
1897
1867
1878
1859
1892
1864
1872
1872
1872
1880
1881
1870
1898
1914
1862
1874
1871
1875
1896
1865
1880
1874
1882
1882
1883
1868
1884
1856
1860
1880
1863
1854
1863
1925
1941
1866
1929
1891
1897
1925
1864
1903
1863
1874
1878
1883
1876
1872
1869
1866
1906
1879
1870
1879
1865
1865
1871
1878
1882
1913
1884
1875
1866
1871
1873
1872
1873
1869
1891
1886
1939
1922
1941
1940
1915
1874
1865
1901
1870
1873
1870
1876
1873
1887
1875
1865
1867
1883
1877
1880
1863
1921
1870
1866
1888
1942
1868
1869
1884
1877
1870
1863
1875
1899
1879
1864
1872
1875
1879
1860
1901
1870
1865
1879
1865
1897
1936
1907
1874
1878
1897
1882
1919
1916
1876
1870
1874
1873
1876
1899
1868
1871
1875
1886
1869
1881
1873
1879
1869
1889
1894
1870
1873
1872
1883
1882
1883
1888
1899
1871
1861
1875
1872
1873
1867
1864
1891
1877
1874
1852
1867
1932
1872
1906
1866
1865
1873
1870
1874
1880
1875
1942
1916
1879
1904
1940
1900
1873
1876
1858
1931
1897
1868
1856
1883
1933
1864
1936
1870
1867
1878
1872
1938
1879
1884
1868
1888
1909
1876
1880
1901
1888
1889
1878
1870
1876
1870
1874
1941
1917
1921
1894
1878
1875
1871
1878
1876
1876
1877
1872
1873
1867
1870
1869
1875
1874
1857
1868
1862
1879
1935
1933
1905
1937
1878
1869
1858
1870
1876
1870
1859
1877
1873
1868
1872
1862
1881
1862
1891
1865
1863
1874
1876
1886
1879
1884
1875
1878
1886
1867
1876
1874
1873
1874
1863
1867
1867
1882
1871
1879
1874
1871
1870
1884
1888
1876
1898
1912
1917
1874
1875
1888
1876
1874
1862
1941
1940
1920
1929
1877
1932
1901
1884
1930
1882
1930
1886
1873
1886
1923
1867
1867
1866
1876
1896
1872
1866
1872
1882
1874
1879
1881
1861
1876
1876
1882
1872
1866
1860
1869
1909
1882
1884
1865
1862
1869
1872
1889
1888
1875
1861
1887
1855
1876
1890
1889
1873
1912
1888
1857
1853
1871
1888
1886
1904
1874
1861
1862
1870
1893
1871
1861
1875
1859
1889
1872
1867
1867
1924
1870
1891
1887
1899
1869
1875
1918
1880
1883
1869
1863
1864
1880
1909
1935
1869
1874
1874
1882
1911
1878
1884
1873
1875
1894
1886
1892
1901
1868
1874
1897
1864
1855
1896
1873
1875
1869
1871
1887
1863
1894
1867
1885
1868
1864
1860
1874
1902
1873
1904
1866
1875
1870
1874
1895
1871
1873
1863
1891
1863
1891
1868
1856
1903
1874
1938
1907
1936
1866
1908
1936
1886
1899
1873
1876
1905
1905
1871
1864
1874
1866
1866
1880
1884
1924
1888
1927
1876
1868
1874
1866
1883
1868
1887
1874
1872
1873
1873
1869
1868
1875
1876
1875
1880
1929
1863
1887
1867
1924
1865
1859
1927
1893
1880
1865
1863
1883
1874
1883
1868
1873
1859
1877
1865
1873
1862
1860
1875
1875
1871
1926
1884
1886
1866
1868
1889
1872
1866
1879
1898
1873
1872
1865
1882
1865
1877
1881
1863
1877
1873
1873
1873
1886
1872
1870
1906
1906
1865
1881
1869
1870
1872
1867
1870
1878
1914
1880
1877
1867
1875
1870
1873
1886
1890
1873
1872
1869
1877
1885
1867
1876
1890
1879
1887
1890
1869
1859
1875
1880
1877
1870
1884
1870
1919
1876
1895
1870
1862
1859
1876
1876
1874
1869
1908
1871
1878
1888
1870
1870
1870
1865
1872
1877
1873
1870
1874
1872
1867
1910
1883
1882
1914
1862
1888
1870
1879
1892
1889
1882
1897
1885
1875
1870
1870
1881
1876
1873
1871
1867
1874
1904
1870
1866
1889
1890
1871
1875
1886
1866
1874
1867
1860
1878
1914
1869
1875
1871
1866
1885
1872
1885
1883
1885
1880
1895
1882
1891
1878
1885
1866
1894
1869
1877
1883
1864
1864
1870
1870
1881
1863
1868
1870
1886
1872
1888
1882
1879
1869
1866
1862
1864
1887
1861
1881
1865
1870
1879
1884
1873
1874
1877
1879
1890
1875
1977
1887
1876
1869
1939
1873
1906
1873
1863
1868
1875
1871
1861
1888
1873
1893
1869
1879
1876
1859
1867
1874
1856
1875
1874
1876
1865
1862
1876
1864
1862
1868
1869
1861
1892
1894
1895
1881
1867
1862
1934
1882
1898
1869
1875
1866
1887
1870
1895
1864
1863
1870
1928
1898
1877
1879
1862
1873
1865
1909
1883
1894
1932
1879
1863
1877
1873
1865
1866
1889
1870
1877
1891
1882
1876
1872
1875
1875
1873
1876
1868
1874
1863
1865
1872
1874
1887
1870
1868
1873
1870
1878
1858
1880
1886
1879
1865
1868
1874
1871
1864
1865
1890
1876
1876
1868
1907
1877
1877
1868
1893
1862
1872
1868
1864
1874
1935
1937
1936
1911
1855
1869
1874
1880
1857
1857
1881
1854
1866
1879
1858
1855
1876
1868
1875
1875
1875
1875
1880
1872
1885
1851
1860
1887
1865
1873
1875
1880
1878
1878
1878
1936
1875
1877
1877
1939
1932
1933
1914
1889
1935
1874
1875
1876
1888
1873
1875
1868
1864
1881
1879
1869
1879
1881
1870
1880
1870
1864
1878
1892
1880
1866
1875
1871
1872
1864
1920
1885
1875
1877
1921
1885
1889
1925
1885
1878
1940
1892
1910
1927
1938
1901
1931
1869
1869
1904
1911
1932
1866
1870
1866
1866
1879
1916
1885
1929
1873
1886
1883
1879
1866
1873
1896
1896
1882
1883
1881
1859
1864
1877
1876
1877
1875
1876
1872
1878
1878
1872
1874
1880
1896
1894
1921
1899
1875
1877
1906
1902
1902
1882
1868
1888
1870
1878
1874
1891
1864
1877
1880
1926
1895
1860
1873
1876
1868
1884
1884
1872
1906
1871
1876
1900
1871
1876
1930
1874
1881
1875
1869
1855
1882
1882
1864
1874
1875
1876
1888
1895
1865
1875
1871
1881
1858
1865
1889
1868
1868
1891
1861
1866
1864
1882
1880
1877
1866
1872
1873
1863
1854
1887
1870
1874
1903
1865
1922
1880
1881
1872
1867
1878
1865
1875
1895
1935
1832
1881
1883
1897
1931
1878
1868
1877
1875
1877
1876
1893
1859
1891
1889
1923
1928
1882
1871
1873
1861
1875
1889
1861
1862
1873
1877
1875
1882
1875
1884
1875
1871
1879
1864
1872
1869
1874
1888
1886
1876
1919
1870
1866
1865
1872
1890
1887
1877
1874
1879
1882
1881
1873
1870
1877
1875
1921
1882
1884
1884
1879
1858
1864
1865
1869
1876
1876
1878
1887
1881
1878
1870
1873
1869
1930
1876
1902
1901
1906
1893
1866
1891
1876
1910
1881
1874
1904
1872
1930
1863
1885
1899
1854
1885
1872
1878
1885
1870
1869
1871
1870
1860
1917
1872
1868
1872
1905
1867
1883
1879
1867
1864
1886
1862
1856
1868
1885
1885
1887
1895
1863
1875
1872
1882
1890
1859
1875
1874
1871
1864
1894
1893
1937
1886
1912
1877
1868
1893
1896
1877
1872
1892
1889
1938
1896
1895
1936
1908
1906
1940
1879
1874
1885
1883
1869
1864
1875
1866
1864
1903
1878
1872
1885
1861
1882
1891
1866
1872
1880
1872
1869
1899
1881
1872
1871
1866
1873
1875
1866
1867
1893
1883
1875
1896
1922
1928
1873
1885
1864
1872
1856
1881
1875
1878
1926
1899
1927
1879
1904
1877
1866
1875
1864
1872
1886
1863
1870
1872
1884
1924
1863
1878
1871
1860
1889
1882
1888
1878
1892
1864
1873
1877
1892
1884
1899
1867
1906
1868
1906
1882
1895
1878
1880
1902
1873
1886
1870
1876
1937
1875
1873
1895
1872
1876
1883
1879
1874
1903
1884
1870
1937
1875
1915
1886
1927
1872
1890
1872
1883
1912
1921
1863
1877
1872
1889
1884
1862
1877
1871
1864
1870
1884
1877
1875
1873
1865
1884
1878
1875
1872
1863
1866
1871
1871
1872
1897
1896
1940
1870
1873
1871
1874
1897
1888
1866
1870
1863
1869
1873
1874
1876
1863
1882
1913
1870
1866
1876
1902
1871
1877
1882
1901
1880
1862
1893
1897
1894
1861
1923
1924
1926
1866
1867
1868
1870
1879
1881
1867
1884
1883
1883
1867
1885
1903
1877
1881
1873
1881
1880
1886
1938
1890
1932
1875
1880
1877
1876
1865
1868
1883
1882
1876
1876
1885
1904
1870
1879
1863
1865
1871
1896
1868
1885
1886
1887
1873
1928
1896
1875
1885
1856
1876
1862
1867
1869
1875
1872
1885
1892
1867
1890
1880
1887
1882
1861
1879
1876
1877
1862
1867
1891
1876
1884
1888
1869
1864
1867
1870
1889
1884
1882
1875
1893
1885
1899
1888
1888
1884
1872
1892
1863
1889
1854
1876
1884
1872
1873
1892
1881
1882
1928
1877
1894
1879
1868
1875
1869
1870
1872
1874
1871
1905
1896
1906
1871
1874
1890
1884
1860
1866
1870
1882
1874
1865
1866
1863
1874
1865
1886
1928
1889
1867
1874
1880
1883
1885
1876
1876
1873
1877
1865
1870
1865
1902
1926
1893
1886
1867
1883
1924
1864
1919
1872
1900
1878
1868
1874
1866
1892
1863
1880
1883
1867
1876
1871
1878
1874
1886
1870
1872
1884
1873
1878
1876
1896
1870
1873
1867
1886
1883
1887
1877
1875
