1930
1930
1899
1899
1926
1926
1900
1900
1910
1910
1888
1888
1926
1926
1887
1887
1923
1923
1915
1915
1915
1915
1883
1883
1931
1931
1883
1883
1860
1860
1920
1920
1927
1927
1892
1892
1891
1891
1889
1889
1918
1918
1923
1923
1927
1927
1883
1883
1889
1889
1917
1917
1924
1924
1919
1919
1894
1894
1893
1893
1915
1915
1919
1919
1915
1915
1870
1870
1908
1908
1920
1920
1918
1918
1877
1877
1913
1913
1919
1919
1921
1921
1926
1926
1917
1917
1922
1922
1905
1905
1940
1940
1910
1910
1874
1874
1928
1928
1900
1900
1918
1918
1917
1917
1925
1925
1915
1915
1886
1886
1887
1887
1923
1923
1880
1880
1881
1881
1907
1907
1938
1938
1931
1931
1907
1907
