1919
1911
1888
1919
1923
1930
1927
1905
1897
1894
1890
1867
1912
1905
1938
1941
1922
1925
1906
1934
1908
1919
1917
1889
1930
1890
1921
1911
1880
1906
1886
1886
1911
1898
1933
1902
1924
1929
1914
1937
1883
1914
1922
1919
1885
1912
1907
1895
1924
1927
1924
1924
1918
1922
1886
1884
1924
1885
1929
1891
1896
1928
1928
1930
1894
1900
1927
1931
1904
1911
1913
1916
1883
1883
1934
1903
1937
1908
1927
1925
1889
1903
1906
1932
1934
1923
1923
1883
1922
1925
1917
1899
1936
1936
1930
1923
1890
1917
1927
1918
1904
1933
1914
1916
1909
1910
1920
1876
1905
1893
1923
1891
1933
1880
1916
1875
1890
1925
1925
1925
1918
1933
1923
1921
1890
1876
1874
1903
1880
1916
1887
1923
1919
1913
1925
1921
