1901
1900
1922
1913
1921
1900
1920
1892
1898
1918
1886
1905
1899
1904
1904
1901
1923
1921
1908
1902
1902
1885
1892
1904
1897
1903
1881
1924
1910
1902
1910
1888
1909
1875
1889
1908
1896
1871
1889
1892
1913
1914
1905
1918
1921
1923
1899
1898
1924
1907
1922
1903
1904
1894
1881
1910
1901
1911
1924
1906
1926
1927
1878
1871
1909
1900
1898
1899
1888
1907
1923
1895
1901
1926
1901
1914
1895
1917
1900
1875
1877
1894
1894
1900
1912
1919
1903
1917
1905
1921
1890
1903
1882
1886
1897
1878
1915
1897
1925
1884
1906
1894
1929
1926
1905
1926
1897
1896
1888
1918
1924
1929
1884
1892
1914
1887
1899
1916
1938
1908
1879
1891
1902
1890
1898
1898
1906
1905
1910
1908
1904
1877
1882
1895
1921
1881
1896
1933
1923
1931
1899
1889
1904
1910
1904
1870
1876
1903
1910
1906
1896
1881
1885
1885
1896
1917
1926
1899
1902
1890
1898
1878
1898
1923
1908
1885
1883
1898
1912
1896
1922
1885
1890
1880
1909
1930
1922
1931
1903
1901
1901
1902
1890
1924
1885
1912
1912
1879
1866
1915
1898
1931
1893
1903
1898
1926
1910
1925
1920
1899
1906
1894
1905
1875
1917
1900
1901
1874
1924
1870
1898
1879
1923
1904
1900
1921
1924
1917
1900
1901
1899
1900
1924
1894
1892
1898
1927
1897
1899
1901
1922
1910
1894
1892
1891
1900
1912
1924
1905
1883
1898
1908
1903
1900
1915
1923
1923
1904
1923
1920
1924
1896
1922
1896
1916
1894
1900
1888
1930
1914
1902
1878
1896
1909
1896
1887
1915
1917
1898
1916
1928
1906
1922
1905
1927
1927
1928
1881
1902
1923
1921
1899
1926
1919
1909
1927
1893
1892
1886
1886
1924
1926
1927
1905
1916
1894
1921
1906
1912
1903
1890
1904
1909
1896
1908
1899
1896
1898
1904
1906
1918
1920
1903
1928
1902
1929
1899
1916
1925
1909
1899
1908
1904
1898
1929
1922
1900
1902
1901
1903
1883
1891
1904
1906
1900
1922
1905
1900
1887
1899
1877
1921
1923
1893
1905
1903
1876
1871
1922
1903
1901
1896
1900
1898
1903
1912
1936
1888
1889
1901
1898
1885
1909
1919
1889
1916
1895
1896
1920
1927
1878
1879
1922
1870
1915
1908
1908
1892
1922
1876
1882
1904
1898
1915
1877
1923
1923
1908
1920
1895
1877
1914
1912
1909
1910
1886
1908
1896
1914
1895
1917
1919
1897
1898
1896
1878
1907
1878
1906
1901
1878
1920
1889
1904
1929
1905
1882
1920
1908
1922
1899
1908
1906
1903
1899
1942
1919
1906
1898
1901
1908
1901
1904
1904
1923
1897
1910
1909
1907
1888
1889
1882
1921
1883
1925
1908
1899
1909
1901
1928
1922
1883
1883
1869
1910
1903
1886
1890
1922
1899
1902
1875
1928
1868
1875
1889
1909
1902
1923
1914
1905
1887
1906
1915
1895
1898
1928
1898
1920
1924
1900
1869
1907
1918
1901
1901
1868
1897
1934
1907
1920
1903
1904
1927
1903
1930
1934
1905
1904
1893
1915
1925
1902
1919
1898
1875
1900
1920
1879
1881
1900
1925
1877
1900
1927
1908
1898
1907
1907
1909
1900
1906
1924
1918
1897
1876
1909
1925
1924
1900
1922
1890
1896
1895
1925
1900
1909
1897
1912
1910
1900
1932
1932
1895
1910
1923
1906
1913
1915
1907
1905
1903
1890
1899
1904
1902
1891
1912
1927
1884
1900
1881
1890
1896
1896
1895
1900
1887
1921
1901
1895
1897
1911
1931
1914
1894
1914
1913
1902
1898
1884
1890
1905
1926
1920
1898
1912
1926
1908
1911
1899
1916
1884
1910
1897
1892
1894
1899
1900
1902
1905
1871
1898
1909
1906
1898
1908
1900
1881
1883
1907
1863
1917
1905
1911
1899
1911
1903
1908
1908
1926
1917
1878
1887
1916
1913
1916
1910
1889
1894
1909
1906
1928
1876
1922
1906
1888
1909
1905
1901
1885
1876
1878
1904
1924
1902
1923
1899
1921
1921
1921
1883
1895
1928
1926
1887
1912
1895
1919
1902
1906
1899
1930
1906
1886
1887
1899
1901
1899
1902
1903
1923
1894
1906
1921
1888
1915
1899
1932
1927
1926
1910
1893
1895
1917
1914
1923
1942
1911
1906
1889
1880
1908
1926
1910
1899
1901
1879
1918
1877
1910
1904
1889
1922
1894
1922
1898
1906
1902
1914
1894
1869
1919
1894
1895
1905
1898
1927
1927
1898
1907
1916
1886
1894
1909
1908
1926
1907
1908
1866
1888
1875
1888
1889
1891
1900
1898
1908
1894
1892
1898
1898
1900
1903
1906
1875
1894
1903
1910
1886
1906
1882
1897
1906
1922
1884
1910
1872
1937
1889
1895
1930
1897
1873
1898
1917
1883
1897
