1914
1884
1910
1937
1908
1938
1908
1932
1899
1892
1929
1896
1889
1922
1902
1922
1922
1925
1934
1929
1927
1921
1932
1932
1930
1915
1890
1898
1922
1918
1928
1895
1890
1908
1872
1908
1935
1934
1914
1909
1878
1906
1939
1910
1904
1901
1912
1937
1936
1929
1923
1892
1867
1895
1923
1865
1879
1924
1928
1919
1892
1884
1921
1886
1938
1920
1913
1917
1890
1927
1895
1932
1900
1871
1906
1930
1904
1884
1931
1902
1926
1896
1915
1903
1906
1919
1906
1932
1902
1910
1933
1906
1933
1910
1906
1887
1905
1912
1912
1903
1893
1934
1894
1885
1928
1900
1882
1896
1925
1904
