1923
1918
1892
1927
1894
1932
1904
1893
1918
1918
1900
1864
1913
1920
1918
1897
1890
1924
1909
1909
1939
1926
1915
1883
1885
1918
1923
1886
1890
1924
1916
1927
1900
1899
1925
1918
1928
1924
1933
1897
1895
1882
1923
1930
1926
1890
1903
1902
1933
1869
1871
1905
1903
1923
1927
1934
1911
1926
1895
1890
1931
1881
1912
1867
1867
1928
1907
1897
1927
1931
1904
1893
1925
1924
1897
1926
1894
1900
1877
1877
1917
1920
1889
1926
1924
1922
1890
1911
1915
1917
1922
1919
1888
1920
1918
1927
1929
1924
1902
1880
1912
1938
1911
1923
1895
1929
1899
1923
1925
1927
1899
1905
1925
1928
1920
1888
1923
1891
1903
1937
1868
1912
1880
1879
1892
1923
1921
1897
1900
1927
1883
1874
1921
1923
1922
1920
1912
1937
1895
1925
1932
1888
1923
1894
1900
1900
1902
1909
1939
1896
1918
1873
1907
1915
1918
1895
1893
1921
1926
1922
1925
1922
1887
1920
1889
1915
1930
1922
1880
1915
1938
1903
1907
1908
1904
1885
1922
1889
1926
1924
1919
1929
1918
1933
1897
1905
1893
1874
1914
1922
1885
1887
