1895
1925
1885
1916
1920
1905
1903
1926
1928
1930
1894
1930
1924
1893
1935
1922
1910
1919
1913
1917
1884
1896
1907
1868
1931
1926
1890
1898
1931
1921
1924
1887
1922
1884
1924
1896
1900
1916
1915
1904
1904
1912
1913
1915
1881
1926
1926
1921
1922
1894
1899
1904
1912
1912
1925
1871
1924
1894
1929
1909
1931
1933
1901
1923
1926
1929
1931
1912
1909
1925
1877
1871
1871
1877
1898
1902
1912
1911
1925
1933
1925
1891
1914
1915
1925
1924
1921
1909
1921
1891
1923
1891
1929
1917
1927
1928
1896
1912
1912
1900
1912
1912
1937
1897
1896
1926
1926
1923
1927
1926
1915
1905
1934
1904
1930
1916
1909
1914
1914
1913
1911
1915
1883
1877
1922
1885
1924
1924
1907
1926
1888
1922
1915
1914
1891
1926
1903
1895
1892
1896
1926
1873
1888
1919
1871
1889
1893
1865
1917
