1895
1895
1882
1882
1910
1910
1878
1878
1882
1882
1936
1936
1904
1904
1904
1904
1937
1937
1882
1882
1872
1872
1877
1877
1867
1867
1910
1910
1917
1917
1920
1920
1928
1928
1925
1925
1890
1890
1924
1924
1916
1916
1910
1907
1910
1907
1891
1891
1900
1900
1921
1921
1927
1927
1909
1909
1910
1910
1894
1894
1921
1921
1924
1924
1895
1895
1890
1890
1920
1920
1902
1902
1938
1938
1910
1910
1893
1893
1905
1905
1933
1933
1900
1900
1878
1878
1883
1883
1903
1903
1937
1937
1933
1933
1905
1905
1888
1888
1913
1913
1877
1877
1910
1910
1897
1897
1931
1931
1892
1892
1894
1894
1931
1931
1918
1918
1880
1880
1883
1883
1906
1906
1915
1915
1901
1901
1878
1878
1917
1917
1923
1923
1911
1911
1914
1914
1865
1865
1863
1863
1905
1905
1889
1889
1912
1912
1920
1920
1887
1887
1889
1889
