1874
1871
1907
1887
1916
1891
1918
1928
1923
1919
1899
1902
1928
1898
1896
1927
1931
1896
1897
1876
1923
1921
1925
1915
1902
1903
1935
1917
1887
1918
1917
1876
1934
1910
1904
1887
1885
1911
1912
1938
1882
1887
1936
1940
1907
1904
1897
1908
1877
1929
1888
1893
1925
1917
1927
1912
1889
1884
1924
1910
1937
1910
1905
1887
1918
1920
1904
1928
1901
1908
1913
1897
1917
1885
1914
1897
1897
1918
1885
1868
1927
1900
1938
1939
1910
1913
1939
1912
1913
1911
1908
1935
1917
1922
1892
1890
1915
1914
1908
1936
1907
1937
1908
1908
