1924
1900
1898
1928
1926
1930
1935
1933
1908
1931
1931
1924
1895
1907
1888
1922
1924
1913
1889
1901
1921
1937
1865
1913
1863
1924
1924
1914
1887
1913
1887
1894
1924
1927
1935
1929
1935
1916
1916
1889
1913
1913
1921
1915
1917
1901
1935
1929
1888
1923
1926
1887
1931
1898
1931
1929
1900
1879
1921
1893
1879
1921
1923
1904
1889
1889
1932
1930
1933
1926
1931
1892
1924
1900
1915
1902
1939
1933
1907
1868
1913
1914
1904
1931
1905
1864
1884
1911
1880
1927
1930
1885
1935
1905
1937
1888
1896
1902
1918
1920
1930
1924
1925
1900
1928
1893
1934
1933
1909
1895
1892
1924
1936
1906
