1908
1908
1857
1857
1934
1934
1917
1917
1905
1905
1899
1899
1939
1939
1866
1866
1930
1930
1928
1928
1870
1870
1933
1933
1908
1908
1893
1893
1890
1890
1884
1884
1886
1886
1896
1896
1937
1937
1905
1905
1904
1904
1934
1934
1903
1903
1895
1895
1932
1932
1889
1889
1933
1933
1898
1898
1925
1925
1929
1929
1860
1860
1920
1920
1894
1894
1895
1895
1923
1923
1911
1911
1937
1937
1909
1909
1937
1937
1880
1880
1910
1910
1927
1927
1894
1894
1892
1892
1873
1873
1923
1923
1926
1926
1895
1895
1935
1935
1921
1921
1927
1927
1895
1895
1900
1900
1874
1874
1931
1931
1906
1906
1911
1911
1907
1907
1932
1932
1938
1938
1873
1873
1869
1869
1869
1869
1926
1926
1896
1896
1894
1894
1924
1924
1865
1865
1922
1922
1905
1905
1927
1927
1891
1891
1898
1898
1937
1937
1920
1920
1918
1918
1885
1885
1872
1872
1871
1871
1912
1912
1938
1938
1905
1905
1908
1908
1902
1902
1890
1890
1897
1897
1863
1863
1919
1919
1913
1913
1879
1879
1911
1911
1922
1922
1902
1902
1930
1930
1903
1903
1880
1880
1915
1915
1908
1908
1872
1872
1910
1910
1917
1917
1914
1914
1918
1918
1924
1924
1909
1909
1872
1872
1919
1919
1883
1883
1894
1894
1914
1914
1863
1863
1908
1908
1888
1888
1885
1885
1923
1923
1921
1921
1937
1937
1878
1878
1939
1939
1912
1912
1906
1906
1908
1908
1901
1901
1888
1909
1888
1909
1922
1922
1935
1935
1925
1925
1873
1873
1922
1922
1896
1896
1894
1894
1930
1930
1905
1905
1930
1930
1898
1898
1937
1937
1879
1879
1917
1917
1923
1923
1907
1907
1879
1879
1921
1921
1925
1925
1923
1923
1882
1882
1918
1918
1886
1886
1896
1896
1929
1929
1894
1894
1931
1931
1891
1891
1930
1930
1915
1915
1881
1881
1881
1881
1917
1917
1874
1874
1874
1874
1927
1927
1895
1895
1923
1923
1924
1924
1929
1929
1900
1900
1933
1933
