1881
1912
1868
1890
1879
1875
1887
1868
1877
1871
1870
1889
1924
1900
1875
1878
1871
1877
1870
1883
1878
1870
1906
1897
1884
1890
1873
1863
1867
1891
1889
1953
1872
1856
1878
1893
1878
1890
1870
1880
1921
1869
1878
1904
1901
1877
1890
1898
1877
1866
1874
1887
1892
1878
1857
1854
1883
1868
1913
1871
1897
1870
1907
1870
1872
1861
1863
1879
1888
1884
1867
1871
1906
1878
1891
1888
1889
1892
1912
1887
1875
1919
1881
1868
1884
1928
1875
1876
1919
1907
1878
1870
1890
1971
1897
1879
1872
1868
1879
1902
1882
1862
1888
1849
1885
1882
1871
1891
1869
1862
1867
1892
1871
1899
1886
1873
1882
1894
1887
1858
1861
1877
1887
1880
1912
1872
1896
1869
1928
1875
1868
1890
1900
1891
1885
1883
1868
1860
1912
1877
1862
1878
