1938
1938
1912
1912
1907
1907
1901
1901
1901
1901
1933
1933
1931
1931
1903
1903
1931
1931
1928
1928
1897
1897
1902
1902
1927
1927
1902
1902
1933
1933
1903
1903
1934
1934
1904
1904
1901
1901
1938
1938
1872
1872
1868
1868
1897
1897
1926
1926
1926
1926
1899
1899
1912
1912
1920
1920
1912
1912
1937
1937
1910
1910
1912
1912
1918
1918
1872
1872
1893
1893
1924
1924
1935
1935
1898
1898
1926
1926
1924
1924
1935
1935
1902
1902
1927
1927
1930
1930
1891
1891
1925
1925
1896
1896
1924
1924
1935
1935
1919
1919
1922
1922
1925
1925
1898
1898
1920
1920
1899
1899
1925
1925
1895
1895
