1885
1910
1917
1904
1910
1930
1896
1912
1912
1901
1937
1898
1923
1898
1929
1919
1936
1927
1925
1930
1927
1928
1916
1923
1886
1914
1926
1889
1919
1930
1933
1903
1905
1909
1927
1928
1922
1918
1894
1924
1936
1893
1916
1907
1937
1941
1903
1937
1911
1902
1934
1902
1892
1923
1925
1930
1910
1904
1886
1917
1885
1921
1933
1919
1921
1926
1923
1925
1892
1927
1892
1925
1894
1920
1926
1925
1888
1890
1896
1924
1904
1928
1928
1897
1932
1925
1923
1895
1915
1917
1930
1905
1926
1936
1908
1940
1900
1934
1926
1895
1919
1924
1922
1894
1928
1939
1918
1905
1903
1898
1907
1909
1925
1927
1934
1930
1936
1919
1918
1935
1908
1891
1887
1896
1918
1916
1889
1876
1877
1928
1940
1927
1921
1889
1914
1911
1911
1937
1934
1895
1924
1928
1893
1923
1895
1920
1923
1883
1890
1906
1939
1907
1910
1909
1937
1932
1915
1917
1895
1943
1904
1920
1925
1895
1916
1927
1936
1918
1929
1894
1922
1934
1932
1904
1913
1923
1904
1901
1937
1870
1929
1935
1927
1924
1897
1897
1925
1923
1925
1927
1929
1896
1920
