1935
1919
1924
1921
1882
1881
1911
1923
1885
1886
1921
1919
1925
1911
1910
1939
1876
1924
1928
1924
1926
1903
1930
1912
1910
1923
1911
1938
1886
1918
1886
1939
1904
1937
1913
1909
1907
1944
1910
1937
1921
1931
1930
1897
1924
1895
1910
1937
1885
1900
1929
1898
1934
1940
1918
1909
1923
1926
1886
1876
1911
1911
1900
1922
1926
1899
1883
1913
1915
1914
1899
1899
1901
1932
1931
1926
1929
1902
1909
1900
1900
1930
1930
1900
1900
1930
1939
1939
1939
1914
1916
1910
1920
1918
1927
1911
1883
1886
1923
1914
1910
1910
1919
1907
1941
1941
1926
1938
1932
1928
1935
1887
1943
1906
1893
1921
1928
1893
1920
1907
1909
1925
1879
1922
1925
1937
1914
1878
1938
1907
1877
1923
1925
1890
1912
1912
1906
1912
1885
1872
1923
1886
1910
1888
1879
1923
1882
1914
1911
1928
1924
1901
1913
1909
1930
1926
1898
1896
1928
1914
1884
1926
1928
1903
1919
1884
1923
1928
1923
1899
1900
1925
1914
1923
1896
1924
1924
1877
1915
1878
1884
1939
1922
1924
1900
1934
1929
1898
1870
1875
1874
1917
1890
1904
1904
1909
1894
1923
1928
1903
1905
1898
1917
1908
1924
1905
1894
1929
1921
1935
1872
1913
1906
1914
1939
1882
1895
1939
1890
1924
1908
1935
1930
1906
1908
1935
1906
1919
1909
1903
1913
1915
1892
1892
1911
1905
1938
1884
1889
1933
1902
1928
1925
1935
1874
1910
1902
1938
1937
1930
1904
1885
1915
1880
1914
1919
1894
1921
1897
1888
1918
1887
1898
1909
1934
1907
1912
1870
1869
1908
1910
1914
1923
1889
1927
1921
1920
1920
1894
1921
1922
1894
1912
1903
1910
1936
1932
1881
1909
1937
1906
1940
1940
1908
1908
1912
1912
