1910
1899
1911
1885
1922
1885
1911
1919
1933
1921
1930
1896
1924
1920
1891
1896
1902
1908
1918
1891
1924
1922
1879
1914
1878
1912
1930
1909
1908
1937
1939
1903
1900
1894
1929
1892
1927
1922
1914
1910
1872
1868
1892
1879
1933
1901
1867
1860
1889
1931
1935
1905
1903
1894
1915
1911
1878
1928
1924
1917
1876
1894
1894
1925
1893
1879
1920
1928
1921
1912
1920
1914
1884
1882
1899
1898
1907
1937
1905
1879
1928
1933
1900
1905
1875
1915
1892
1925
1927
1925
1896
1928
1934
1925
1897
1923
1914
1921
1937
1917
1913
1906
1922
1880
1880
1929
1931
1923
1919
1890
1873
1926
1895
1891
1926
1890
1920
1876
1899
1913
1903
1919
1878
1872
1866
1905
1933
1893
1900
1937
1909
1909
1907
1867
1868
1924
1911
1918
1922
1884
1885
1905
1898
1863
1912
1939
1912
1933
1901
1913
1905
1927
1898
1898
1924
1874
1875
1922
1899
1901
1910
1902
1901
1932
1868
1902
1900
1929
1917
1890
1929
1925
1913
1922
1893
1925
1923
1924
1901
1928
1904
1911
1912
1893
1883
1888
1927
1936
1908
1905
1936
1907
1938
1934
1907
1936
1886
1906
1909
1938
1939
1916
1890
1919
1897
1917
1932
1901
1906
1938
1909
1912
1910
1869
1938
1904
1937
1931
1912
1890
1903
1937
1891
1905
1918
1936
1907
1923
1895
1906
1871
1934
1901
1933
1938
1905
1931
1934
1909
1940
1923
1921
1885
1884
1877
1927
1929
1922
1925
1932
1904
1900
1863
1865
1902
1909
1871
1896
1927
1894
1894
1923
1911
1922
1927
1924
1913
1920
1872
1920
1927
1887
1915
1929
1916
1922
1904
1895
1929
1893
1921
1927
1923
1931
1925
1898
1908
1910
1875
1917
1913
1918
1879
1898
1935
1898
1894
1920
1900
1900
1938
1934
1927
1904
1879
1930
1904
1871
1912
1902
1904
1922
1894
1925
1893
1926
1888
1891
1920
1917
1885
1923
1882
1915
1919
1909
1926
1922
1895
1931
1911
1912
1939
1887
1880
1919
1895
1920
1921
1918
1893
1905
1909
1932
1936
1868
1877
1910
1877
1900
1934
1925
1900
1912
1939
1890
1906
1922
1892
