1911
1911
1911
1911
1876
1876
1896
1896
1924
1924
1910
1910
1939
1939
1909
1909
1927
1927
1909
1909
1931
1931
1907
1907
1928
1928
1913
1913
1890
1890
1927
1927
1915
1915
1911
1911
1890
1890
1925
1925
1911
1911
1894
1894
1923
1923
1925
1925
1894
1894
1924
1924
1902
1902
1933
1933
1905
1905
1934
1934
1903
1903
1924
1924
1923
1923
1908
1908
1909
1909
1923
1923
1925
1925
1887
1887
1900
1900
1925
1925
1904
1904
1930
1930
1896
1896
1892
1892
1923
1923
1920
1920
1895
1895
1930
1930
1900
1900
1918
1918
1917
1917
1910
1910
1894
1894
1923
1923
1932
1926
1932
1926
1895
1895
1883
1883
1914
1914
1910
1910
1933
1933
1920
1920
1896
1896
1902
1902
