1896
1896
1906
1906
1905
1905
1940
1940
1935
1935
1909
1909
1925
1925
1922
1922
1893
1893
1894
1894
1933
1933
1897
1897
1929
1929
1908
1908
1937
1937
1933
1933
1935
1935
1927
1927
1900
1900
1934
1934
1906
1906
1907
1907
1897
1897
1892
1892
1929
1929
1920
1920
1887
1887
1883
1883
1916
1916
1904
1904
1900
1900
1889
1889
1897
1897
1923
1923
1871
1871
1909
1909
1938
1938
1901
1901
1932
1932
1906
1906
1885
1885
1878
1878
1924
1924
1901
1901
1913
1913
1880
1880
1895
1895
1926
1926
1892
1892
1926
1926
1888
1888
1924
1924
1899
1899
1867
1867
1876
1876
1905
1905
1940
1940
1901
1901
1904
1904
1927
1927
1930
1930
1898
1898
1902
1902
1924
1924
1927
1927
1888
1888
1926
1926
1914
1914
1921
1921
1893
1893
1912
1912
1883
1883
1880
1880
1936
1936
1913
1913
1868
1868
1922
1922
1934
1934
1892
1892
1898
1898
1923
1923
1902
1902
1930
1930
1901
1901
1935
1935
1909
1909
1901
1901
1912
1912
1921
1921
1892
1892
1923
1923
1925
1925
1916
1916
1936
1936
1908
1908
1940
1940
1907
1907
