1871
1871
1909
1909
1915
1915
1870
1870
1904
1904
1937
1937
1911
1911
1911
1911
1868
1868
1885
1885
1873
1873
1896
1896
1880
1880
1899
1899
1938
1938
1908
1908
1886
1886
1931
1931
1917
1917
1913
1913
1906
1906
1920
1920
1923
1923
1933
1933
1904
1904
1906
1906
1930
1930
1923
1923
1898
1898
1919
1919
1917
1917
1927
1927
1896
1896
1885
1885
1872
1872
1938
1938
1908
1908
1910
1910
1938
1938
1910
1910
1911
1911
1912
1912
1922
1922
1896
1896
1894
1894
1939
1939
1912
1912
1902
1902
1937
1937
1935
1935
1902
1902
1926
1926
1929
1929
1930
1930
1892
1892
1925
1925
1895
1895
1896
1896
1924
1924
1898
1898
1922
1922
1894
1894
1919
1919
1925
1925
1896
1896
1923
1923
1934
1934
1913
1913
1884
1884
1917
1917
1924
1924
1884
1884
1903
1903
1930
1930
1901
1901
1926
1926
1887
1887
1911
1911
1885
1885
1929
1929
1895
1895
1924
1924
1900
1900
1923
1923
1937
1937
1928
1928
1930
1930
1905
1905
1903
1903
1905
1905
1915
1915
1910
1910
1876
1876
1916
1916
1873
1873
1911
1911
1930
1930
1913
1913
1937
1937
1934
1934
1872
1872
1881
1881
1913
1913
1875
1875
1887
1887
1902
1902
1910
1910
1910
1910
1933
1933
1900
1900
1898
1898
1933
1933
1940
1940
1936
1936
1909
1909
1934
1934
1906
1906
1879
1879
1896
1896
1916
1916
1935
1935
1919
1919
1925
1925
1905
1905
1921
1921
1923
1923
1904
1904
1926
1926
1924
1924
1898
1898
1911
1911
1899
1899
1900
1900
1903
1903
1903
1903
1930
1930
