1921
1908
1933
1932
1905
1878
1927
1923
1914
1915
1909
1913
1881
1909
1884
1933
1911
1892
1926
1925
1923
1898
1903
1932
1913
1921
1879
1909
1917
1875
1914
1877
1912
1894
1924
1914
1912
1884
1878
1911
1911
1919
1916
1925
1923
1924
1861
1941
1884
1914
1897
1926
1920
1890
1932
1894
1921
1925
1918
1907
1911
1903
1909
1907
1882
1912
1938
1925
1883
1885
1899
1935
1932
1905
1903
1930
1919
1925
1880
1924
1917
1910
1883
1889
1880
1888
1889
1883
1932
1928
1914
1915
1934
1915
1912
1937
1940
1910
1912
1942
1943
1910
1906
1921
1923
1925
1902
1929
1892
1908
1912
1923
1884
1884
1907
1887
1887
1938
1938
1923
1897
1897
1911
1911
1893
1905
1932
1932
1914
1888
1914
1911
1922
1925
1892
1913
1892
1943
1916
1897
1871
1903
1922
1908
1909
1933
1927
1901
1898
1922
1868
1868
1915
1890
1914
1914
1904
1934
1926
1904
1901
1930
1894
1895
1930
1900
1900
1897
1912
1917
1903
1914
1907
1891
1923
1926
1932
1907
1923
1897
1928
1938
1932
1926
1900
1887
1917
1915
1915
1922
1922
1910
1884
1932
1900
1908
1919
1920
1922
1924
1924
1912
1884
1886
1916
1884
1877
1874
1873
1885
1897
1918
1893
1920
1929
1927
1923
1928
1899
1926
1914
1890
1924
1911
1910
1912
1911
1920
1924
1926
1922
1905
1922
1925
1890
1915
1910
1934
1903
1929
1904
1886
1935
1926
1928
1900
1907
1910
