1920
1880
1878
1903
1903
1912
1908
1912
1883
1887
1908
1908
1937
1939
1919
1895
1890
1929
1906
1912
1866
1906
1912
1866
1913
1916
1928
1915
1914
1913
1890
1924
1925
1896
1921
1921
1921
1909
1860
1881
1908
1915
1919
1929
1913
1888
1938
1917
1927
1872
1897
1904
1929
1895
1904
1924
1926
1888
1937
1910
1923
1904
1904
1938
1890
1890
1920
1905
1901
1894
1861
1861
1924
1887
1887
1916
1921
1888
1911
1919
1896
1900
1904
1932
1914
1902
1925
1934
1904
1918
1878
1872
1927
1902
1940
1923
1917
1894
1895
1913
1932
1937
1904
1913
1871
1889
1884
1889
1884
1895
1894
1922
1921
1928
1896
1925
1910
1890
1903
1932
1879
1889
1919
1892
1913
1915
1927
1884
1898
1901
1905
1932
1934
1875
1892
1876
1873
1915
1880
1873
1888
1926
1926
1888
1911
1929
1910
1905
1893
1923
1903
1937
1932
1907
1939
1906
1909
1934
1921
1940
1905
1915
1910
1914
1878
1882
1889
1883
1914
1898
1895
1928
1901
1931
1901
1901
1852
1893
1906
1910
1934
1938
1906
1903
1903
1904
1935
1902
1899
1940
1908
1916
1883
1900
1929
1895
1898
1936
1906
1905
1903
1930
1900
1935
1892
1938
1903
1903
1905
1911
1897
1938
1934
1897
1922
1918
1917
1900
1910
1938
1932
1903
1903
1932
1905
1876
1876
1905
1939
1919
1910
1894
1927
1923
1910
1935
1910
1909
1910
1935
1910
1918
1936
1936
1893
1893
1896
1896
1880
1901
1931
1931
1921
1896
1904
1906
1903
1922
1898
1932
1904
1927
1934
1902
1932
1904
1927
1934
1902
1912
1878
1880
1891
1884
1885
1905
1931
1890
1929
1912
1933
1939
1900
1912
1931
1911
1927
1904
