1885
1895
1922
1905
1872
1885
1923
1890
1876
1876
1936
1913
1916
1902
1927
1929
1902
1927
1929
1919
1898
1924
1890
1929
1929
1927
1927
1905
1905
1894
1894
1889
1915
1915
1889
1903
1879
1927
1870
1889
1923
1859
1859
1916
1921
1887
1894
1924
1905
1911
1911
1911
1857
1857
1921
1921
1895
1926
1875
1875
1933
1933
1908
1908
1898
1898
1913
1913
1937
1937
1911
1911
1938
1938
1936
1936
1904
1904
1900
1900
1899
1899
1935
1935
1929
1929
1931
1903
1898
1931
1903
1898
1886
1886
1924
1927
1927
1924
1925
1930
1931
1889
1894
1927
1881
1881
1879
1879
1913
1913
1875
1879
1919
1914
1910
1938
1936
1905
1934
1935
1933
1910
1937
1908
1898
1929
1902
1891
1887
1897
1897
1932
1932
1899
1899
1937
1937
1926
1926
1924
1924
1934
1934
1929
1929
1925
1925
1896
1898
1915
1915
1940
1940
1917
1917
1867
1883
1912
1912
1883
1867
1880
1880
1922
1922
1900
1900
1937
1870
1905
1904
1884
1884
1936
1936
1932
1932
1934
1934
1910
1910
1910
1910
1896
1896
1927
1927
1928
1928
1920
1920
1921
1921
1923
1928
1925
1894
1894
1925
1925
1907
1907
1935
1935
1935
1935
1908
1908
1923
1886
1920
1886
1916
1903
1903
1907
1907
1902
1937
1897
1926
1926
1902
1937
1897
