1927
1911
1898
1891
1891
1897
1883
1911
1881
1883
1905
1863
1899
1897
1925
1898
1923
1911
1884
1912
1878
1887
1896
1906
1887
1903
1908
1894
1896
1872
1897
1878
1922
1903
1923
1925
1925
1884
1874
1927
1892
1895
1927
1923
1927
1899
1890
1914
1923
1923
1886
1888
1897
1918
1890
1900
1902
1888
1880
1924
1919
1888
1898
1889
1914
1885
1919
1881
1890
1878
1911
1876
1873
1896
1930
1913
1880
1908
1884
1892
1898
1903
1908
1879
1887
1886
1899
1895
1917
1882
1888
1877
1914
1870
1895
1879
1871
1900
1881
1890
1924
1894
1914
1888
1926
1879
1916
1892
1913
1891
1910
1903
1877
1921
1876
1879
1874
1889
1902
1891
1906
1895
1891
1913
1907
1871
1891
1878
1886
1923
1921
1921
1890
1885
1885
1921
1875
1897
1897
1881
1901
1922
1881
1887
1881
1874
1865
1888
1924
1922
1890
1926
1923
1889
1907
1875
1888
1889
1922
1924
1885
1908
1913
1903
1897
1872
1896
1895
1879
1911
1922
1924
1885
1888
1886
1926
1890
1876
1899
1925
1900
1888
1911
1885
1926
1888
1885
1882
1878
1898
1888
1920
1925
1890
1890
1910
1925
1912
1883
1928
1887
1891
1923
1894
1862
1885
1900
1899
1921
1886
1901
1889
1908
1902
1896
1913
1907
1906
1900
1903
1893
1898
1903
1877
1879
1881
1876
1881
1914
1896
1897
1886
1906
1926
1912
1888
1905
1895
1893
1896
1897
1905
1923
1925
1914
1896
1919
1906
1897
1897
1881
1891
1887
1914
1916
1923
1897
1905
1925
1887
1892
1879
1896
1906
1924
1918
1880
1899
1898
1892
1887
1912
1892
1912
1913
1887
1919
1919
1912
1877
1879
1887
1919
1878
1910
1891
1919
1879
1878
1876
1925
1875
1892
1911
1920
1887
1880
1882
1916
1888
1921
1927
1896
1888
1919
1899
1914
1925
1928
1907
1914
1884
1887
1869
1906
1913
1924
1893
1896
1915
1915
1925
1907
1898
1909
1902
1909
1925
1894
1889
1888
1876
1882
1881
1911
1901
1889
1924
1923
1906
1911
1877
1917
1878
1912
1887
1882
1907
1904
1895
1897
1896
1896
1868
1874
1899
1884
1923
1894
1898
1884
1920
1894
1912
1903
1922
1910
1895
1924
1890
1922
1896
1898
1892
1878
1925
1902
1892
1921
1877
1923
1891
1894
1926
1913
1909
1902
1896
1866
1923
1922
1891
1875
1895
1895
1893
1925
1879
1877
1874
1881
1913
1875
1904
1897
1894
1873
1883
1912
1880
1882
1886
1906
1892
1924
1889
1916
1901
1926
1872
1895
1894
1920
1925
1900
1898
1929
1929
1923
1894
1896
1923
1895
1893
1925
1922
1892
1923
1927
1890
1914
1915
1926
1889
1878
1921
1889
1884
1883
1923
1896
1922
1892
1869
1922
1889
1890
