1913
1901
1898
1923
1908
1898
1868
1869
1898
1896
1930
1928
1916
1922
1901
1908
1882
1932
1919
1933
1937
1939
1918
1915
1927
1908
1888
1921
1908
1882
1908
1879
1920
1919
1936
1940
1913
1897
1914
1917
1887
1928
1924
1890
1909
1910
1932
1901
1910
1897
1894
1922
1898
1919
1914
1890
1917
1876
1915
1912
1918
1900
1920
1925
1889
1885
1880
1922
1885
1890
1932
1906
1907
1908
1896
1887
1887
1903
1870
1920
1892
1891
1898
1898
1928
1902
1877
1902
1892
1896
1929
1923
1899
1911
1937
1924
1912
1884
1882
1896
1875
1869
1897
1910
1912
1891
1886
1886
1903
1909
1937
1900
1871
1904
1905
1928
1910
1876
1870
1875
