1917
1934
1906
1931
1907
1940
1896
1929
1925
1914
1908
1918
1915
1914
1939
1880
1923
1925
1906
1904
1867
1917
1903
1880
1918
1897
1868
1886
1914
1886
1924
1919
1913
1891
1878
1893
1927
1921
1892
1909
1909
1910
1913
1923
1894
1920
1924
1891
1927
1887
1926
1923
1906
1898
1934
1904
1935
1933
1906
1901
1910
1912
1903
1880
1911
1875
1892
1910
1940
1914
1922
1903
1922
1923
1921
1894
1866
1920
1916
1913
1875
1912
1902
1877
1895
1895
1900
1927
1931
1925
1920
1882
1932
1903
1936
1910
1907
1937
1924
1896
1907
1884
1923
1927
1913
1884
1916
1883
1913
1908
1934
1939
1939
1903
1906
1889
1912
1928
1882
1931
1903
1933
1914
1913
1913
1892
1907
1931
1918
1925
1927
1918
1929
1896
1887
1893
1934
1888
1923
1927
1931
1937
1904
1924
1901
1932
1908
1942
1935
1909
1910
1924
1914
1916
1921
1896
1924
1917
1895
1927
1896
1932
1943
1907
1930
1904
1893
1940
1892
1935
1926
1902
1931
1901
1929
1903
1869
1904
1900
1934
1931
1936
1878
1873
1910
1875
1911
1913
1879
1927
1927
1902
1932
1937
1935
1894
1905
1895
1900
1912
1928
1874
1913
1923
1914
1926
1910
1931
1893
1935
1914
1939
1908
1915
1898
1914
1932
1904
1937
1897
1897
1903
1912
1902
1881
1880
1935
1908
1912
1926
1867
1895
1902
1932
1903
1905
1937
1908
1908
1882
1925
1913
1876
1905
1888
1916
1919
1921
1891
1910
1892
1923
1875
1893
1886
1923
1924
1888
1889
1926
1904
1904
1903
1913
1880
1931
1864
1908
1915
1894
1893
1921
1901
1936
1903
1899
1926
1891
1921
1939
1904
1901
1929
1890
1919
1924
1888
1925
1926
1905
1900
1913
1938
1909
1936
1911
1882
1916
1931
1887
1922
1920
1887
1926
1897
1926
1928
1928
1902
1937
1881
1908
1880
1922
1923
1926
1883
1917
1938
1907
1895
1895
1901
1912
1914
1894
1894
1933
1928
1926
1901
1931
1937
1919
1913
1881
1923
1885
1941
1907
1887
1880
1914
1915
1910
1938
1881
1874
1893
1918
1943
1936
1908
