1871
1860
1899
1887
1887
1890
1911
1888
1879
1873
1884
1927
1876
1927
1900
1893
1888
1904
1904
1875
1869
1897
1902
1900
1912
1939
1874
1877
1931
1928
1895
1891
1892
1894
1921
1903
1939
1898
1898
1941
1882
1911
1938
1900
1911
1940
1927
1884
1896
1919
1892
1893
1889
1933
1930
1898
1923
1896
1924
1928
1892
1880
1922
1918
1880
1880
1915
1906
1903
1904
1888
1880
1887
1878
1876
1901
1906
1891
1877
1883
1875
1873
1884
1906
1908
1934
1900
1929
1899
1928
1885
1912
1911
1933
1901
1869
1879
1902
1870
1927
1877
1878
1925
1925
1898
1934
1930
