1913
1933
1937
1890
1937
1918
1926
1919
1906
1918
1885
1889
1882
1887
1918
1896
1919
1912
1909
1896
1926
1899
1935
1907
1887
1891
1921
1923
1913
1917
1931
1893
1924
1895
1922
1914
1900
1936
1905
1923
1934
1910
1917
1905
1909
1925
1921
1917
1909
1918
1913
1883
1883
1911
1915
1940
1904
1907
1916
1909
1916
1880
1905
1904
1894
1900
1936
1911
1903
1926
1918
1925
1903
1936
1934
1910
1874
1916
1910
1890
1889
1929
1914
1918
1910
1917
1925
1929
1898
1923
1907
1938
1914
1931
1917
1907
1930
1888
1926
1927
1895
1930
1924
1906
1908
1909
1904
1930
1925
1927
1889
1897
1916
1904
1918
1915
1880
1919
1911
1904
1899
1934
1911
1919
1925
1923
1942
1896
1879
1936
1906
1906
1903
1926
1929
1905
1927
1931
1904
1938
1916
1920
1918
1933
1904
1930
1894
1931
1912
1909
1911
1904
1939
1916
1899
1932
1931
1903
1915
1916
1888
1924
1915
1922
1922
1930
1916
