1931
1904
1902
1882
1904
1887
1930
1908
1871
1893
1880
1928
1894
1910
1873
1878
1864
1864
1891
1890
1889
1922
1896
1883
1895
1882
1916
1877
1871
1882
1914
1905
1865
1890
1915
1879
1890
1919
1906
1892
1911
1925
1921
1935
1899
1894
1887
1910
1880
1864
1912
1899
1894
1896
1864
1884
1876
1896
1890
1882
1914
1887
1898
1888
1885
1877
1896
1936
1904
1906
1915
1868
1895
1906
1867
1868
1869
1878
1859
1871
1877
1889
1903
1870
1889
1875
1919
1872
1928
1887
1886
1895
1938
1878
1878
1878
1878
1875
1928
1901
1884
1904
1910
1899
1896
1882
1905
1898
1878
1878
1890
1923
1923
1899
1892
1865
1867
1880
1884
1850
1887
1887
1886
1929
1901
1929
1926
1929
1902
1903
1903
1872
1889
1906
1924
1889
1909
1904
1904
1866
1895
1870
1938
1861
1868
