1893
1920
1927
1894
1892
1923
1925
1879
1913
1910
1879
1921
1941
1879
1916
1910
1877
1912
1930
1925
1933
1927
1924
1922
1919
1896
1897
1923
1907
1881
1900
1879
1923
1924
1890
1900
1922
1920
1927
1929
1929
1908
1908
1896
1911
1904
1911
1887
1880
1925
1878
1934
1902
1879
1913
1939
1899
1932
1931
1936
1880
1891
1919
1927
1919
1933
1924
1930
1911
1927
1892
1919
1890
1908
1910
1905
1912
1935
1939
1910
1910
1904
1937
1917
1902
1900
1922
1909
1875
1912
1917
1887
1909
1894
1922
1882
1918
1920
1928
1888
1924
1892
1894
1911
1886
1908
1888
1910
1918
1899
1922
1918
1923
1910
1877
1876
1912
1921
1874
1874
1924
1912
1881
1927
1918
1880
1914
1924
1928
1930
1926
1932
1904
1936
1903
1880
1906
1931
1936
1932
1904
1924
1922
1931
1876
1884
1911
1922
1920
1929
1926
1906
1897
1920
1897
1922
1924
1894
1916
1883
1921
1925
1877
1875
1907
1899
1940
1912
1930
1894
1893
1928
1876
1875
1875
1906
1900
1898
1911
1939
1914
1920
1919
1912
1933
1887
1921
1928
1924
1884
1910
1929
1903
1932
1893
1919
1913
