1931
1901
1926
1928
1912
1915
1919
1895
1932
1933
1906
1934
1888
1923
1899
1923
1926
1899
1929
1905
1902
1934
1891
1927
1923
1896
1890
1931
1914
1900
1927
1922
1928
1908
1924
1907
1903
1902
1903
1914
1902
1901
1925
1902
1904
1936
1912
1909
1865
1901
1932
1903
1923
1888
1887
1886
1907
1929
1922
1917
1891
1935
1922
1916
1925
1906
1920
1928
1914
1912
1905
1906
1922
1924
1908
1913
1937
1933
1922
1918
1908
1934
1936
1938
1905
1931
1898
1914
1913
1939
1910
1884
1925
1926
1927
1925
1929
1894
1878
1870
1903
1915
1912
1906
1901
1912
1907
1896
1896
1929
1929
1901
1925
1925
1929
1901
1927
1930
1933
1889
1926
1922
1925
1903
1933
1928
1896
1920
1924
1888
1924
1887
1874
1907
1906
1909
1930
1909
1934
1936
1903
1930
1927
1908
1914
1914
1905
1938
1931
1902
