1923
1896
1895
1901
1921
1919
1923
1897
1912
1911
1938
1875
1873
1913
1899
1891
1927
1941
1882
1907
1912
1882
1905
1911
1909
1909
1910
1895
1919
1924
1890
1908
1870
1874
1913
1910
1939
1902
1933
1933
1926
1913
1916
1919
1919
1913
1908
1873
1867
1870
1935
1907
1937
1910
1932
1911
1910
1907
1882
1905
1935
1931
1903
1886
1935
1909
1918
1875
1910
1914
1895
1930
1893
1922
1901
1925
1931
1918
1920
1896
1891
1929
1927
1923
1923
1925
1896
1919
1895
1907
1903
1903
1923
1931
1932
1937
1883
1881
1925
1918
1905
1936
1907
1910
1908
1910
1939
1910
1896
1921
1898
1888
1912
1888
1912
1897
1918
1937
1925
1884
1884
1912
1892
1922
1925
1886
1920
1928
1914
1934
1925
1891
1906
1938
1894
1936
1932
1893
1925
1921
1910
1911
1903
1904
1912
1897
1901
1936
1880
1924
1903
1910
1918
1928
1925
1924
1895
1873
1873
1914
1911
1914
1890
1893
1918
1923
1915
1909
1939
1899
1878
1910
1906
1911
1870
1927
1888
1921
1889
1916
1919
1882
1925
1902
1935
1898
1924
1930
1936
1928
1923
1923
1914
1921
1887
1919
1870
1910
1888
1921
1897
1893
1917
1930
1928
1913
1892
1902
1942
1891
1905
1932
1890
1926
1886
1927
1931
1900
1881
1873
1919
1931
1899
1920
1919
1923
1928
1904
1907
1898
1898
1899
1923
1924
1914
1882
1891
1925
1919
1915
1905
1908
1925
1887
