1921
1921
1917
1917
1926
1926
1913
1913
1898
1898
1922
1922
1916
1916
1909
1909
1905
1905
1918
1918
1944
1944
1900
1900
1903
1903
1919
1919
1919
1919
1884
1884
1917
1917
1923
1923
1910
1910
1921
1921
1914
1914
1899
1899
1899
1899
1927
1927
1934
1934
1898
1898
1929
1929
1902
1902
1874
1874
1926
1926
1901
1901
1900
1900
1928
1928
1899
1899
1903
1903
1894
1894
1933
1933
1924
1924
1894
1894
1907
1907
1909
1909
1938
1938
1922
1922
1897
1897
1921
1921
1904
1904
1937
1937
1907
1907
1906
1906
1906
1906
1931
1931
1933
1933
1908
1908
1907
1907
1903
1903
1907
1907
1909
1909
1898
1898
1924
1924
1928
1928
1918
1918
1918
1918
1900
1900
1903
1903
