1914
1912
1907
1897
1928
1890
1921
1923
1942
1917
1937
1914
1937
1939
1910
1938
1903
1935
1910
1914
1882
1912
1923
1932
1908
1919
1910
1912
1892
1882
1920
1913
1875
1924
1922
1887
1883
1924
1911
1880
1911
1906
1905
1880
1918
1907
1924
1938
1902
1914
1908
1904
1902
1924
1894
1939
1937
1909
1905
1878
1893
1914
1907
1893
1884
1912
1902
1921
1908
1901
1939
1936
1916
1905
1879
1907
1935
1908
1910
1937
1937
1917
1939
1911
1911
1886
1933
1912
1936
1922
1879
1881
1936
1924
1933
1908
1903
1901
1936
1914
1875
1891
1911
1885
1922
1878
1906
1921
1940
1920
1901
1899
1897
1930
1898
1923
1898
1931
1896
1927
