1926
1940
1906
1879
1925
1933
1908
1906
1924
1916
1874
1928
1926
1923
1892
1923
1928
1894
1901
1915
1938
1912
1931
1905
1912
1904
1883
1928
1918
1892
1930
1904
1908
1937
1902
1933
1905
1934
1888
1923
1904
1935
1921
1900
1900
1922
1875
1894
1932
1879
1904
1941
1905
1901
1905
1890
1924
1912
1928
1924
1925
1895
1900
1904
1925
1904
1913
1913
1910
1932
1940
1906
1914
1913
1911
1906
1875
1909
1898
1907
1932
1934
1905
1941
1907
1933
1929
1898
1922
1924
1927
1927
1923
1892
1920
1920
1926
1920
1918
1893
1895
1928
1884
1911
1918
1912
1905
1890
1927
1922
1928
1899
1930
1900
1913
1923
