1914
1893
1886
1900
1900
1936
1920
1924
1914
1919
1940
1901
1934
1934
1915
1896
1880
1938
1933
1925
1880
1875
1908
1892
1886
1889
1878
1880
1900
1888
1936
1936
1877
1900
1900
1894
1906
1901
1913
1885
1903
1911
1915
1866
1887
1938
1881
1911
1903
1885
1913
1903
1927
1896
1918
1883
1901
1929
1889
1934
1913
1938
1913
1938
1910
1896
1905
1924
1939
1925
1944
1939
1911
1873
1868
1935
1904
1906
1896
1892
1899
1931
1866
1915
1903
1906
1896
1924
1914
1940
1887
1879
1904
1916
1899
1924
1913
1910
1905
1923
1896
1922
1928
1910
1904
1901
1922
1884
1914
1939
1924
1906
1884
1898
1932
1924
1885
1889
1906
1935
1930
1908
1920
1930
1888
1892
1922
1887
1878
1897
1870
1913
1918
1865
1924
1908
1888
1900
1905
1919
1886
1936
1897
1909
1932
1937
1923
1913
1915
1884
1886
1899
1923
1891
1920
1904
1898
1907
1880
1924
1874
1936
1932
1921
1902
1873
1888
1902
1879
1873
1928
1938
1934
1891
1929
1907
1897
1896
1929
1932
1890
1867
1926
1899
1897
1884
1891
1933
1924
1906
1935
1922
1908
1878
1906
1926
1894
1892
1902
1890
1874
1879
1902
1896
1874
1904
1895
1897
1940
1896
1879
1892
1923
1938
1905
1890
1881
1901
1925
1930
1913
1892
1899
1902
1931
1865
1931
1934
1928
1927
1914
1903
1934
1931
1896
1895
1931
1899
1890
1891
