1914
1923
1917
1897
1919
1920
1895
1897
1922
1932
1930
1937
1925
1899
1890
1918
1924
1924
1873
1875
1906
1912
1917
1922
1883
1883
1910
1930
1909
1888
1911
1916
1923
1921
1888
1937
1933
1900
1929
1889
1918
1890
1928
1927
1899
1932
1910
1929
1894
1923
1909
1936
1886
1930
1924
1890
1922
1910
1927
1937
1911
1908
1875
1893
1885
1887
1914
1878
1924
1886
1881
1916
1909
1943
1913
1909
1900
1880
1918
1883
1928
1909
1930
1907
1919
1926
1883
1909
1912
1887
1885
1904
1912
1878
1910
1875
1921
1880
1924
1884
1875
1940
1940
1905
1905
1905
1913
1879
1920
1925
1891
1912
1923
1926
1886
1915
1905
1877
1898
1913
1909
1874
1931
1928
1930
1901
1897
1922
1922
1887
1929
1921
1925
1925
1901
1899
1901
1897
1929
1901
1917
1908
1909
1922
1922
1884
1906
1905
1932
1928
1898
1912
1932
1896
1928
1925
1896
1916
1923
1891
1909
1882
1912
1940
1907
1916
1910
1883
1873
1910
1886
1873
1900
1935
1926
1897
1924
1926
1888
1925
1931
1933
1911
1938
1876
1927
1865
1929
1890
1919
1882
1927
1935
1922
1924
1867
1935
1870
1916
1920
1870
1893
1934
1936
1907
1902
1919
1919
1921
1883
1883
1924
1915
1934
1932
1909
1923
1914
1886
1886
1926
1936
1928
1932
1904
1928
1895
1927
1927
1937
1904
1896
1930
1928
1932
1911
1908
1929
1922
1889
1925
1896
1908
1894
1928
1894
1890
1904
1907
1930
1918
1924
1923
1885
1927
1885
1933
1936
1902
1902
1917
1930
1926
1922
1903
1867
1903
1911
1894
1929
1896
1917
1931
1876
1883
1902
1885
1920
1920
1899
1924
1926
1923
1914
