1908
1898
1876
1881
1899
1907
1906
1909
1906
1921
1898
1898
1925
1910
1887
1911
1924
1907
1926
1913
1917
1898
1917
1896
1916
1900
1909
1907
1913
1884
1894
1906
1901
1921
1897
1921
1888
1881
1897
1915
1896
1885
1908
1910
1905
1915
1917
1921
1894
1923
1898
1919
1907
1894
1899
1918
1880
1906
1881
1919
1926
1883
1910
1926
1923
1884
1921
1902
1921
1908
1926
1901
1904
1887
1896
1886
1921
1897
1875
1907
1898
1909
1869
1923
1909
1895
1894
1908
1905
1920
1898
1876
1894
1889
1885
1901
1898
1897
1910
1884
1910
1912
1911
1915
1890
1910
1902
1890
1888
1898
1885
1920
1893
1909
1887
1888
1900
1879
1909
1913
1909
1901
1899
1902
1897
1907
1905
1886
1909
1907
1911
1907
1887
1920
1883
1913
1910
1892
1896
1885
1889
1907
1907
1878
1879
1906
1901
1911
1908
1914
1905
1903
1904
1910
1913
1908
1876
1896
1900
1901
1901
1890
1896
1903
1899
1879
1884
1882
1901
1924
1925
1910
1904
1893
1907
1888
1892
1914
1887
1882
1905
1892
1900
1863
1904
1900
1901
1901
1886
1900
1889
1906
1899
1906
1904
1897
1903
1907
1896
1901
1897
1894
1894
1919
1889
1919
1918
1893
1908
1909
1914
1873
1902
1901
1912
1884
1920
1885
1886
1877
1909
1896
1908
1906
1894
1896
1917
1876
1907
1899
1897
1916
1921
1897
1882
1885
1890
1923
1923
1889
1915
1916
1902
1896
1912
1895
1918
1887
1898
1917
1892
1882
1925
1919
1889
1919
1897
1887
1919
1921
1882
1900
1900
1915
1887
1915
1898
1883
1894
1908
1910
1908
1917
1912
1924
1911
1897
1921
1884
1898
1905
1903
1896
1887
1891
1917
1898
1901
1903
1891
1890
1895
1897
1894
1903
1920
1902
1891
1915
1885
1922
1888
1920
1898
1888
1892
1908
1880
1909
1897
1873
1892
1890
1894
1877
1898
1899
1923
1906
1895
1903
1898
1892
1901
1904
1895
1899
1916
1921
1910
1908
1886
1916
1897
1892
1910
1906
1911
1905
1901
1901
