1934
1934
1940
1940
1910
1910
1909
1909
1877
1877
1877
1877
1901
1901
1923
1923
1921
1921
1928
1928
1893
1893
1891
1891
1897
1897
1901
1901
1930
1930
1876
1876
1928
1928
1896
1896
1933
1933
1908
1908
1883
1883
1881
1881
1885
1885
1929
1929
1923
1923
1926
1926
1914
1914
1921
1921
1894
1894
1891
1891
1885
1885
1924
1924
1880
1880
1915
1915
1933
1933
1904
1904
1865
1865
1911
1911
1940
1940
1926
1926
1884
1884
1887
1887
1900
1900
1931
1931
1899
1899
1926
1926
1899
1899
1924
1924
1926
1926
1930
1930
1894
1894
1923
1923
1893
1893
1925
1925
1900
1900
1922
1922
1903
1903
1893
1893
1867
1867
1928
1928
1888
1888
