1874
1913
1871
1907
1928
1910
1882
1883
1888
1887
1916
1891
1901
1928
1898
1918
1928
1928
1923
1885
1919
1899
1922
1883
1874
1910
1902
1928
1898
1918
1897
1927
1931
1876
1896
1897
1923
1921
1925
1935
1915
1902
1903
1917
1887
1918
1917
1876
1910
1904
1887
1885
1912
1910
1940
1905
1912
1938
1882
1887
1942
1940
1936
1907
1904
1897
1908
1877
1929
1925
1908
1914
1917
1907
1937
1878
1884
1914
1917
1927
1912
1889
1819
1909
1916
1886
1924
1922
1887
1925
1884
1924
1910
1937
1910
1909
1904
1904
1937
1917
1887
1918
1920
1894
1867
1904
1928
1901
1895
1891
1926
1899
1904
1888
1891
1920
1897
1900
1936
1930
1897
1913
1942
1939
1917
1914
1897
1897
1897
1918
1885
1868
1927
1900
1908
1894
1891
1875
1911
1908
1935
1879
1925
1897
1927
1928
1921
1897
1937
1914
1938
1939
1912
1910
1913
1929
1901
1931
1878
1917
1885
1885
1919
1917
1922
1892
1890
1915
1912
1908
1873
1902
1907
1881
1914
1915
1908
1936
1907
1884
1922
1884
1913
1887
1908
1937
1908
1914
1920
