1909
1910
1922
1925
1890
1935
1910
1919
1893
1923
1895
1917
1930
1891
1942
1916
1893
1908
1915
1939
1916
1917
1904
1900
1928
1931
1906
1902
1913
1914
1916
1936
1907
1902
1913
1912
1919
1923
1924
1893
1884
1937
1910
1940
1911
1944
1894
1918
1935
1912
1914
1925
1913
1913
1930
1928
1939
1905
1935
1927
1896
1939
1932
1910
1910
1915
1919
1896
1896
1921
1911
1915
1917
1902
1921
1926
1903
1889
1916
1931
1905
1937
1907
1923
1917
1913
1904
1918
1890
1888
1921
1916
1909
1939
1914
1908
1926
1928
1897
1921
1895
1930
1923
1917
1933
1936
1901
1934
1895
1927
1895
1926
1907
1907
1903
1898
1891
1927
1910
1921
1890
1886
1930
1890
1930
1939
1910
1928
1895
1906
1939
1909
1939
1912
1887
1943
1908
1923
1885
1884
1918
1901
1894
1921
1915
1920
1919
1887
1922
1922
1915
1912
1911
1901
1910
1908
1936
1911
1903
1922
1935
1938
1917
1905
1919
1893
1925
1929
1907
1933
1883
1922
1879
1887
1923
1906
1910
1872
1910
1906
1915
1898
1934
1924
1898
1934
1885
1914
1890
1914
1920
1930
1890
1922
1928
1925
1910
1908
1907
1916
1938
1893
1924
1939
1883
1912
1908
1923
1925
1908
1876
1903
1907
1914
1874
1896
1922
1922
1892
1926
1914
1907
1923
1937
1905
1907
1926
1904
1930
1933
1931
1906
1905
1930
1901
1925
1928
1923
1889
1929
1922
1889
1920
1922
1910
1890
1908
1922
1925
1933
1898
1936
1907
1931
1912
1912
1902
1943
1909
1931
1904
1937
1933
1922
1924
1928
1928
1915
1914
1909
1910
1940
1932
1909
1899
1931
1935
1904
1901
1885
1875
1903
1938
1910
1905
1929
1900
1927
1902
1933
1910
1910
1910
1909
1932
1909
1906
1928
1897
1924
1909
1898
1929
1900
1907
1928
1930
1905
1910
1931
1925
1922
1893
1928
1915
1940
1915
1937
1913
1932
1942
1926
1894
1897
1929
1929
1905
1889
1927
1926
1908
1909
1914
1909
1907
1909
1905
1901
1919
1920
1916
1922
1922
1896
1912
1925
1926
1931
1894
1874
1940
1908
1939
1907
1928
1932
1935
1919
1929
1902
1916
1901
1930
1904
1929
1894
1898
1929
1933
1918
1900
1931
1927
1925
1895
1923
1926
1898
1895
1883
1925
1915
1923
1936
1913
1908
1929
1920
1927
1926
1917
1942
1917
1910
1928
1908
1897
1935
1941
1911
1933
1925
1907
1899
1916
1921
1916
1927
1925
1917
1886
1886
1914
1917
1914
1914
1913
1941
1915
1902
1893
1893
1921
1892
1923
1889
1889
1938
1922
1935
1920
1937
1938
1905
1903
