1900
1899
1901
1879
1877
1921
1888
1886
1861
1881
1916
1894
1900
1920
1889
1876
1926
1905
1883
1924
1889
1938
1877
1881
1888
1873
1881
1893
1928
1896
1883
1895
1874
1898
1930
1898
1868
1898
1860
1888
1889
1883
1897
1899
1889
1873
1893
1891
1888
1890
1880
1891
1895
1886
1870
1881
1915
1885
1873
1924
1878
1926
1893
1880
1892
1881
1880
1900
1866
1903
1888
1901
1923
1923
1891
1897
1897
1891
1889
1879
1880
1883
1885
1877
1901
1898
1925
1901
1896
1883
1885
1892
1885
1878
1877
1894
1930
1900
1890
1896
1877
1881
1903
1894
1874
1879
1892
1883
1878
1924
1894
1921
1930
1902
1884
1881
1878
1891
1904
1890
1926
1885
1893
1882
1923
1908
1935
1878
1905
1885
1882
1868
1903
1890
1880
1884
1894
1896
1931
1862
1885
1936
1895
1890
1905
1922
1887
1883
1876
1896
1884
1899
1900
1928
1893
1886
1877
1919
1886
1929
