1915
1936
1934
1915
1908
1879
1881
1878
1912
1911
1910
1916
1921
1908
1911
1888
1898
1932
1901
1925
1927
1893
1898
1928
1922
1919
1923
1923
1917
1912
1915
1911
1918
1906
1899
1935
1918
1879
1877
1917
1896
1888
1926
1923
1887
1916
1896
1880
1916
1890
1921
1919
1924
1914
1902
1898
1937
1899
1935
1904
1881
1900
1869
1905
1904
1910
1880
1916
1916
1929
1908
1930
1910
1931
1942
1889
1920
1918
1881
1910
1938
1907
1923
1940
1904
1901
1902
1936
1929
1924
1892
1934
1905
1895
1898
1883
1895
1886
1912
1907
1902
1915
1938
1895
1929
1896
1917
1916
1925
1884
1915
1884
1882
1917
1891
1928
1934
1902
1907
1875
1938
1914
1912
1878
1933
1904
1936
1913
1905
1930
1930
1924
1896
1927
1927
1895
1929
1938
1920
1922
1924
1885
1900
1896
1931
1932
1903
1897
1905
1898
1900
1922
1926
1895
1880
1922
1880
1914
1913
1880
1914
1914
1929
1895
1927
1925
1888
1918
1885
1883
1921
1915
1916
1928
1904
1925
1895
1885
1904
1916
1922
1910
1913
1929
1902
1898
1914
1917
1916
1912
1878
1912
1932
1905
1902
1935
1912
1880
1914
1910
1893
1922
1878
1913
1882
1928
1900
1887
1923
1939
1933
1905
1895
1920
1886
1919
1928
1886
1913
1918
1914
1900
1903
1935
1937
1898
1904
1930
1926
1902
1931
1901
1929
1915
1915
1891
1927
1883
1882
1917
1883
1916
1914
1910
1919
1925
1890
1920
1890
1927
1924
1925
1897
1883
1912
1886
1923
1901
1906
1891
1888
1892
1931
1882
1879
1932
1913
1919
1922
1899
1897
1923
1930
1933
1891
1891
1914
1910
1873
1875
1942
1911
1916
1917
1889
1897
1926
1924
1900
1928
1903
1916
1878
1914
1912
1912
1939
1908
1913
1914
1914
1900
1917
1912
1912
1931
1915
1880
1925
1920
1928
1889
1902
1907
1878
1922
1926
1893
1889
1932
1902
1893
1929
1924
1889
1906
1917
1910
1932
1927
1924
1927
1924
1900
1936
1897
1888
1922
1908
1909
1909
1943
1884
1869
1896
1889
1892
1923
1913
1886
1880
1913
1902
1878
1885
1910
1889
1908
1932
1896
1903
1936
1934
1913
1901
1915
1908
1939
1904
1868
1861
1908
1910
1884
1913
1939
1906
1928
1941
1934
1880
1884
1912
1911
1916
1880
1915
1877
1924
1887
1915
1912
1917
1878
1915
1891
1916
1887
1918
1923
1932
1919
1930
1875
1910
1908
1892
1878
1907
1934
1912
1942
1926
1917
1892
1929
1924
1914
1878
1921
1910
1923
1898
1928
1913
1894
1927
1929
1925
1877
1909
1915
1913
1890
1899
1926
1890
1941
1930
1903
1915
1925
1911
1913
1915
1888
1912
1929
1925
