1910
1924
1927
1901
1899
1916
1925
1923
1929
1893
1900
1939
1913
1875
1883
1919
1910
1884
1925
1891
1890
1939
1911
1916
1915
1920
1897
1917
1928
1894
1939
1904
1934
1920
1878
1904
1916
1908
1905
1932
1877
1906
1885
1856
1892
1933
1897
1902
1887
1872
1927
1930
1906
1904
1924
1930
1904
1906
1888
1892
1916
1878
1920
1931
1922
1892
1924
1880
1912
1917
1908
1907
1909
1939
1913
1930
1928
1896
1934
1898
1927
1869
1914
1910
1913
1912
1904
1936
1906
1910
1935
1935
1910
1932
1912
1880
1915
1908
1939
1896
1931
1902
1908
1909
1914
1897
1924
1901
1908
1873
1932
1900
1935
1897
1883
1918
1920
1916
1883
1914
1922
1919
1885
1927
1924
1891
1931
1917
1911
1916
1888
1886
1921
1882
1885
1920
1902
1933
1906
1916
1891
1875
1905
1929
1875
1905
1874
1889
1927
1926
1905
1916
1913
1934
1937
1940
1887
1888
1890
1920
1890
1922
1933
1906
1937
1878
1913
1905
1915
1887
1887
1891
1897
1911
1913
1881
1876
1907
1918
1921
1902
1930
1929
1927
1932
1901
