1870
1897
1872
1886
1882
1871
1886
1895
1888
1878
1877
1869
1867
1873
1875
1868
1872
1894
1880
1892
1873
1871
1875
1887
1868
1873
1901
1877
1865
1888
1878
1880
1876
1895
1915
1880
1870
1900
1886
1874
1884
1896
1877
1881
1911
1919
1886
1883
1901
1896
1892
1897
1896
1887
1872
1901
1931
1896
1866
1885
1902
1902
1896
1878
1866
1885
1924
1909
1897
1930
1871
1927
1889
1900
1878
1868
1869
1904
1895
1926
1924
1883
1894
1869
1875
1879
1884
1887
1879
1901
1878
1876
1881
1874
1867
1887
1893
1879
1878
1900
1903
1875
1921
1920
1894
1881
1923
1868
1882
1880
1887
1875
1892
1874
1867
1877
1878
1902
1885
1883
1871
1872
1890
1891
1894
1888
1875
1899
1895
1933
1878
1905
1870
1895
1879
1882
1886
1880
1885
1894
1894
1901
1871
1885
1864
1880
1875
1872
1872
1897
1882
1894
1887
1879
1872
1870
1898
1929
1864
1875
1887
1881
1895
1873
1871
1913
1911
1874
1893
1885
1896
1927
1928
1892
1877
1879
1873
1892
1876
1889
1871
1895
1899
1893
1882
1887
1881
1883
1876
1871
1928
1900
1915
1873
1880
1877
1882
1884
1889
1890
1884
1880
1872
1889
1881
1879
1881
1881
1885
1870
1884
1875
1882
1882
1883
1889
1885
1885
1881
1905
1900
1891
1888
1922
1876
1888
1875
1895
1894
1894
1877
1878
1878
1871
1883
1877
1876
1880
1870
1895
1877
1887
1883
1903
1881
1882
1873
1875
1868
1870
1883
1891
1881
1869
1888
1879
1876
1883
1874
1897
1864
1887
1873
1886
1874
1902
1869
1865
1889
1877
1886
1874
1870
1911
1870
1905
1884
1879
1880
1877
1863
1891
1880
1925
1907
1886
1870
1890
1879
1922
1898
1888
1870
1877
1872
1940
1875
1872
1875
1894
1887
1880
1866
1882
1898
1905
1879
1869
1866
1871
1869
1886
1865
1871
1864
1889
1893
1885
1884
1863
1873
1892
1889
1896
1903
1888
1891
1901
1890
1891
1885
1884
1913
1882
1873
1883
1887
1879
1877
1881
1886
1876
1878
1882
1866
1874
1873
1866
1890
1879
1874
1915
1873
1874
1886
1874
1888
1880
1877
1879
1866
1921
1913
1885
1873
1871
1887
1892
1878
1896
1884
1880
1891
1879
1877
1890
1873
1879
1875
1905
1881
1882
1872
1893
1877
1878
1867
1876
1877
1919
1879
1894
1890
1901
1865
1883
1873
1878
1902
1861
1876
1890
1885
1892
1883
1881
1886
1891
1867
1921
1888
1882
1872
1881
1877
1874
1875
1873
1875
1875
1869
1885
1870
1888
1897
1881
1874
1871
1876
1867
1876
1882
1879
1881
1889
1869
1872
1881
1886
1867
1874
1873
1889
1888
1874
1872
1879
1891
1925
1900
1866
1869
1897
1881
1875
1884
1874
1892
1904
1888
1886
1883
1872
1906
1881
1868
1876
1874
1881
1884
1867
1873
1899
1888
1912
1899
1879
1879
1880
1867
1879
1907
1877
1885
1889
1877
1875
1879
1874
1887
1879
1871
1876
1878
1870
1898
1875
1897
1875
1880
1878
1901
1875
1875
1883
1912
1877
1880
1874
1871
1876
1894
1899
1909
1902
1880
1867
1875
1867
1879
1880
1878
1881
1875
1931
1931
1898
1875
1875
1888
1877
1873
1878
1876
1876
1893
1886
1881
1896
1876
1881
1885
1925
1879
1878
1891
1883
1883
1884
1879
1870
1898
1882
1882
1892
1877
1871
1873
1878
1872
1879
1909
1875
1878
1862
1874
1874
1881
1872
1877
1878
1869
1893
1895
1894
1879
1879
1891
1883
1891
1876
1900
1893
1876
1872
1863
1884
1888
1886
1909
1886
1883
1890
1882
1877
1926
1905
1933
1926
1896
1903
1875
1878
1869
1876
1887
1877
1875
1875
1870
1874
1878
1874
1869
1875
1879
1893
1929
1893
1876
1892
1927
1924
1881
1893
1879
1887
1886
1887
1875
1877
1914
1872
1881
1883
1875
1883
1897
1885
1885
1876
1859
1923
1921
1891
1874
1875
1882
1876
1895
1869
1906
1895
1927
1867
1892
1872
1885
1882
1879
1904
1871
1883
1884
1871
1878
1882
1877
1880
1869
1872
1892
1868
1878
1875
1889
1900
1871
1891
1873
1872
1881
1877
1879
1870
1862
1876
1881
1897
1863
1873
1873
1872
1882
1881
1882
1882
1877
1870
1919
1876
1874
1880
1878
1875
1887
1928
1900
1889
1924
1922
1890
1887
1872
1886
1905
1871
1902
1892
1875
1872
1888
1927
1898
1874
1930
1931
1867
1901
1873
1882
1886
1899
1883
1877
1895
1876
1876
1876
1882
1879
1874
1874
1875
1907
1863
1872
1892
1878
1897
1886
1886
1894
1924
1926
1881
1887
1886
1877
1878
1890
1869
1888
1895
1885
1903
1898
1867
1867
1879
1877
1880
1882
1872
1890
1886
1874
1878
1863
1906
1892
1881
1884
1881
1916
1904
1877
1873
1871
1904
1875
1867
1893
1876
1890
1886
1897
1880
1880
1885
1924
1889
1890
1870
1875
1887
1894
1870
1870
1871
1871
1886
1878
1888
1881
1891
1892
1882
1880
1900
1928
1930
1887
1868
1882
1876
1880
1890
1889
1896
1892
1881
1895
1876
1868
1875
1875
1878
1889
1895
1884
1873
1881
1877
1882
1895
1883
1888
1870
1903
1895
1883
1906
1902
1874
1931
1901
1883
1865
1891
1877
1878
1877
1881
1896
1881
1885
1894
1929
1937
1919
1889
1882
1920
1872
1901
1901
1896
1901
1938
1921
1883
1887
1912
1913
1872
1880
1877
1880
1884
1873
1893
1877
1872
1871
1858
1873
1876
1886
1887
1860
1875
1885
1867
1865
1884
1873
1877
1874
1867
1880
1878
1893
1888
1872
1870
1887
1894
1879
1882
1870
1886
1894
1872
1888
1886
1868
1919
1893
1889
1878
1876
1875
1870
1874
1871
1879
1887
1894
1887
1883
1911
1878
1872
1869
1873
1875
1876
1873
1924
1880
1897
1883
1888
1871
1878
1873
1905
1885
1873
1869
1890
1885
1892
1899
1873
1881
1881
1890
1891
1926
1892
1895
1887
1896
1882
1888
1885
1928
1889
1902
1888
1860
1883
1895
1884
1923
1898
1865
1877
1884
1924
1897
1868
1923
1919
1922
1890
1892
1891
1892
