1905
1899
1930
1930
1934
1898
1922
1904
1936
1904
1903
1927
1903
1925
1929
1930
1931
1906
1907
1934
1937
1930
1936
1909
1934
1900
1939
1929
1934
1899
1938
1900
1940
1888
1886
1928
1921
1924
1916
1864
1876
1885
1920
1893
1899
1929
1898
1926
1924
1900
1893
1895
1924
1919
1921
1895
1911
1911
1938
1933
1937
1871
1871
1868
1927
1883
1883
1902
1908
1916
1927
1892
1923
1921
1929
1919
1918
1870
1891
1887
1912
1878
1881
1909
1910
1934
1923
1921
1883
1930
1892
1873
1914
1914
1938
1882
1904
1934
1901
1908
1911
1910
1887
1913
1923
1884
1934
1929
1936
1879
1937
1902
1917
1875
1902
1912
1927
1933
1903
1931
1891
1938
1934
1929
1927
1938
1904
1931
1900
1886
1928
