1900
1900
1900
1885
1900
1885
1894
1894
1894
1894
1921
1921
1914
1914
1880
1880
1910
1910
1904
1904
1928
1928
1904
1904
1880
1880
1877
1877
1885
1885
1913
1913
1893
1893
1912
1912
1916
1916
1904
1904
1887
1887
1884
1884
1900
1900
1879
1879
1934
1934
1928
1928
1904
1904
1907
1907
1892
1892
1888
1888
1927
1927
1912
1912
1880
1880
1938
1938
1912
1912
1870
1870
1903
1903
1868
1868
1864
1864
1895
1895
1929
1929
1893
1893
1893
1893
1922
1922
1914
1914
1914
1914
1912
1912
1920
1920
1918
1918
1913
1913
1880
1880
1907
1907
1925
1925
1884
1884
1886
1886
1907
1907
1923
1923
1875
1875
1905
1905
1929
1929
1909
1909
1888
1888
1900
1900
1898
1898
1920
1920
1886
1886
1920
1920
1885
1885
1930
1930
1925
1925
1927
1927
1902
1902
1923
1923
1894
1894
1924
1924
1908
1908
1913
1913
1905
1905
1911
1911
1909
1909
1913
1913
1939
1939
1875
1875
1917
1917
1900
1900
1879
1879
1911
1911
1916
1916
1932
1932
1930
1930
1905
1905
1877
1877
1939
1939
1915
1915
1941
1941
1875
1875
1905
1905
1909
1909
1906
1906
1887
1887
1900
1900
1942
1942
1919
1919
1894
1894
1925
1925
1890
1890
1923
1923
1929
1929
1884
1884
1928
1928
1880
1880
1924
1924
1925
1925
1921
1921
1928
1928
1925
1925
1895
1895
1926
1926
1873
1873
1871
1871
1935
1935
1902
1902
1898
1898
1913
1913
1878
1878
1902
1902
1878
1878
1908
1908
1904
1904
1906
1906
1906
1906
1936
1936
1870
1870
1894
1894
1892
1892
1912
1912
1901
1901
1926
1926
1928
1928
1935
1935
1907
1907
1913
1913
1910
1910
1910
1910
1937
1937
1870
1870
1873
1873
1940
1940
1908
1908
1912
1912
1912
1912
1912
1912
1909
1909
1914
1914
1930
1930
1883
1883
1906
1906
1927
1927
1895
1895
1897
1897
1916
1916
1916
1916
1892
1892
1924
1924
1871
1871
1884
1884
1888
1888
1900
1900
1891
1891
1896
1896
1920
1920
1915
1915
1910
1910
1907
1907
1896
1896
1921
1921
1906
1906
1938
1938
1927
1927
1896
1896
1921
1921
1878
1878
1885
1885
1898
1898
1913
1913
1909
1909
1863
1863
1913
1913
1902
1902
1932
1932
1929
1929
1934
1934
1899
1899
1915
1915
1909
1909
1911
1911
1938
1938
1895
1895
1924
1924
1900
1900
1933
1933
1912
1912
1940
1940
1886
1886
1877
1877
1903
1903
1900
1900
1909
1909
1902
1902
1900
1900
1932
1932
1905
1905
1931
1931
1906
1906
1909
1909
1913
1913
1874
1874
1888
1888
1930
1930
1924
1924
1927
1927
1932
1932
1926
1926
1932
1932
1895
1895
1899
1899
1930
1930
1894
1894
1937
1937
1920
1920
1923
1923
1885
1885
1914
1914
1912
1912
1892
1892
1892
1892
1900
1900
1900
1900
1900
1900
1924
1924
1872
1872
1893
1893
1932
1932
1926
1926
1899
1867
1867
1899
1906
1906
1888
1888
1929
1929
1922
1922
1865
1865
1896
1896
1870
1870
1922
1922
1870
1870
1895
1895
1910
1910
1913
1913
1916
1916
1899
1899
1918
1918
1893
1893
1923
1923
1919
1919
1922
1922
1925
1925
1928
1928
1901
1901
1929
1929
1931
1931
1935
1935
1933
1933
1904
1904
1904
1904
1901
1901
1931
1931
1900
1900
1883
1883
1917
1917
1915
1915
1913
1913
1900
1900
1913
1913
1940
1940
1915
1915
1915
1915
1935
1935
1898
1898
1915
1915
1872
1872
1926
1926
1908
1908
1878
1878
1921
1921
1912
1912
1902
1902
1931
1931
1933
1933
1938
1938
1873
1873
1913
1913
1913
1913
1888
1888
1924
1924
1934
1934
1926
1926
1930
1930
1889
1889
1924
1924
1914
1914
1892
1892
1911
1911
1941
1941
1927
1927
1909
1909
1932
1932
1936
1936
1929
1929
1906
1906
1903
1903
1927
1927
1895
1895
1937
1937
1914
1914
1909
1909
1901
1901
1884
1884
1898
1898
1883
1883
1922
1922
1924
1924
1888
1888
1891
1891
1912
1912
1917
1917
1903
1903
1921
1921
1896
1896
1937
1937
1928
1928
1913
1913
1933
1933
1928
1928
1899
1899
1915
1915
1883
1883
1918
1918
1910
1910
1900
1900
1924
1924
1932
1932
1923
1923
1926
1926
1896
1896
1900
1900
1916
1916
1938
1938
1913
1913
1888
1888
1931
1931
1905
1905
1890
1890
1924
1924
1920
1920
1891
1891
1911
1911
1903
1903
1926
1926
1876
1876
1913
1913
1914
1914
