1911
1911
1914
1914
1876
1876
1878
1878
1912
1912
1929
1929
1924
1924
1927
1927
1892
1892
1890
1890
1926
1926
1932
1932
1899
1899
1936
1936
1928
1928
1926
1926
1894
1894
1925
1925
1900
1900
1900
1900
1880
1880
1886
1886
1889
1889
1900
1900
1900
1900
1900
1900
1936
1936
1900
1900
1900
1900
1900
1900
1900
1900
1912
1912
1905
1905
1904
1904
1919
1919
1919
1919
1897
1897
1909
1909
1937
1937
1929
1929
1930
1930
1922
1922
1887
1887
1885
1885
1923
1923
1928
1928
1925
1925
1928
1928
1923
1923
1921
1921
1924
1924
1924
1924
1926
1926
1895
1895
1895
1895
1906
1906
1914
1914
1938
1938
1922
1922
1925
1925
1924
1924
1890
1890
1886
1886
1892
1892
1928
1928
1889
1889
1921
1921
1887
1887
1916
1916
1923
1923
1923
1923
1869
1869
1932
1932
1904
1904
1902
1902
1887
1887
1883
1883
1921
1921
1893
1893
1890
1890
1895
1895
1892
1892
1923
1923
1939
1939
1925
1925
1900
1900
1899
1899
1926
1926
1891
1891
1895
1895
1923
1923
1928
1928
1921
1921
1887
1887
1906
1906
1939
1939
1936
1936
1917
1917
1926
1926
1888
1888
1924
1924
1887
1887
1922
1922
1921
1921
1921
1921
1917
1917
1900
1900
1912
1912
