1891
1905
1923
1912
1910
1907
1906
1872
1898
1896
1923
1921
1916
1878
1885
1924
1926
1932
1926
1893
1893
1917
1876
1913
1924
1884
1920
1880
1909
1901
1935
1938
1926
1887
1911
1893
1923
1917
1909
1878
1910
1891
1920
1892
1889
1888
1920
1877
1931
1921
1935
1902
1905
1919
1915
1931
1916
1923
1884
1937
1912
1924
1859
1901
1918
1892
1892
1868
1873
1918
1910
1910
1940
1913
1911
1921
1889
1921
1889
1925
1908
1889
1913
1905
1930
1926
1917
1891
1920
1887
1913
1909
1883
1909
1911
1925
1920
1856
1885
1902
1901
1876
1939
1913
1900
1884
1875
1914
1920
1926
1922
1893
1892
1918
1924
1894
1894
1872
1909
1905
1932
1929
1919
1889
1884
1909
1887
1923
1913
1937
1870
1934
1902
1912
1904
1938
1927
1937
1935
1932
1905
1915
1934
1936
1917
1906
1905
1939
1930
1920
1894
1906
1932
1930
1903
1929
1902
1929
1932
1906
1863
1868
1907
1906
1936
1933
1899
1901
1926
1935
1929
1933
1889
1889
1885
1885
1912
1907
1878
1908
1882
1932
1929
1923
1921
1884
1919
1914
1925
1891
1920
1915
1921
1892
1887
1912
1858
1925
1894
1937
1921
1939
1940
1927
1923
1888
1906
1913
1926
1924
1931
1908
1934
1900
1909
1877
1892
1917
1911
1910
1923
1901
1925
1928
1923
1926
1860
1892
1886
1892
1921
1924
1889
1931
1905
1912
