1905
1905
1909
1909
1899
1899
1897
1897
1899
1899
1924
1924
1897
1897
1931
1931
1912
1912
1876
1876
1915
1915
1919
1919
1898
1898
1900
1900
1923
1923
1875
1875
1913
1913
1878
1878
1912
1912
1886
1886
1882
1882
1875
1875
1907
1907
1912
1912
1872
1872
1876
1876
1873
1873
1928
1928
1900
1900
1896
1896
1934
1934
1907
1907
1940
1940
1866
1866
1937
1937
1906
1906
1908
1908
1899
1899
1899
1899
1907
1907
1897
1897
1907
1907
1868
1868
1905
1905
1903
1903
1868
1868
1936
1936
1871
1871
1908
1908
1873
1873
1912
1912
1938
1938
1905
1905
1905
1905
1937
1937
1871
1871
1893
1893
1912
1912
1911
1911
1919
1919
1909
1909
1880
1880
1900
1900
1924
1924
1903
1903
1915
1915
1921
1921
1880
1880
1883
1883
1884
1884
1886
1886
1939
1939
1914
1914
1918
1918
1877
1877
1861
1861
1894
1894
1894
1894
1923
1923
1918
1918
1890
1890
1912
1912
1919
1919
1913
1913
1915
1915
1885
1885
1916
1916
1889
1889
1893
1893
1921
1921
1916
1916
1908
1908
1909
1909
1900
1900
1900
1900
1906
1906
1937
1937
1889
1889
1912
1912
1889
1889
1919
1919
1914
1914
1926
1926
1923
1923
1916
1916
1917
1917
1882
1882
1880
1880
1924
1924
1895
1895
1927
1927
1923
1923
1895
1895
1914
1914
1929
1929
1896
1896
1900
1900
1882
1882
1892
1892
1905
1905
1896
1896
1936
1936
1928
1928
1923
1923
1904
1904
1913
1913
1878
1878
1898
1898
1902
1902
1931
1931
1897
1897
1928
1928
1888
1888
1921
1921
1899
1899
1926
1926
1923
1923
1926
1926
1921
1921
1893
1893
1894
1894
1888
1888
1918
1918
1887
1887
1924
1924
1880
1880
1921
1921
1888
1888
1896
1896
1922
1922
1920
1920
1912
1912
1890
1890
1900
1900
1922
1922
1930
1930
1895
1895
1925
1925
1898
1898
1893
1893
1929
1929
1926
1926
1895
1895
1900
1900
1939
1939
1906
1906
1902
1902
1920
1920
1888
1888
1865
1865
1926
1926
1885
1885
1892
1892
1901
1901
1933
1933
1903
1903
1929
1929
1923
1923
1915
1915
1912
1912
1885
1885
1927
1927
1940
1940
1920
1920
1880
1880
1905
1905
1910
1910
1908
1908
1877
1877
1923
1923
1918
1918
1885
1885
1878
1878
1904
1904
1871
1871
1872
1872
1864
1864
1872
1872
1887
1887
1882
1882
1920
1920
1888
1888
1889
1889
1917
1917
1923
1923
1889
1889
1921
1921
1935
1935
1908
1908
1937
1937
1885
1885
1888
1888
1927
1927
1902
1902
1892
1892
1922
1922
1930
1930
1937
1937
1932
1900
1900
1932
1908
1908
1907
1907
1898
1898
1883
1883
1925
1925
1873
1873
1870
1870
1874
1874
1890
1890
1903
1903
1877
1877
1907
1907
1878
1878
1905
1905
1908
1908
1867
1867
1921
1921
1903
1903
1917
1917
1920
1920
1888
1888
1923
1923
1926
1926
1927
1927
1895
1895
1929
1929
1892
1892
1874
1874
1867
1867
1908
1908
1934
1934
1909
1909
1937
1937
1922
1922
1895
1895
1920
1920
1927
1927
1896
1896
1893
1893
1924
1924
1890
1890
1926
1926
1930
1930
1934
1934
1905
1905
1881
1881
1916
1916
1878
1878
1899
1899
1939
1939
1928
1928
1927
1927
1930
1930
1931
1931
1934
1934
1932
1932
1908
1908
1909
1909
1909
1909
1933
1933
1935
1935
1937
1937
1914
1914
1907
1907
1938
1938
1932
1932
1936
1936
1905
1905
1855
1855
1920
1920
1908
1908
1935
1935
1906
1906
1906
1906
1937
1937
1874
1874
1879
1879
1894
1894
1883
1883
1921
1921
1927
1927
1897
1897
1915
1915
1890
1890
1924
1924
1925
1925
1923
1923
1904
1904
1896
1896
1872
1872
1914
1914
1928
1928
1922
1922
1924
1924
1882
1882
1888
1888
1917
1917
1921
1921
1883
1883
1886
1886
1919
1919
1924
1924
1889
1889
1888
1888
1920
1920
1891
1891
1891
1891
1906
1906
1888
1888
1888
1888
1939
1939
1906
1906
1932
1932
1890
1890
1891
1891
1925
1925
1926
1926
1900
1900
1900
1900
1923
1923
1929
1929
1925
1925
1928
1928
1893
1893
1894
1894
1931
1931
1927
1927
1919
1919
1921
1921
1894
1894
1878
1878
1873
1873
1917
1917
1883
1883
1888
1888
1925
1925
1916
1916
1886
1886
1918
1918
1919
1919
1886
1886
1891
1891
1890
1890
1895
1895
1875
1875
1870
1870
1903
1903
1936
1936
1907
1907
1907
1907
1913
1913
1920
1920
1912
1912
1890
1890
1868
1868
1890
1890
1912
1912
1922
1922
1890
1890
1883
1883
1923
1923
1881
1881
1932
1932
1885
1885
1903
1903
1935
1935
1875
1875
1937
1937
1922
1922
1911
1911
1926
1926
1876
1876
1903
1903
1900
1900
1926
1926
1891
1891
1931
1931
1908
1908
1902
1902
1910
1910
1915
1915
1884
1884
1922
1922
1887
1887
1898
1898
1885
1885
1924
1924
1900
1900
1892
1892
1905
1905
1938
1938
1936
1936
1905
1905
1934
1934
1875
1875
1875
1875
1911
1911
1903
1903
1936
1936
1939
1939
1903
1903
1909
1909
1924
1924
1894
1894
1907
1907
1911
1911
1936
1936
1871
1871
1879
1879
1882
1882
1920
1920
1905
1905
1922
1922
1911
1911
1912
1912
1911
1911
1940
1940
1931
1931
1932
1932
1913
1913
1913
1913
1919
1919
1885
1885
1880
1880
1921
1921
1934
1934
1911
1911
1907
1907
1890
1890
1922
1922
1885
1885
1890
1890
1919
1919
1913
1913
1921
1921
1926
1926
1917
1917
1932
1932
1930
1930
1900
1900
1923
1923
1892
1892
1897
1897
