1916
1916
1872
1872
1871
1871
1926
1926
1927
1927
1921
1921
1891
1891
1916
1916
1916
1916
1918
1918
1890
1890
1926
1926
1890
1890
1907
1907
1909
1909
1894
1894
1939
1939
1908
1908
1885
1885
1883
1883
1911
1911
1906
1906
1904
1904
1892
1892
1909
1909
1919
1919
1919
1919
1926
1926
1907
1907
1926
1926
1899
1899
1855
1855
1916
1916
1910
1910
1913
1913
1909
1909
1913
1913
1937
1937
1938
1938
1934
1934
1877
1877
1915
1915
1886
1886
1887
1887
1908
1908
1878
1878
1927
1927
1929
1929
1929
1929
1913
1913
1931
1931
1868
1868
1900
1900
1928
1928
1904
1904
1911
1911
1933
1933
1906
1906
1888
1888
1901
1901
1924
1924
1902
1902
1921
1921
1900
1900
1886
1886
1925
1900
1925
1923
1900
1923
1911
1911
1900
1900
1908
1908
