1929
1929
1928
1928
1898
1898
1931
1931
1912
1912
1918
1918
1924
1924
1886
1886
1922
1922
1895
1895
1894
1894
1924
1924
1906
1906
1930
1930
1906
1906
1938
1938
1920
1920
1926
1926
1918
1918
1896
1896
1888
1888
1915
1915
1877
1877
1917
1917
1910
1910
1913
1913
1911
1911
1909
1909
1940
1940
1909
1909
1902
1902
1910
1910
1911
1911
1911
1911
1916
1916
1912
1912
1922
1922
1919
1919
1920
1920
1924
1924
1927
1927
1903
1903
1899
1899
1930
1930
1923
1923
1890
1890
1927
1927
1912
1912
1914
1914
1916
1916
1922
1922
1920
1920
1914
1914
1928
1928
1903
1903
1930
1930
1912
1912
1940
1940
1910
1910
1913
1913
1928
1928
1928
1928
1938
1938
1913
1913
1916
1916
1899
1899
1905
1905
1918
1918
1915
1915
1917
1917
1921
1921
1902
1902
1890
1890
1890
1890
1917
1917
1905
1905
1899
1899
1911
1911
1881
1881
1932
1932
1904
1904
1906
1906
1910
1910
1909
1909
1905
1905
1916
1916
1932
1932
1920
1920
1909
1909
1879
1879
1925
1925
1931
1931
1935
1935
1899
1899
1920
1920
1915
1915
1882
1882
1934
1934
1902
1902
1915
1915
1924
1924
1896
1896
1923
1923
1921
1921
1930
1930
1927
1927
1905
1905
1916
1916
1933
1933
1905
1905
1906
1906
1931
1931
1926
1926
1899
1899
1925
1925
1901
1901
1905
1905
1930
1930
1901
1901
1925
1925
1936
1936
1928
1928
1903
1903
1923
1923
1929
1929
1921
1921
1891
1891
1917
1917
1907
1907
1929
1929
1931
1931
1865
1865
1901
1901
1897
1897
1907
1907
1908
1908
1907
1907
1931
1931
1901
1901
1907
1907
1898
1898
1926
1926
1916
1916
1895
1895
1922
1922
1909
1909
1940
1940
1910
1910
1899
1899
1937
1937
1916
1916
1922
1922
1944
1944
1906
1906
1907
1907
1927
1927
1904
1904
1943
1943
1924
1924
1931
1931
1901
1901
1894
1894
1913
1913
1881
1881
1898
1898
1925
1925
