1901
1899
1887
1888
1893
1891
1892
1890
1912
1907
1906
1899
1889
1899
1920
1889
1904
1906
1901
1895
1920
1904
1907
1891
1891
1901
1898
1908
1902
1906
1902
1898
1909
1873
1902
1896
1890
1887
1892
1896
1905
1905
1901
1920
1915
1897
1918
1911
1907
1907
1896
1910
1891
1908
1914
1910
1902
1902
1915
1910
1888
1908
1885
1909
1886
1907
1903
1901
1906
1898
1902
1887
1898
1872
1905
1901
1900
1883
1902
1900
1894
1899
1917
1909
1889
1917
1902
1903
1896
1908
1907
1888
1910
1906
1890
1901
1900
1883
1920
1896
1898
1903
1881
1900
1907
1883
1902
1892
1907
1895
1895
1893
1888
1877
1906
1906
1902
1898
1902
1896
1911
1888
1905
1895
1894
1923
1896
1906
1923
1899
1890
1906
1911
1901
1903
1913
1910
1907
1884
1896
1899
1904
1900
1914
1885
1915
1898
1891
1910
1913
1904
1908
1907
1905
1904
1873
1903
1895
1904
1904
1920
1904
1901
1904
1882
1881
1906
1909
1907
1899
1909
1897
1885
1922
1908
1914
1907
1919
1905
1897
1911
1898
1912
1892
1893
1891
1902
1911
1902
1895
1884
1913
1890
1901
1921
1892
1892
1887
1891
1904
1902
1905
1910
1911
1909
1908
1872
1884
1908
1893
1895
1901
1901
1898
1880
1892
1909
1893
1899
1908
1914
1905
1900
1919
1899
1882
1899
1910
1899
1904
1908
1892
1911
1905
