1901
1924
1899
1899
1914
1914
1899
1883
1883
1898
1918
1912
1912
1907
1901
1908
1899
1896
1911
1911
1918
1918
1887
1896
1901
1901
1889
1916
1898
1904
1904
1907
1907
1897
1910
1898
1913
1913
1905
1905
1895
1896
1896
1922
1912
1908
1909
1893
1906
1887
1907
1911
1911
1904
1906
1907
1920
1897
1905
1907
1889
1913
1913
1899
1907
1891
1915
1921
1888
1908
1907
1896
1886
1910
1903
1911
1911
1904
1913
1913
1891
1921
1884
1884
1905
1896
1891
1891
1900
1915
1889
1878
1878
1878
1914
1899
1902
1890
1907
1894
1890
1888
1888
1906
1899
1899
1899
1894
1894
1908
1908
1901
1901
1902
1897
1920
1901
1899
1905
1905
1905
1890
1898
1905
1913
1898
1920
1911
1914
1904
1904
1912
1892
1905
1918
1918
1910
1894
1911
1895
1891
1898
1905
1907
1907
1894
1894
1909
1909
1906
1897
1906
1907
1904
1904
1908
1907
1909
1896
1907
1906
1881
1881
1899
1909
1873
1904
1889
1892
1911
1900
1900
1899
1899
1910
1886
1896
1898
1892
1879
1879
1906
1898
1889
1914
1909
1887
1885
1891
1922
1922
1900
1900
1900
1888
1888
1905
1905
1912
1907
1907
1885
1885
1900
1900
1906
1905
1905
1898
1899
1899
1905
1905
1904
1904
1901
1909
1901
1912
1912
1908
1913
1913
1913
1920
1910
1901
1901
1886
1910
1902
1894
1908
1923
1898
1902
1902
1892
1923
1899
1899
1920
1920
1920
1887
1906
1895
1918
1923
1889
1901
1910
1904
1889
1903
1903
1907
1897
1896
1913
1908
1907
1873
1873
1894
1894
1898
1910
1910
1905
1889
1889
1903
1892
1892
1906
1901
1922
1896
1885
1901
1901
1901
1880
1870
1912
1912
1914
1899
1902
1910
1910
1910
1910
1921
1921
1921
1921
1910
1920
1920
1895
1922
1904
1907
1898
1890
1899
1891
1893
1898
1899
1900
1891
1900
1900
1892
1891
1891
1901
1908
1908
1896
1907
1900
1900
1907
1908
1922
1902
1903
1903
1906
1906
1912
1883
1907
1919
1907
1896
1905
1913
1905
1894
1887
1913
1908
1908
1886
1896
1915
1885
1885
1886
1921
1911
1899
1899
1906
1906
1909
1909
1901
1904
1904
1873
1902
1906
1911
1911
1897
1902
1898
1895
1909
1903
1904
1923
1907
1889
1889
1902
1902
1921
1903
1893
1906
1909
1898
1920
1902
1896
1890
1915
1903
1922
1912
1913
1909
1903
1892
1897
1907
1907
1892
1914
1900
1895
1895
1887
1893
1893
1900
1900
1912
1910
1910
1872
1897
1909
1897
1921
1902
1919
1919
1920
1901
1900
1905
1905
1900
1900
1898
1906
1920
1896
1901
1907
1901
1896
1905
1881
1914
1914
1900
1918
1918
1904
1904
1897
1902
1902
1902
1902
1908
1899
1905
1895
1905
1895
1912
1905
1895
1908
1891
1906
1908
1917
1906
1905
1905
1901
1901
1892
1897
1884
1881
1891
1910
1909
1910
1896
1896
1908
1899
1898
1914
1914
1920
1882
1882
1892
1895
1875
1875
1915
1897
1906
1906
1906
1901
1909
1908
1907
1901
1909
1909
1907
1906
1903
1902
1912
1912
1899
1899
1909
1904
1904
1907
1900
1900
1901
1904
1895
1899
1888
1904
1911
1903
1903
1909
1907
1906
1906
1907
1912
1896
1893
1909
1909
1909
1910
1909
1911
1916
1920
1902
1908
1912
1891
1900
1897
1908
1902
1887
1925
1921
1895
1905
1914
1910
1886
1905
1905
1913
1913
1904
1904
1906
1906
1913
1913
1920
1909
1909
1885
1909
1889
1898
1910
1911
1902
1891
1890
1890
1908
1908
1897
1900
1914
1887
1902
1904
1901
1901
1915
1915
1901
1886
1903
1909
1909
1897
1897
1899
1898
1922
1918
1918
1906
1906
1908
1884
1907
1901
1883
1916
1920
1902
1903
1914
1911
1893
1897
1903
1901
1897
1884
1899
1882
1903
1899
1899
1922
1902
1902
1903
1902
1902
1873
1903
1897
1901
1900
1894
1918
1899
1901
1900
1900
1906
1906
1898
1899
1888
1904
1888
1920
1920
1898
1904
1901
1912
1905
1906
1904
1904
1905
1906
1888
1888
1922
1884
1900
1900
1896
1896
1921
1909
1888
1908
1909
1893
1893
1923
1919
1899
1899
1885
1892
1892
1917
1898
1911
1909
1891
1890
1897
1899
1909
1895
1909
1897
1897
1887
1905
1895
1889
1908
1909
1909
1909
1921
1900
1900
1923
1909
1896
1890
1890
1898
1898
1909
1909
1907
1906
1899
1907
1907
1918
1922
1922
1922
1910
1911
1911
1886
1911
1911
1892
1892
1885
1885
1913
1898
1904
1904
1889
1889
1907
1907
1907
1885
1885
1903
1903
1902
1907
1907
1907
1905
1922
1909
1904
1903
1907
1886
1896
1896
1900
1910
1920
1924
1906
1922
1908
1908
1879
1900
1901
1908
1908
1901
1893
1906
1905
1899
1893
1909
1909
1912
1901
1905
1914
1910
1902
1898
1901
1903
1901
1901
1905
1905
1898
1898
1895
1904
1888
1894
1901
1901
1902
1897
1899
1899
1899
1908
1912
1912
1921
1920
1920
1892
1915
1899
1907
1903
1903
1901
1921
1921
1888
1922
1922
1903
1903
1903
1895
1895
1914
1914
1922
1922
1896
1910
1904
1921
1919
1897
1897
1908
1910
1901
1912
1898
1889
1898
1904
1903
1912
1902
1889
1916
1904
1904
1907
1898
1898
1906
1898
1922
1897
1887
1918
1893
1908
1889
1905
1891
1900
1897
1903
1903
1897
1906
1903
1887
1922
1907
1907
1907
1905
1903
1909
1909
1898
1908
1908
1906
1902
1911
1888
1898
1902
1908
1922
1921
1921
1893
1893
1906
1905
1904
1904
1910
1910
1908
1910
1879
1910
1912
1884
1897
1897
1899
1899
1905
1913
1904
1904
1896
1896
1899
1912
1902
1912
1913
1920
1920
1895
1905
1905
1913
1896
1910
1922
1922
1905
1893
1909
1899
1898
1920
1920
1900
1890
1910
1900
1883
1916
1902
1908
1906
1906
1910
1897
1900
1908
1908
1877
1894
1920
1891
1889
1899
1911
1922
1922
1889
1896
1900
1900
1897
1897
1902
1910
1897
1899
1904
1922
1899
1920
1896
1913
1913
1909
1909
1901
1920
1904
1904
1916
1916
1918
1917
1920
1917
1917
1917
1895
1915
1892
1892
1900
1900
1900
1903
1902
1903
1904
1888
1905
1903
1903
1917
1894
1894
1902
1900
1894
1900
1899
1904
1909
1918
1902
1913
1925
1907
1909
1909
1898
1908
1907
1907
1917
1912
1888
1898
1897
1890
1886
1886
1912
1905
1906
1895
1904
1904
1904
1913
1907
1899
1899
1883
1896
1898
1901
1883
1883
1917
1903
1903
1911
1911
1895
1912
1912
1912
1905
1891
1891
1881
1881
1896
1896
1910
1915
1910
1915
1912
1905
1902
1905
1888
1888
1910
1922
1903
1894
1896
1895
1895
1903
1903
1922
1907
1883
1883
1901
1908
1908
1898
1919
1919
1898
1898
1898
1911
1911
1920
1907
1910
1907
1910
1910
1910
1897
1901
1900
1906
1898
1889
1923
1901
1888
1888
1888
1911
1899
1889
1905
1919
1886
1886
1879
1879
1905
1905
1903
1901
1906
1906
1899
1879
1906
1906
1923
1896
1899
1890
1890
1910
1888
1906
1907
1907
1920
1909
1895
1920
1892
1903
1903
1911
1909
1902
1902
1901
1901
1899
1905
1905
1888
1884
1898
1898
1909
1909
1888
1919
1891
1903
1911
1911
1913
1908
1897
1906
1906
1915
1898
1894
1909
1909
1907
1907
1901
1909
1909
1900
1923
1920
1895
1893
1893
1876
1876
1907
1885
1911
1907
1907
1883
1887
1900
1922
1904
1903
1903
1907
1901
1894
1899
1898
1898
1897
1897
1920
1917
1917
1921
1921
1914
1915
1915
1911
1891
1910
1920
1889
1909
1909
1901
1901
1896
1920
1906
1890
1910
1903
1913
1890
1890
1896
1900
1900
1912
1900
1889
1889
1895
1898
1899
1915
1876
1903
1901
1889
1889
1910
1896
1896
1892
1803
1921
1881
1916
1916
1908
1908
1886
1909
1908
1920
1892
1903
1900
1921
1913
1907
1902
1907
1908
1908
1897
1912
1912
1885
1885
1889
1889
1912
1899
1889
1883
1897
1887
1909
1917
1919
1919
1906
1904
1888
1902
1910
1896
1896
1901
1917
1882
1921
1901
1901
1910
1910
1895
1898
1886
1892
1912
1911
1904
1905
1920
1907
1896
1896
1884
1884
1895
1902
1884
1910
1913
1910
1913
1911
1911
1922
1905
1902
1910
1901
1901
1893
1893
1893
1903
1905
1904
1888
1877
1910
1878
1900
1900
1900
1906
1892
1887
1906
1894
1907
1907
1920
1879
1901
1902
1921
1921
1902
1920
1912
1898
1901
1900
1899
1890
1902
1906
1895
1896
1920
1904
1904
1872
1910
1906
1902
1905
1920
1895
1908
1902
1902
1903
1921
1900
1899
1902
1906
1903
1912
1900
1900
1904
1907
1901
1901
1902
1899
1914
1914
1914
1900
1900
1897
1898
1911
1895
1904
1903
1911
1913
1915
1888
1885
1900
1913
1905
1905
1911
1909
1912
1909
1903
1924
1904
1910
1893
1894
1893
1893
1903
1900
1900
1904
1898
1923
1923
1896
1901
1902
1911
1909
1909
1924
1913
1900
1906
1901
1903
1896
1906
1906
1902
1897
1908
1904
1905
1908
1908
1895
1904
1923
1912
1915
1899
1905
1899
1902
1902
1891
1889
1890
1890
1903
1900
1891
1901
1890
1890
1911
1906
1906
1906
1901
1924
1888
1911
1901
1919
1898
1885
1885
1909
1909
1903
1899
1901
1901
1907
1896
1913
1919
1920
1910
1909
1908
1908
1900
1920
1920
1907
1888
1888
1884
1902
1897
1890
1900
1895
1895
1910
1901
1904
1893
1899
1911
1912
1891
1921
1900
1896
1900
1893
1911
1900
1914
1895
1885
1903
1894
1915
1921
1921
1907
1907
1898
1902
1899
1898
1904
1915
1900
1907
1924
1905
1902
1920
1910
1913
1908
1908
1891
1895
1914
1911
1901
1910
1911
1919
1919
1895
1906
1897
1919
1911
1909
1909
1913
1896
1896
1901
1900
1888
1907
1908
1902
1893
1894
1913
1902
1902
1902
1902
1893
1905
1901
1909
1900
1899
1904
1897
1898
1910
1882
1882
1919
1884
1900
1909
1909
1896
1925
1895
1899
1899
1901
1910
1908
1908
1907
1907
1908
1922
1922
1899
1897
1908
1907
1885
1915
1894
1894
1901
1886
1901
1906
1922
1922
1891
1909
1905
1905
1906
1906
1904
1901
1920
1912
1902
1908
1892
1892
1917
1917
1908
1915
1919
1873
1921
1921
1920
1920
1905
1905
1901
1923
1923
1903
1895
1898
1892
1898
1896
1911
1892
1900
1904
1895
1909
1880
1904
1891
1905
1921
1906
1888
1899
1924
1899
1904
1904
1904
1914
1914
1921
1909
1895
1898
1898
1899
1899
1920
1904
1907
1907
1911
1907
1893
1881
1881
1901
1894
1904
1907
1894
1899
1916
1882
1908
1924
1881
1900
1908
1906
1888
1912
1900
1900
1898
1896
1906
1911
1911
1908
1908
1908
1923
1923
1923
1889
1907
1918
1898
1893
1889
1908
1908
1900
1900
1900
1909
1920
1909
1907
1884
1893
1907
1890
1890
1899
1890
1909
1896
1906
1897
1896
1896
1921
1906
1885
1908
1908
1922
1902
1913
1914
1915
1915
1897
1902
1877
1906
1906
1902
1898
1915
1915
1905
1920
1917
1892
1885
1889
1880
1895
1908
1912
1900
1918
1892
1922
1922
1922
1924
1903
1897
1916
1916
1908
1914
1907
1904
1904
1893
1893
1893
1919
1890
1890
1920
1923
1902
1909
1920
1894
1905
1905
1896
1896
1899
1899
1879
1906
1891
1902
1907
1906
1897
1915
1921
1893
1885
1903
1900
1900
1903
1909
1912
1913
1904
1904
1892
1893
1900
1901
1919
1900
1906
1906
1901
1911
1914
1885
1914
1912
1904
1904
1898
1905
1893
1893
1893
1909
1893
1899
1901
1905
1901
1890
1891
1908
1924
1900
1912
1917
1903
1911
1911
1902
1904
1904
1882
1905
1916
1896
1923
1913
1881
1905
1905
1903
1898
1910
1909
1922
1911
1890
1925
1911
1909
1900
1903
1906
1919
1892
1892
1891
1902
1890
1901
1896
1909
1901
1901
1920
1903
1907
1922
1907
1923
1913
1920
1910
1889
1884
1909
1896
1893
1901
1917
1917
1898
1890
1895
1901
1921
1892
1909
1909
1904
1895
1895
1903
1924
1904
1915
1892
1892
1901
1887
1892
1895
1907
1891
1898
1895
1899
1907
1907
1914
1875
1915
1898
1912
1907
1911
1911
1907
1896
1892
1904
1898
1887
1920
1920
1902
1899
1909
1890
1901
1901
1896
1898
1901
1909
1909
1910
1905
1896
1898
1900
1913
1877
1877
1900
1900
1900
1906
1891
1913
1913
1908
1901
1903
1903
1905
1904
1889
1899
1897
1898
1911
1911
1886
1904
1922
1922
1912
1886
1903
1911
1911
1890
1890
1920
1907
1907
1915
1902
1902
1895
1895
1896
1896
1917
1904
1896
1903
1897
1905
1907
1894
1914
1914
1890
1898
1901
1896
1914
1902
1909
1903
1917
1920
1882
1905
1901
1905
1910
1901
1910
1911
1909
1899
1899
1887
1892
1899
1908
1889
1910
1907
1903
1902
1893
1899
1899
1919
1907
1907
1922
1922
1902
1904
1904
1852
1892
1908
1908
1900
1907
1887
1894
1894
1908
1895
1914
1914
1884
1876
1908
1893
1892
1912
1897
1898
1883
1901
1901
1895
1877
1906
1906
1927
1898
1897
1896
1901
1901
1894
1914
1904
1904
1917
1903
1914
1887
1922
1922
1901
1910
1907
1907
1917
1892
1892
1914
1914
1896
1896
1909
1889
1905
1890
1921
1921
1901
1899
1899
1896
1894
1891
1896
1899
1910
1902
1909
1909
1894
1910
1881
1871
1880
1887
1898
1907
1907
1902
1921
1921
1899
1921
1921
1920
1919
1900
1900
1915
1914
1892
1900
1896
1920
1917
1900
1900
1902
1883
1906
1891
1891
1897
1897
1886
1908
1913
1908
1897
1897
1907
1913
1909
1906
1906
1899
1919
1899
1921
1908
1897
1913
1913
1913
1906
1899
1898
1921
1913
1909
1909
1923
1917
1893
1901
1914
1902
1902
1897
1897
1900
1907
1898
1915
1925
1893
1905
1905
1900
1893
1895
1902
1903
1913
1909
1897
1905
1891
1924
1911
1911
1916
1887
1888
1901
1900
1902
1903
1903
1893
1893
1890
1915
1896
1896
1902
1913
1913
1905
1905
1908
1920
1920
1920
1919
1900
1922
1896
1917
1892
1911
1896
1901
1900
1880
1901
1911
1912
1904
1899
1897
1905
1902
1891
1896
1902
1895
1895
1895
1909
1918
1899
1893
1919
1917
1912
1901
1891
1915
1883
1912
1919
1919
1882
1899
1886
1897
1905
1898
1904
1897
1906
1901
1903
1915
1915
1907
1894
1894
1924
1910
1910
1901
1912
1910
1910
1899
1893
1905
1905
1905
1907
1912
1926
1919
1907
1901
1890
1893
1904
1890
1921
1890
1890
1898
1895
1903
1898
1904
1912
1891
1891
1891
1899
1887
1904
1892
1909
1896
1896
1890
1890
1911
1905
1880
1880
1903
1903
1910
1910
1902
1907
1907
1908
1903
1894
1922
1912
1904
1907
1907
1901
1921
1921
1900
1915
1915
1893
1904
1897
1904
1897
1918
1884
1881
1881
