1915
1905
1911
1928
1920
1923
1926
1907
1903
1898
1908
1913
1920
1924
1924
1924
1924
1899
1905
1922
1921
1923
1920
1916
1926
1918
1892
1925
1921
1908
1922
1913
1923
1900
1915
1918
1920
1914
1915
1917
1904
1906
1924
1923
1894
1926
1924
1901
1903
1920
1922
1920
1930
1914
1924
1925
1924
1926
1926
1926
1919
1909
1914
1910
1892
1925
1899
1924
1918
1925
1925
1925
1922
1927
1924
1918
1914
1923
1916
1902
1923
1899
1905
1904
1928
1900
1911
1913
1920
1927
1903
1923
1903
1918
1922
1901
1925
1923
1927
1895
1926
1907
1913
1907
1918
1914
1909
1902
1896
1919
1915
1905
1925
1923
1910
1904
1908
1906
1927
1917
1890
1904
1925
1900
1925
1896
1913
1910
1921
1903
1898
1925
1924
1921
1905
1915
1922
1911
1909
1903
1927
1917
1923
1912
1925
1922
1925
1908
1912
1897
1918
1910
1905
1898
1926
1905
1907
1900
1922
1921
1914
1908
1908
1912
1922
1908
1925
1907
1925
1905
1909
1927
1926
1923
1913
1912
1929
1920
1924
1915
1924
1926
1895
1923
1909
1915
1903
1927
1907
1899
1922
1924
1928
1900
1919
1925
1893
1918
1913
1900
1908
1913
1925
1926
1921
1927
1916
1928
1926
1920
1923
1908
1912
1924
1920
1922
1917
1928
1931
1901
1914
1899
1921
1921
1928
1897
1923
1924
1907
1925
1925
1909
1921
1904
1910
1920
1914
1920
1918
1905
1909
1904
1898
1902
1924
1914
1905
1921
1923
1910
1905
1912
1914
1910
1924
1915
1917
1912
1906
1925
1914
1906
1910
1930
1909
1926
1918
1926
1909
1909
1925
1901
1912
1921
1926
1909
1897
1925
1920
1907
1901
1902
1920
1908
1927
1923
1918
1910
1916
1920
1932
1920
1929
1911
1908
1921
1927
1915
1914
1913
1898
1903
1919
1922
1917
1904
1918
1927
1901
1925
1917
1920
1924
1925
1911
1927
1920
1922
1913
1907
1924
1911
1923
1923
1927
1925
1913
1928
1904
1922
1913
1907
1913
1923
1925
1906
1906
1905
1914
1929
1924
1916
1901
1907
1897
1919
1918
1909
1892
1913
1910
1908
1908
1920
1900
1897
1926
1920
1929
1919
1919
1913
1909
1906
1925
1921
1913
1925
1921
1925
1920
1915
1924
1904
1910
1908
1921
1909
1899
1909
1910
1899
1921
1923
1902
1896
1903
1924
1925
1913
1907
1922
1930
1913
1920
1919
1912
1910
1908
1927
1915
1926
1926
1917
1916
1898
1904
1919
1892
1890
1898
1908
1900
1916
1909
1898
1923
1891
1909
1928
1903
1905
1923
1916
1919
1900
1901
1918
1923
1924
1926
1923
1925
1911
1912
1900
1915
1897
1901
1906
1904
1920
1914
1915
1926
1903
1915
1910
1914
1912
1923
1909
1905
1923
1900
1919
1910
1921
1906
1921
1926
1908
1923
1913
1920
1906
1911
1925
1921
1919
1899
1926
1915
1915
1916
1919
1921
1914
1919
1910
1920
1925
1899
1913
1905
1925
1927
1899
1911
1923
1924
1913
1926
1919
1920
1924
1920
1927
1887
1920
1915
1920
1914
1911
1909
1911
1926
1908
1908
1914
1904
1905
1907
1923
1920
1925
1922
1912
1927
1920
1916
1923
1898
1918
1925
1925
1928
1915
1919
1915
1922
1899
1919
1926
1930
1908
1904
1918
1923
1926
1893
1919
1921
1928
1909
1925
1925
1914
1914
1919
1917
1921
1914
1919
1915
1926
1919
1922
1914
1907
1920
1906
1923
1929
1927
1918
1921
1904
1925
1909
1928
1925
1920
1912
1914
1927
1925
1902
1923
1914
1901
1913
1927
1918
1909
1913
1908
1916
1923
