1883
1882
1907
1928
1931
1905
1935
1899
1925
1897
1928
1924
1895
1898
1927
1913
1938
1902
1913
1880
1924
1880
1917
1926
1902
1928
1901
1930
1907
1933
1935
1905
1903
1879
1908
1933
1893
1891
1893
1893
1925
1931
1902
1882
1914
1881
1925
1919
1910
1892
1884
1880
1877
1873
1935
1902
1900
1934
1932
1914
1910
1925
1922
1905
1929
1867
1885
1884
1908
1936
1887
1879
1921
1879
1875
1924
1904
1899
1910
1906
1928
1910
1937
1910
1910
1917
1887
1918
1889
1906
1920
1926
1922
1928
1888
1893
1911
1912
1927
1898
1899
1857
1869
1906
1920
1916
1882
1895
1924
1902
1903
1931
1922
1926
1912
1867
1914
1920
1915
1904
1896
1908
1878
1909
1873
1889
1902
1930
1917
1872
1909
1906
1909
1909
1928
1928
1936
1903
1906
1883
1910
1912
1898
1908
1938
1901
1878
1911
1906
1917
1918
1921
1868
1885
1924
1880
1917
1933
1897
1912
1939
1905
1912
1889
1922
1883
1925
1878
1895
1914
1918
1920
1891
1923
1916
1919
1894
1917
1918
1922
1904
1897
1908
1909
1933
1893
1930
1926
1908
1933
1894
1920
1886
1906
1937
1910
1932
1927
1874
1920
1930
1903
1896
1905
1888
1935
1906
1893
1882
1907
1898
1899
1898
1898
1925
1930
1887
1910
1914
1898
1913
1914
1907
1912
1880
1900
1909
1907
1877
1904
1938
1914
1910
1924
1893
1887
1908
1900
1875
1937
1938
1898
1919
1932
1922
1891
1919
1887
1922
1893
1926
1893
1910
1916
1915
1922
1892
1921
1918
1900
1930
1901
1934
