1913
1911
1906
1913
1916
1889
1909
1901
1908
1888
1920
1898
1910
1914
1888
1900
1912
1900
1890
1912
1879
1907
1905
1911
1904
1912
1918
1893
1897
1912
1923
1888
1896
1880
1890
1908
1911
1909
1907
1914
1877
1913
1928
1903
1895
1922
1917
1919
1897
1913
1905
1885
1904
1904
1890
1908
1913
1887
1911
1893
1921
1899
1891
1900
1910
1906
1880
1917
1895
1926
1906
1909
1894
1924
1885
1907
1909
1878
1892
1911
1908
1907
1905
1910
1910
1916
1918
1895
1902
1925
1917
1880
1922
1906
1873
1889
1918
1911
1905
1892
1904
1914
1886
1904
1902
1926
1911
1902
1904
1896
1905
1914
1911
1902
1896
1899
1899
1896
1926
1902
1890
1912
1880
1912
1914
1910
1903
1894
1898
1895
1897
1898
1920
1895
1910
1896
1903
1906
1895
1906
1921
1909
1910
1925
1896
1899
1902
1919
1900
1884
1910
1917
1908
1895
1903
1900
1911
1882
1915
1913
1913
1917
1912
1912
1915
1895
1901
1927
1913
1917
1901
1915
1895
1916
1920
1902
1914
1906
1891
1873
1901
1887
1895
1874
1912
1909
1914
1914
1904
1904
1907
1929
1912
1889
1908
1884
1913
1911
1908
1884
1898
1901
1922
1894
1926
1912
1903
1914
1918
1907
1915
1889
1899
1890
1909
1912
1920
1894
1886
1907
1898
1917
1926
1908
1905
1918
1927
1913
1899
1921
1923
1896
1909
1929
1893
1904
1899
1875
1901
1893
1894
1880
1916
1897
1905
1882
1908
1910
1889
1910
1915
1910
1908
1915
1902
1881
1899
1896
1916
1912
1887
1902
1913
1901
1901
1905
1898
1921
1892
1901
1904
1892
1932
1923
1887
1902
1904
1915
1906
1911
1898
1879
1897
1921
1909
1896
1913
1882
1908
1911
1913
1899
1922
1909
1894
1884
1910
1918
1895
1924
1899
1915
1907
1906
1888
1922
1916
1894
1894
1930
1885
1893
1892
1903
1918
1893
1911
1917
1921
1905
1920
1893
1911
1922
1902
1900
1904
1906
1910
1919
1919
1916
1887
1878
1874
1908
1899
1907
1910
1919
1898
1905
1903
1908
1904
1910
1913
1890
1919
1889
1894
1929
1892
1922
1912
1912
1882
1920
1906
1888
1884
1912
1905
1908
1907
1914
1894
1883
1921
1897
1881
1913
1912
1902
1908
1915
1872
1906
1916
1884
1896
1909
1898
1895
1912
1913
1904
1920
1921
1926
1913
1891
1898
1914
1897
1909
1899
1887
1909
1915
1897
1912
1897
1899
1893
1910
1900
1904
1890
1905
1911
1908
1912
1920
1909
1912
1913
1910
1916
1900
1913
1918
1905
1929
1896
1885
1902
1919
1924
1918
1883
1906
1876
1901
1905
1906
1895
1905
1906
1906
1913
1908
1908
1907
1903
1906
1905
1914
1882
1906
1924
1901
1920
1886
1915
1920
1916
1905
1903
1902
1916
1909
1892
1886
1914
1897
1923
1913
1908
1915
1905
1903
1900
1905
1900
1918
1887
1904
1887
1891
1914
1901
1893
1905
1918
1881
1924
1906
1915
1909
1893
1924
1901
1880
1908
1913
1920
1885
1892
1890
1909
1899
1891
1906
1923
1898
1889
1907
1888
1894
1896
1908
1885
1897
1903
1912
1912
1918
1916
1899
1886
1914
1900
1896
1924
1924
1900
1884
1916
1909
1897
1877
1920
1899
1915
1918
1909
1910
1897
1898
1901
1890
1903
1914
1900
1907
1900
1908
1911
1917
1889
1893
1914
1910
1922
1911
1873
1912
1895
1924
1912
1891
1894
1880
1916
1903
1900
1912
1900
1909
1913
1914
1915
1899
1923
1902
1896
1910
1905
1922
1901
1906
1912
1904
1915
1903
1896
1888
1907
1899
1910
1876
1922
1895
1900
1905
1907
1900
1909
1911
1901
1926
1888
1920
1900
1901
1923
1899
1918
1882
1909
1902
1911
1921
1916
1911
1882
1905
1895
1915
1880
1924
1901
1901
1904
1904
1895
1914
1910
1897
1886
1903
1911
1903
1900
1903
1915
1889
1917
1905
1925
1908
1911
1887
1921
1906
1912
1909
1883
1899
1913
1920
1911
1922
1920
1881
1901
1896
1913
1901
1894
1903
1912
1878
1904
1912
1913
1925
1900
1917
1905
1902
1910
1909
1900
1909
1893
1889
1891
1897
1895
1910
1911
1907
1903
1910
1911
1906
1916
1907
1909
1882
1921
1905
1902
1899
1902
1916
1899
1887
1882
1909
1911
1908
1897
1897
1919
1909
1899
1894
1899
1920
1921
1910
1913
1912
1901
1900
1911
1898
1914
1878
1895
1908
1910
1907
1896
1909
1903
1873
1894
1897
1913
1904
1901
1901
1914
1926
1923
1885
1887
1901
1924
1900
1927
1921
1872
1920
1896
1885
1910
1905
1915
1901
1917
1908
1912
1923
1898
1888
1923
1880
1910
1896
1914
1909
1912
1921
1916
1906
1900
1920
1921
1912
1926
1901
1915
1917
1898
1910
1892
1913
1907
1913
1877
1910
1895
1899
1883
1893
1888
1903
1917
1900
1910
1906
1892
1902
1882
1895
1883
1912
1914
1909
1902
1894
1898
1899
1927
1895
1923
1904
1902
1924
1898
1913
1914
1917
1917
1898
1909
1916
1888
1889
1886
1908
1884
1911
1926
1907
1910
1889
1875
1907
1912
1900
1916
1911
1906
1910
1923
1889
1909
1895
1885
1912
1903
1884
1903
1906
1926
1900
1901
1915
1909
1901
1883
1888
1912
1920
1906
1907
1902
1907
1889
1897
1896
1911
1887
1903
1909
1909
1920
1888
1906
1916
1909
1912
1891
1903
1906
1895
1912
1892
1900
1892
1922
1907
1907
1914
1912
1896
1915
1907
1878
1905
1876
1908
1916
1891
1902
1899
1922
1928
1900
1899
1890
1920
1879
1924
1907
1903
1884
1879
1914
1920
1892
1908
1908
1905
1910
1916
1913
1927
1892
1903
1900
1915
1893
1882
1908
1907
1921
1884
1909
1929
1916
1911
1886
1914
1913
1907
1913
1900
1893
1911
1929
1887
1917
1920
1917
1896
1901
1908
1903
1905
1919
1902
1887
1901
1900
1922
1911
1922
1907
1914
1882
1914
1908
1912
1887
1927
1884
1898
1907
1911
1901
1904
1905
1882
1895
1898
1896
1913
1907
1904
1886
1881
1892
1903
1939
1899
1903
1911
1919
1915
1895
1886
1922
1907
1899
1903
1895
1897
1903
1891
1914
1892
1896
1911
1894
1925
1909
1908
1906
1907
1907
1910
1914
1911
1919
1900
1929
1892
1913
1924
1905
1899
1898
1896
1881
1910
1886
1912
1921
1869
1880
1915
1909
1918
1913
1919
1922
1929
1893
1909
1904
1892
1880
1885
1891
1873
1886
1912
1884
1910
1901
1897
1913
1885
1891
1921
1920
1910
1877
1879
1927
1904
1925
1866
1890
1908
1908
1872
1906
1906
1906
1913
1904
1907
1899
1897
1904
1889
1898
1881
1913
1909
1908
1909
1893
1902
1896
1886
1910
1908
1899
1896
1887
1915
1893
1885
1906
1896
1903
1902
1892
1895
1916
1871
1924
1921
1901
1909
1911
1884
1913
1877
1898
1913
1914
1906
1921
1914
1923
1914
1882
1908
1913
1923
1904
1917
1897
1895
1912
1909
1906
1905
1892
1906
1916
1914
1905
1914
1887
1893
1902
1895
1920
1916
1892
1880
1909
1900
1922
1879
1898
1904
1909
1904
1893
1896
1910
1916
1914
1914
1897
1910
1907
1924
1902
1899
1876
1910
1871
1915
1903
1906
1921
1915
1920
1894
1909
1888
1908
1898
1923
1897
1918
1909
1928
1906
1928
1903
1894
1914
1907
1895
1904
1930
1929
1921
1914
1906
1906
1881
1914
1926
1900
1876
1914
1901
1911
1929
1897
1903
1918
1899
1894
1900
1903
1904
1886
1892
1916
1906
1886
1881
1902
1915
1891
1928
1925
1899
1914
1917
1883
1896
1907
1924
1900
1914
1903
1921
1908
1910
1928
1919
1913
1898
1895
1897
1896
1915
1899
1914
1898
1880
1912
1910
1931
1898
1915
1908
1905
1902
1906
1916
1906
1891
1915
1901
1866
1914
1912
1918
1923
1910
1906
1913
1887
1914
1898
1901
1888
1909
1882
1906
1904
1901
1921
1910
1921
1910
1909
1908
1923
1898
1904
1889
1906
1900
1920
1917
1908
1912
1906
1898
1927
1929
1891
1902
1910
1917
1919
1909
1892
1919
1871
1911
1926
1915
1896
1909
1918
1914
1874
1912
1884
1925
1897
1910
1908
1905
1880
1880
1929
1921
1891
1919
1900
1905
1900
1912
1907
1911
1925
1899
1873
1904
1887
1898
1907
1908
1884
1915
1917
1918
1903
1887
1889
1899
1893
1922
1912
1913
1909
1890
1925
1893
1894
1916
1912
1906
1908
1924
1907
1917
1911
1900
1912
1907
1901
1888
1899
1912
1912
1892
1890
1880
1913
1917
1887
1919
1914
1889
1918
1906
1895
1903
1898
1905
1910
1895
1905
1899
1876
1880
1906
1917
1880
1873
1891
1879
1894
1915
1903
1904
1896
1912
1911
1897
1921
1919
1912
1887
1910
1903
1913
1909
1896
1902
1880
1909
1913
1910
1913
1900
1915
1915
1893
1922
1893
1904
1872
1914
1929
1898
1920
1921
1925
1912
1910
1915
1914
1883
1889
1909
1888
1919
1923
1909
1888
1914
1906
1903
1915
1907
1903
1892
1865
1911
1902
1903
1900
1910
1922
1893
1891
1894
1882
1925
1909
1900
1899
1904
1900
1879
1909
1905
1890
1907
1923
1893
1903
1922
1920
1900
1901
1899
1897
1887
1912
1909
1882
1892
1922
1900
1886
1919
1913
1903
1913
1880
1914
1911
1908
1884
1912
1903
1909
1894
1902
1910
1878
1916
1893
1894
1918
1909
1908
1901
1923
1921
1892
1925
1921
1917
1891
1903
1873
1883
1911
1888
1913
1887
1880
1924
1914
1910
1899
1895
1877
1903
1893
1884
1920
1916
1887
1879
1905
1915
1916
1911
1884
1887
1885
1893
1919
1892
1908
1904
1905
1911
1919
1904
1900
1915
1920
1903
1892
1913
1892
1876
1890
1922
1907
1902
1882
1907
1879
1908
1907
1913
1898
1891
1911
1919
1903
1882
1909
1913
1910
1920
1888
1888
1903
1904
1902
1911
1913
1896
1914
1909
1907
1904
1888
1924
1892
1909
1891
1919
1896
1899
1900
1886
1906
1902
1886
1915
1911
1878
1920
1901
1907
1903
1911
1882
1915
1890
1904
1874
1894
1908
1885
1892
1920
1916
1901
1892
1896
1906
1894
1900
1898
1872
1918
1916
1912
1893
1882
1866
1899
1909
1908
1912
1908
1918
1901
1922
1889
1910
1917
1899
1905
1920
1907
1900
1902
1913
1912
1864
1887
1915
1899
1872
1909
1915
1914
1931
1920
1912
1899
1898
1923
1912
1889
1905
1911
1922
1902
1913
1911
1916
1920
1912
1915
1879
1883
1905
1902
1914
1919
1912
1897
1911
1883
1902
1915
1887
1910
1916
1910
1912
1884
1890
1920
1916
1923
1879
1907
1909
1900
1919
1910
1924
1897
1924
1913
1903
1900
1904
1906
1895
1898
1902
1913
1911
1921
1899
1911
1882
1906
1883
1907
1902
1904
1901
1900
1892
1897
1900
1900
1887
1915
1885
1913
1922
1901
1902
1916
1911
1925
1901
1919
1906
1914
1897
1897
1909
1914
1918
1912
1919
1908
1911
1901
1876
1896
1910
1904
1888
1912
1893
1882
1895
1893
1891
1904
1910
1919
1919
1895
1903
1900
1904
1905
1912
1902
1906
1891
1904
1909
1873
1908
1910
1911
1903
1883
1911
1914
1918
1912
1900
1918
1912
1920
1896
1907
1921
1920
1901
1917
1893
1907
1916
1912
1912
1872
1907
1899
1910
1910
1912
1905
1912
1891
1900
1911
1899
1898
1920
1906
1899
1904
1901
1907
1895
1901
1893
1903
1895
1911
1909
1885
1907
1910
1913
1909
1904
1885
1903
1887
1896
1906
1910
1903
1880
1910
1893
1909
1890
1889
1897
1905
1912
1923
1911
1911
1877
1925
1902
1914
1903
1904
1912
1912
1899
1872
1904
1919
1903
1894
1923
1918
1893
1922
1912
1909
1907
1911
1912
1910
1912
1906
1905
1893
1905
1897
1905
1907
1904
1914
1906
1912
1908
1879
1909
1889
1906
1920
1913
1925
1883
1909
1895
1909
1915
1905
1892
1889
1892
1891
1877
1894
1909
1909
1909
1905
1929
1893
1920
1902
1893
1905
1899
1894
1897
1913
1903
1917
1897
1902
1912
1904
1914
1903
1919
1887
1911
1890
1899
1905
1913
1910
1927
1902
1909
1921
1914
1923
1908
1875
1897
1902
1914
1914
1914
1898
1921
1913
1881
1892
1900
1910
1908
1915
1871
1895
1907
1912
1874
1909
1900
1888
1921
1917
1907
1903
1891
1871
1888
1918
1916
1911
1915
1889
1911
1902
1902
1899
1903
1890
1894
1911
1918
1912
1921
1921
1901
1901
1906
1915
1913
1906
1891
1908
1907
1916
1912
1920
1891
1913
1906
1908
1899
1914
1906
1902
1899
1886
1922
1915
1928
1901
1910
1911
1921
1917
1897
1911
1914
1912
1911
1906
1910
1913
1903
1915
1912
1913
1913
1913
1900
1904
1917
1902
1913
1919
1899
1886
1903
1900
1899
1893
1898
1921
1895
1907
1873
1913
1897
1912
1916
1916
1905
1880
1913
1900
1905
1907
1906
1894
1890
1905
1923
1909
1914
1909
1889
1894
1922
1896
1925
1913
1892
1914
1927
1884
1908
1884
1884
1925
1883
1908
1896
1913
1913
1924
1879
1910
1898
1926
1911
1879
1915
1884
1907
1902
1895
1912
1898
1910
1900
1869
1896
1922
1916
1899
1885
1908
1914
1908
1918
1893
1888
1905
1916
1901
1903
1886
1872
1919
1915
1884
1872
1911
1897
1904
1914
1924
1920
1906
1892
1886
1903
1889
1899
1899
1915
1895
1908
1908
1907
1906
1925
1910
1893
1907
1919
1907
1898
1899
1899
1901
1875
1896
1892
1907
1906
1898
1900
1899
1886
1929
1891
1907
1899
1910
1910
1912
1907
1904
1907
1909
1907
1919
1889
1905
1894
1861
1900
1886
1904
1898
1902
1919
1906
1920
1904
1906
1905
1896
1911
1897
1897
1897
1906
1906
1872
1914
1919
1893
1901
1884
1882
1880
1896
1893
1890
1906
1915
1902
1919
1911
1904
1915
1892
1890
1895
1902
1899
1889
1928
1915
1910
1880
1876
1888
1890
1918
1915
1885
1922
1887
1906
1911
1920
1889
1918
1920
1895
1904
1909
1921
1895
1913
1906
1912
1891
1897
1899
1906
1915
1911
1880
1912
1900
1890
1907
1901
1908
1906
1912
1890
1899
1906
1906
1886
1899
1877
1918
1901
1928
1905
1909
1881
1907
1908
1914
1895
1908
1907
1921
1911
1900
1899
1894
1911
1909
1906
1906
1899
1903
1900
1918
1895
1902
1875
1900
1918
1916
1892
1904
1914
1908
1916
1909
1916
1895
1885
1922
1896
1873
1918
1897
1905
1902
1893
1911
1885
1926
1895
1918
1904
1894
1898
1909
1880
1906
1903
1883
1910
1913
1889
1921
1882
1906
1896
1911
1876
1895
1904
1901
1914
1913
1916
1884
1881
1905
1885
1918
1892
1909
1896
1903
1909
1876
1896
1896
1909
1906
1889
1900
1904
1899
1911
1900
1897
1916
1888
1904
1900
1920
1916
1893
1915
1904
1905
1907
1891
1909
1909
1892
1909
1888
1897
1907
1902
1912
1898
1905
1919
1907
1902
1870
1877
1911
1905
1913
1916
1904
1900
1912
1918
1892
1913
1920
1910
1911
1891
1915
1910
1907
1917
1922
1893
1912
1922
1912
1920
1910
1905
1924
1911
1910
1896
1931
1894
1914
1901
1910
1911
1905
1930
1915
1902
1912
1906
1888
1911
1913
1898
1906
1906
1899
1914
1892
1918
1920
1894
1874
1897
1904
1892
1912
1912
1874
1914
1918
1893
1908
1910
1913
1918
1903
1896
1896
1921
1908
1921
1902
1899
1909
1916
1910
1897
1908
1917
1909
1904
1900
1908
1894
1915
1918
1920
1882
1911
1924
1894
1911
1880
1908
1904
1899
1904
1885
1913
1894
1896
1917
1924
1897
1913
1949
1906
1915
1917
1875
1883
1904
1913
1890
1908
1895
1884
1910
1899
1912
1884
1926
1907
1915
1923
1905
1913
1893
1890
1893
1918
1919
1916
1922
1904
1897
1901
1904
1921
1894
1912
1919
1901
1916
1908
1910
1903
1901
1893
1880
1888
1899
1893
1913
1908
1906
1910
1913
1890
1917
1914
1910
1914
1898
1899
1899
1876
1922
1921
1908
1913
1903
1884
1911
1898
1901
1893
1919
1913
1915
1911
1883
1919
1873
1890
1890
1888
1926
1905
1907
1925
1908
1919
1892
1918
1915
1904
1903
1917
1909
1925
1911
1900
1885
1902
1904
1909
1922
1912
1912
1899
1872
1904
1907
1921
1894
1895
1913
1902
1902
1899
1904
1893
1901
1909
1879
1893
1904
1918
1893
1926
1904
1884
1905
1886
1889
1911
1903
1896
1926
1907
1905
1892
1912
1922
1916
1921
1889
1907
1898
1906
1922
1926
1920
1899
1903
1900
1899
1911
1915
1897
1911
1877
1912
1879
1886
1927
1922
1916
1914
1917
1909
1895
1920
1904
1905
1884
1918
1895
1900
1904
1903
1872
1911
1894
1904
1895
1916
1921
1916
1881
1901
1876
1915
1894
1920
1914
1895
1890
1896
1898
1888
1903
1914
1904
1910
1910
1914
1907
1885
1914
1910
1917
1922
1907
1909
1906
1888
1899
1895
1900
1921
1914
1899
1920
1890
1877
1902
1921
1912
1909
1905
1877
1909
1903
1877
1918
1890
1894
1905
1914
1900
1906
1907
1921
1898
1924
1924
1917
1871
1903
1918
1903
1905
1923
1897
1917
1898
1915
1870
1910
