1900
1900
1900
1900
1900
1900
1900
1900
1900
1900
1890
1890
1924
1924
1927
1927
1888
1888
1931
1931
1936
1936
1920
1920
1900
1900
1933
1933
1872
1872
1900
1900
1900
1900
1900
1900
1900
1900
1900
1900
1900
1900
1900
1900
1900
1900
1900
1900
1904
1904
1936
1936
1865
1865
1865
1865
1900
1900
1900
1900
1900
1900
1929
1929
1938
1938
1900
1900
1900
1900
1900
1900
1900
1900
1900
1900
1895
1895
1898
1898
1900
1900
1921
1921
1900
1900
1900
1900
1900
1900
1931
1931
1902
1902
1927
1927
1901
1901
1900
1900
1900
1900
1925
1925
1900
1900
1900
1900
1900
1900
1900
1900
1900
1900
1900
1900
1900
1900
1898
1898
1900
1900
1900
1900
1900
1900
1900
1900
1900
1900
