1887
1906
1919
1912
1938
1901
1908
1939
1916
1928
1895
1912
1913
1913
1917
1913
1918
1939
1923
1913
1912
1914
1912
1920
1916
1908
1887
1918
1915
1924
1908
1918
1916
1924
1896
1899
1912
1917
1914
1899
1898
1925
1921
1914
1917
1889
1887
1904
1930
1917
1913
1914
1941
1936
1905
1901
1867
1927
1910
1888
1887
1914
1912
1919
1910
1906
1910
1913
1910
1909
1899
1930
1913
1876
1923
1917
1898
1900
1924
1902
1915
1900
1913
1932
1931
1900
1908
1917
1908
1912
1939
1935
1909
1910
1930
1905
1905
1903
1927
1898
1932
1899
1909
1910
1909
1932
1938
1912
1885
1924
1871
1874
1920
1943
1906
1900
1910
1901
1905
1899
1920
1919
1916
1917
1932
1900
1924
1895
1913
1938
1888
1937
1910
1908
1924
1913
1879
1909
1910
1900
1893
1920
1918
1922
1894
1925
1902
1929
1927
1933
1907
1917
1938
1925
1920
1926
1909
1922
1897
1930
1895
