1900
1900
1913
1913
1899
1899
1877
1877
1908
1908
1928
1928
1933
1933
1937
1937
1936
1936
1897
1897
1927
1927
1908
1908
1905
1905
1906
1906
1925
1925
1916
1916
1908
1908
1921
1921
1921
1921
1917
1917
1923
1923
1877
1877
1903
1903
1908
1908
1872
1872
1925
1925
1886
1886
1880
1880
1922
1922
1910
1910
1918
1918
1928
1928
1883
1883
1861
1861
1874
1874
1913
1913
1913
1913
1915
1915
1939
1939
1909
1909
1933
1933
1934
1934
1936
1936
1896
1896
1934
1934
1916
1916
1886
1886
1935
1935
1905
1905
1905
1905
1932
1932
1879
1879
1875
1875
1905
1905
1896
1896
1902
1902
1928
1928
1898
1898
1882
1882
1876
1876
1917
1917
1870
1870
1894
1894
1931
1931
1902
1902
1908
1908
1896
1896
1887
1887
1923
1923
1895
1895
1891
1891
1924
1924
1923
1923
1928
1928
1932
1932
1930
1930
1924
1924
1926
1926
1919
1919
1924
1924
1898
1898
1912
1912
1907
1907
1893
1893
1930
1930
1899
1899
1923
1923
1862
1862
1911
1911
1935
1935
1939
1939
1872
1872
1875
1875
1925
1925
1919
1919
1925
1925
1920
1920
1927
1927
1926
1926
1917
1917
1888
1888
1925
1925
1927
1927
1890
1890
1923
1923
1932
1932
1904
1904
1932
1932
1877
1877
1914
1914
