1913
1913
1911
1911
1911
1911
1901
1901
1900
1900
1939
1939
1914
1914
1886
1886
1920
1920
1928
1928
1927
1927
1883
1883
1904
1904
1930
1930
1865
1865
1894
1894
1940
1940
1910
1910
1906
1906
1929
1929
1937
1937
1880
1880
1911
1911
1909
1909
1907
1907
1931
1931
1928
1928
1940
1940
1884
1884
1912
1912
1940
1940
1865
1865
1897
1897
1920
1920
1891
1891
1930
1930
1926
1926
1923
1923
1932
1932
1913
1913
1905
1905
1917
1917
1922
1922
1937
1937
1876
1876
1920
1920
1916
1916
1904
1904
1876
1876
1904
1904
1930
1930
1936
1936
1932
1932
1904
1904
1927
1927
1924
1924
1935
1935
1902
1902
1898
1898
1900
1900
1934
1934
1932
1932
1906
1906
1920
1920
1936
1936
1907
1907
1902
1902
1920
1920
1900
1900
1876
1876
1877
1877
1926
1926
1899
1899
1911
1911
1880
1880
1916
1916
1940
1940
1900
1900
1903
1903
1932
1932
1899
1899
1926
1926
1898
1898
1916
1916
1914
1914
1930
1930
1887
1887
1924
1924
1893
1893
1928
1928
1930
1930
1910
1910
1901
1901
1938
1938
1905
1905
1923
1923
1914
1914
1892
1892
1885
1885
1900
1900
1924
1924
1893
1893
1874
1874
1886
1886
1910
1910
1923
1923
1913
1913
1926
1926
1906
1906
1900
1900
1911
1911
1923
1923
1933
1933
1908
1908
1880
1880
1892
1892
1918
1918
1886
1886
1918
1918
1907
1907
1912
1912
1914
1914
1919
1919
1934
1934
1938
1938
1866
1866
1902
1902
1908
1908
1902
1902
1870
1870
1935
1935
1929
1929
1930
1930
1882
1882
1913
1913
1916
1916
1939
1939
1888
1888
1924
1924
1913
1913
1911
1911
1911
1911
1937
1937
1901
1901
1903
1903
1940
1940
1928
1928
1901
1901
1932
1932
1926
1926
1938
1938
1903
1903
1929
1929
1906
1906
1927
1927
1924
1924
1891
1891
1926
1926
1933
1933
1931
1931
1901
1901
1901
1901
1925
1925
1905
1905
1933
1933
1909
1909
1897
1897
1900
1900
1900
1900
1912
1912
1931
1931
1907
1907
1901
1901
1929
1929
1905
1905
1932
1932
1905
1905
1875
1875
1903
1903
1925
1925
1878
1878
1881
1881
1900
1900
1902
1902
1907
1907
