1933
1933
1908
1908
1910
1910
1879
1879
1918
1918
1874
1874
1904
1904
1898
1898
1929
1929
1933
1933
1872
1872
1926
1926
1895
1895
1932
1932
1930
1930
1896
1896
1897
1897
1925
1925
1927
1927
1937
1937
1903
1903
1929
1929
1927
1927
1870
1870
1923
1923
1895
1895
1886
1886
1887
1887
1908
1908
1938
1938
1909
1909
1911
1911
1932
1932
1903
1903
1901
1901
1906
1906
1910
1910
1937
1937
1916
1916
1907
1907
1912
1912
1916
1916
1934
1934
1873
1873
1873
1873
1870
1870
1899
1899
1897
1897
1901
1901
1896
1896
1938
1938
1931
1926
1931
1926
1907
1907
1891
1891
1910
1910
1898
1898
1896
1896
1866
1866
