1941
1908
1909
1925
1935
1939
1904
1924
1898
1906
1907
1932
1935
1915
1922
1890
1924
1895
1915
1924
1922
1921
1905
1893
1918
1917
1914
1930
1929
1907
1936
1902
1937
1906
1928
1897
1882
1892
1929
1924
1888
1926
1921
1932
1934
1931
1902
1922
1940
1937
1908
1935
1864
1912
1904
1904
1902
1890
1927
1932
1930
1936
1934
1907
1907
1882
1895
1888
1904
1939
1906
1936
1930
1918
1922
1885
1891
1910
1937
1905
1921
1905
1937
1903
1935
1918
1916
1890
1888
1888
1929
1925
1903
1916
1879
1908
1939
1915
1889
1889
1888
1936
1935
1912
1913
1895
1906
1907
1870
1935
1934
1905
1937
