1935
1930
1932
1934
1932
1918
1930
1931
1932
1878
1931
1931
1929
1926
1926
1926
1932
1932
1932
1935
1932
1931
1932
1936
1937
1933
1894
1932
1893
1904
1926
1915
1882
1882
1885
1885
1931
1931
1932
1932
1932
1932
1931
1931
1872
1904
1932
1917
1917
1932
1904
1940
1932
1932
1932
1892
1932
1932
1930
1933
1926
1928
1869
1872
1930
1930
1930
1930
1932
1933
1932
1932
1932
1932
1928
1939
1932
1932
1920
1924
1932
1932
1904
1932
1932
1934
1924
1907
1921
1932
1931
1918
1932
1932
1931
1926
1931
1931
1927
1931
1932
1932
1932
1929
1932
1932
1932
1932
1931
1932
1928
1932
1932
1921
1910
1915
1931
1935
1934
1919
1933
1931
1929
1927
1930
1931
1939
1934
1898
1896
1904
1898
1932
1922
1922
1934
1931
1931
1932
1935
1932
1931
1932
1922
1931
1932
1932
1911
1938
1935
1932
1924
1933
1931
1929
1920
1931
1932
1937
1932
1902
1922
1927
1932
1930
1875
1878
1932
1920
1928
1913
1931
1931
1936
1933
1914
1932
1889
1926
1932
1932
1927
1929
1899
1931
1932
1932
1932
1875
1932
1932
