1878
1878
1928
1928
1897
1897
1882
1882
1940
1940
1880
1880
1912
1912
1914
1914
1920
1920
1910
1910
1924
1924
1932
1932
1929
1929
1927
1927
1891
1891
1916
1916
1921
1921
1897
1897
1905
1905
1908
1908
1938
1938
1935
1935
1900
1900
1918
1918
1907
1907
1895
1895
1927
1927
1900
1900
1893
1893
1920
1920
1922
1922
1921
1921
1921
1921
1924
1924
1934
1934
1920
1920
1925
1925
1931
1931
1927
1927
1895
1895
1891
1891
1925
1925
1886
1886
1922
1922
1928
1925
1925
1928
1905
1905
1905
1905
1932
1932
1935
1935
1925
1925
1922
1922
1923
1923
1927
1927
1895
1895
1895
1895
1933
1933
1931
1931
1909
1909
1935
1935
1905
1905
1933
1933
1897
1897
1895
1895
1925
1925
1930
1930
1894
1894
1894
1894
1926
1926
1933
1933
1890
1890
1928
1928
1924
1924
1930
1930
1927
1927
1898
1898
1899
1899
1904
1904
1902
1902
1926
1926
1928
1928
1919
1919
1921
1921
1924
1924
1920
1920
1882
1882
1924
1924
1917
1917
1891
1891
1924
1924
1928
1928
1926
1926
1921
1921
1929
1929
1925
1925
1919
1919
1922
1922
1884
1884
1894
1894
1928
1928
1912
1912
1921
1921
1925
1925
1891
1891
1923
1923
1923
1923
1931
1931
1900
1900
1901
1901
1906
1906
1869
1869
1928
1928
1894
1894
1924
1924
1899
1899
1916
1916
1908
1908
1941
1941
1932
1932
1908
1908
1893
1893
1892
1892
1929
1929
1926
1926
1908
1908
1884
1884
1882
1882
1911
1911
1918
1918
1896
1896
1873
1873
1891
1891
1918
1918
1914
1914
1921
1921
1929
1929
1887
1887
1891
1891
1904
1904
1900
1900
1925
1925
1894
1894
1926
1926
1921
1921
1930
1930
1925
1925
1896
1896
1903
1903
1906
1906
1881
1881
1926
1926
1904
1904
1929
1929
1879
1879
1889
1889
1884
1884
1865
1865
1905
1905
1920
1920
1914
1914
1927
1927
1931
1931
1901
1901
1901
1901
1935
1935
1921
1921
1894
1894
1898
1898
1909
1909
1909
1909
1920
1920
1936
1936
1898
1898
1889
1889
1930
1930
1921
1921
1923
1923
1920
1920
1892
1892
1892
1892
1936
1936
1934
1934
1908
1908
1895
1895
1932
1932
1923
1923
1893
1893
1926
1926
1898
1898
1918
1918
1907
1907
1917
1917
1899
1899
1895
1895
1902
1902
1917
1917
1889
1889
1936
1936
1900
1900
1918
1918
1875
1875
1903
1903
1923
1923
1864
1864
1930
1930
1932
1932
1862
1862
1940
1940
1913
1913
1902
1902
1917
1917
1895
1895
1897
1897
1877
1877
1915
1915
1906
1906
1872
1872
1873
1873
1911
1911
1869
1869
1893
1893
1905
1905
1903
1903
1898
1898
1929
1929
1903
1903
1924
1924
1910
1910
1875
1875
1902
1902
1930
1930
1903
1903
1932
1932
1898
1898
1891
1891
1929
1929
1904
1904
1897
1897
1923
1923
1926
1926
1898
1898
1911
1911
1908
1908
1907
1907
1910
1910
1922
1922
1920
1920
1926
1926
1916
1916
1938
1938
1906
1906
1906
1906
1928
1928
1928
1928
1900
1900
1900
1900
1923
1923
1901
1901
1910
1910
1880
1880
1875
1875
1907
1907
1939
1939
1897
1897
1934
1934
1924
1924
1896
1896
1908
1908
1933
1933
1909
1909
1915
1915
1874
1874
1909
1909
1911
1911
1938
1938
1890
1890
1890
1890
1921
1921
1920
1920
1900
1900
1913
1913
1902
1902
1902
1902
1931
1931
1919
1919
1930
1930
1905
1905
1900
1900
1903
1903
1934
1934
1893
1893
1893
1893
1911
1911
1937
1937
1912
1912
1874
1874
1937
1937
1913
1913
1911
1911
1915
1915
1900
1900
1903
1903
1902
1902
1911
1911
1930
1930
1933
1933
1905
1905
