1922
1928
1888
1898
1923
1924
1926
1896
1930
1896
1915
1915
1878
1919
1877
1918
1919
1898
1905
1892
1921
1898
1920
1913
1903
1898
1861
1871
1914
1905
1923
1907
1935
1911
1895
1894
1896
1905
1908
1895
1909
1909
1897
1922
1924
1900
1934
1913
1904
1913
1914
1940
1871
1909
1918
1914
1935
1885
1919
1892
1910
1937
1912
1905
1921
1897
1903
1898
1895
1929
1926
1931
1914
1919
1938
1925
1891
1898
1898
1888
1912
1886
1922
1924
1899
1897
1880
1870
1907
1914
1938
1879
1878
1919
1886
1899
1924
1897
1923
1925
1906
1900
1908
1907
1906
1896
1904
1938
1915
1932
1909
1906
1933
1894
1916
1923
1914
1903
1902
1912
1914
1916
1906
1914
1906
1939
1937
1905
1893
1929
1900
1898
1909
1909
1912
1920
1910
1910
1939
1873
1920
1922
1882
1887
1882
1914
1911
1911
1906
1929
1933
1914
1921
1904
1934
1901
1904
1926
1919
1927
1905
1904
1938
1940
1916
1901
1897
