1915
1883
1882
1920
1910
1894
1926
1923
1899
1924
1933
1899
1889
1909
1915
1912
1940
1877
1914
1904
1906
1878
1940
1905
1910
1935
1908
1905
1917
1914
1886
1884
1914
1922
1919
1924
1907
1915
1892
1891
1914
1919
1907
1928
1902
1902
1933
1896
1898
1921
1892
1894
1908
1925
1915
1871
1907
1897
1938
1942
1873
1924
1931
1875
1900
1906
1904
1931
1923
1884
1916
1925
1915
1878
1911
1901
1905
1902
1938
1940
1925
1880
1917
1874
1873
1911
1911
1939
1926
1934
1923
1929
1892
1921
1912
1910
1932
1900
1889
1904
1923
1915
1897
1897
1895
1894
1918
1926
1935
1903
1926
1937
1904
1929
1934
1908
1906
1934
1912
1914
1906
1880
1923
1917
1907
1914
1905
1908
1934
1932
1912
1917
1873
1875
1907
1939
1907
1911
1878
1874
1880
1880
1913
1898
1885
1905
1931
1905
1925
1880
1922
1919
1913
1912
1917
1909
1881
1928
1933
1908
1874
1906
1891
1913
1910
1887
1879
1916
1879
1915
1900
1903
1932
1922
