1902
1902
1912
1912
1939
1939
1904
1904
1937
1937
1920
1920
1910
1910
1914
1914
1921
1921
1876
1876
1904
1904
1904
1904
1910
1910
1933
1933
1904
1904
1912
1912
1940
1940
1927
1927
1930
1930
1924
1924
1894
1894
1927
1927
1902
1902
1913
1913
1921
1921
1890
1890
1918
1918
1913
1913
1926
1926
1913
1913
1916
1916
1916
1916
1915
1915
1922
1922
1905
1905
1935
1935
1935
1935
1933
1933
1911
1911
1938
1938
1919
1919
1913
1913
1912
1912
1908
1908
1933
1933
1940
1940
1896
1896
1931
1931
1894
1894
1925
1925
1915
1915
1917
1917
1876
1876
1929
1929
1903
1903
1926
1926
1925
1925
1905
1905
1913
1913
1936
1936
1920
1920
1901
1901
1892
1892
1926
1926
1913
1913
1916
1916
1928
1928
1918
1918
1929
1929
1925
1925
1899
1899
1923
1923
1923
1923
1907
1907
1903
1903
1913
1913
