1904
1901
1892
1935
1930
1937
1913
1910
1891
1888
1919
1885
1882
1915
1905
1933
1905
1913
1916
1886
1918
1920
1911
1910
1883
1925
1916
1867
1925
1890
1930
1906
1907
1924
1857
1882
1895
1910
1932
1934
1908
1891
1937
1869
1909
1900
1912
1866
1919
1925
1881
1887
1915
1885
1898
1924
1901
1915
1886
1919
1916
1882
1913
1891
1869
1873
1910
1891
1915
1918
1875
1871
1900
1924
1926
1897
1898
1921
1934
1873
1923
1926
1925
1924
1894
1888
1891
1925
1927
1902
1923
1881
1882
1887
1905
1876
1902
1906
1886
1889
1873
1928
1923
1883
1924
1929
1883
1926
1900
1927
1897
1923
1879
1885
1886
1900
1907
1922
1890
1867
1899
1893
1905
1868
1871
1912
1904
1914
1920
1924
1924
1898
1921
1919
1898
1926
1922
1858
1885
1911
1876
1919
1910
1934
1904
1898
1929
1898
1895
1920
1878
1906
1926
1896
1897
1929
1912
1883
1885
1910
1877
1915
1915
1940
1886
1931
1915
1920
1886
1874
1875
1891
1922
1890
1909
1933
1906
1939
1913
