1928
1928
1902
1902
1937
1937
1909
1909
1933
1933
1905
1905
1941
1941
1921
1921
1906
1906
1912
1912
1940
1940
1939
1939
1905
1905
1909
1909
1881
1881
1877
1877
1921
1921
1895
1895
1897
1897
1923
1923
1915
1915
1905
1905
1897
1897
1910
1910
1925
1925
1925
1925
1925
1925
1924
1924
1922
1922
1913
1913
1908
1908
1920
1920
1894
1894
1897
1897
1900
1900
1910
1910
1926
1926
1900
1900
1883
1883
1917
1917
1925
1925
1887
1887
1881
1881
1918
1918
1921
1921
1899
1899
1929
1929
1899
1899
1925
1925
1921
1921
1929
1929
1906
1906
1930
1930
1900
1900
1908
1908
1910
1910
1908
1908
1904
1904
1881
1881
1910
1910
1930
1930
1894
1894
1894
1894
1926
1926
1933
1933
1905
1905
1910
1910
1931
1931
1928
1928
1900
1900
1929
1929
1931
1931
1906
1906
1918
1918
1902
1902
1896
1896
1911
1911
1876
1876
1919
1919
1907
1907
1909
1909
1938
1938
1907
1907
1901
1901
1891
1891
1909
1909
1928
1928
1899
1899
1921
1921
1921
1921
1930
1930
1912
1912
1922
1922
1910
1910
1909
1909
1902
1902
1912
1912
1905
1905
1911
1911
1939
1939
1907
1907
1925
1925
1915
1915
1880
1880
1916
1916
1909
1909
1931
1931
1910
1910
1906
1906
1903
1903
1941
1941
1937
1937
1934
1934
1940
1940
1909
1909
1909
1909
1878
1878
1914
1914
1907
1907
1890
1890
1891
1891
1929
1929
1922
1922
1892
1892
1913
1913
1903
1903
1914
1914
1905
1905
1915
1915
1898
1898
1893
1893
1939
1939
1912
1912
1920
1920
1932
1932
1899
1899
1909
1909
1929
1929
1933
1933
1905
1905
1930
1930
1926
1926
1882
1882
1911
1911
1923
1923
1914
1914
1939
1939
1909
1909
1938
1938
1906
1906
1924
1924
1925
1925
1895
1895
1910
1910
1906
1906
1903
1903
1933
1933
1916
1916
1908
1908
1929
1929
1901
1901
1924
1924
1896
1896
1907
1907
1927
1927
1932
1932
1907
1907
1903
1903
1920
1920
1918
1918
1920
1920
1925
1925
1901
1901
1868
1868
1907
1907
1902
1902
1934
1934
1892
1892
1895
1895
1926
1926
1927
1927
1924
1924
1895
1895
1920
1920
1904
1904
1895
1895
1897
1897
1911
1911
1920
1920
1911
1911
1912
1912
1897
1897
1925
1925
1920
1920
1907
1907
1912
1912
1902
1902
1900
1900
1923
1923
1931
1931
1880
1880
1902
1902
1885
1885
1907
1907
1891
1891
1887
1887
1923
1923
1919
1919
1916
1916
1879
1879
1915
1915
1916
1916
1917
1917
1914
1914
1912
1912
1935
1935
1906
1906
1895
1895
1913
1913
1921
1921
1893
1893
1908
1908
1939
1939
1918
1918
1937
1937
1909
1909
1916
1916
1911
1911
1914
1914
1916
1916
1889
1889
1889
1889
1904
1904
1889
1889
1915
1915
1913
1913
1889
1889
1913
1913
1910
1910
1907
1907
1908
1908
1896
1896
1926
1926
1926
1926
1899
1899
1915
1915
1928
1928
1916
1916
1922
1922
1906
1906
1938
1938
1936
1936
1911
1911
1913
1913
1923
1923
1925
1925
1925
1925
1921
1921
1914
1914
1920
1920
1889
1889
1925
1925
1890
1890
1905
1905
1933
1933
1919
1919
1924
1924
1926
1926
1923
1923
1895
1895
1930
1930
1919
1919
1944
1944
1888
1888
1927
1927
1897
1897
1922
1922
1894
1894
1894
1894
1928
1928
1922
1922
1920
1920
1923
1923
1880
1880
1890
1890
1915
1915
1905
1905
1898
1898
1928
1928
1930
1930
1929
1929
1871
1871
1929
1929
1925
1925
1928
1928
1920
1920
1918
1918
1881
1881
1911
1911
1928
1928
1901
1901
1885
1885
1906
1906
1896
1896
1924
1924
1910
1910
1911
1911
1914
1914
1918
1918
1892
1892
1899
1899
1910
1910
1925
1925
1897
1897
1910
1910
1931
1931
1926
1926
1922
1922
1892
1892
1925
1925
1920
1920
