1900
1900
1900
1900
1923
1923
1914
1914
1879
1879
1928
1928
1911
1911
1938
1891
1925
1938
1888
1891
1888
1925
1916
1916
1922
1922
1890
1900
1900
1890
1876
1876
1923
1923
1912
1912
1870
1870
1895
1895
1880
1880
1912
1912
1930
1930
1894
1894
1929
1929
1926
1926
1904
1904
1882
1882
1910
1910
1914
1914
1893
1893
1909
1909
1903
1903
1929
1929
1901
1901
1921
1921
1906
1906
1918
1918
1908
1908
1905
1905
1903
1903
1937
1937
1919
1919
1896
1896
1926
1926
1913
1913
1897
1897
1917
1917
1915
1915
1904
1904
1910
1910
1899
1899
1930
1908
1930
1908
1933
1933
1935
1935
1896
1896
1920
1920
1920
1920
1922
1922
1909
1909
1933
1933
1906
1906
1904
1904
1882
1882
1900
1900
1913
1913
1910
1910
1937
1937
1937
1937
1900
1900
1919
1919
1908
1908
1903
1903
1904
1904
1895
1895
1900
1900
1904
1904
1914
1914
1877
1877
1940
1940
1912
1912
1908
1908
1911
1911
1879
1879
1907
1907
1883
1883
1900
1900
1927
1927
1920
1920
1920
1920
1922
1922
1930
1930
1893
1893
1925
1925
1900
1900
1910
1910
1896
1896
1905
1905
1914
1914
1904
1904
1914
1914
1935
1935
1894
1894
1937
1937
1923
1923
1932
1932
1889
1889
1897
1897
1915
1915
1923
1923
1887
1887
1920
1920
1908
1908
1930
1930
1898
1898
1928
1928
1887
1887
1918
1918
1926
1926
1900
1900
1938
1938
1910
1910
1911
1911
1889
1889
1902
1902
1905
1905
1937
1937
1887
1887
1887
1887
1902
1902
1928
1928
1911
1911
1913
1913
1893
1893
1924
1924
1886
1886
1911
1911
1886
1886
1930
1930
1937
1937
1900
1900
1914
1914
1918
1918
1939
1939
1898
1898
1934
1934
1942
1942
1909
1909
1906
1906
1887
1887
1925
1925
1923
1923
1888
1888
1935
1935
1910
1910
1911
1911
1912
1912
1901
1901
1904
1904
1934
1934
1869
1869
1912
1912
1906
1906
1900
1900
1909
1909
1918
1918
1912
1912
1937
1937
1914
1914
1921
1921
1887
1887
1919
1919
1929
1929
1906
1906
1904
1904
1932
1932
1879
1879
1889
1889
1913
1913
1916
1916
1923
1923
1887
1887
1923
1923
1903
1903
1902
1902
1908
1908
1906
1906
1896
1896
1910
1910
1877
1877
1917
1917
1911
1911
1897
1897
1920
1920
1934
1934
1930
1930
1899
1899
1904
1904
1915
1915
1919
1919
1889
1889
1907
1907
1933
1933
1912
1912
1905
1905
1912
1912
1891
1891
1900
1900
1914
1914
1894
1894
1919
1919
1924
1924
1917
1922
1917
1922
1940
1940
1938
1938
1910
1910
1915
1915
1920
1920
1906
1906
1904
1904
1884
1884
1914
1914
1936
1936
1905
1905
1934
1934
1936
1936
1914
1914
1914
1914
1937
1937
1878
1878
1906
1906
1930
1930
1916
1916
1923
1939
1939
1926
1926
1928
1931
1931
1894
1894
1925
1925
1896
1896
1930
1930
1923
1928
1900
1900
1910
1910
1910
1910
1912
1912
1881
1881
1923
1923
1910
1910
1905
1905
1908
1908
1934
1934
1908
1908
1908
1908
1911
1911
1912
1912
1924
1924
1912
1912
1885
1885
1910
1910
1939
1939
1897
1897
1932
1932
1906
1906
1908
1908
1910
1910
1876
1876
1910
1910
1916
1916
1922
1922
1920
1920
1928
1928
1920
1920
1906
1906
1908
1908
1894
1894
1900
1921
1921
1928
1900
1928
1923
1923
1924
1924
1877
1877
1933
1933
1907
1907
1915
1915
1900
1900
1881
1881
1881
1881
1925
1925
1914
1914
1933
1933
1932
1932
1893
1893
1925
1925
1894
1894
1896
1896
1901
1901
1934
1934
1925
1925
1915
1915
1930
1930
1907
1907
1876
1876
1907
1907
1900
1900
1925
1925
1891
1891
1933
1933
1926
1926
1931
1931
1895
1895
1895
1895
1904
1904
1940
1940
1920
1920
1914
1914
1897
1897
1928
1928
1924
1924
1894
1894
1928
1928
1895
1895
1926
1926
1900
1900
1913
1913
1883
1883
1907
1907
1942
1942
1874
1874
1898
1898
1927
1927
1891
1891
1900
1900
1930
1930
1925
1925
1923
1923
1892
1892
1936
1936
1903
1903
1928
1928
1922
1922
1916
1916
1891
1891
1903
1903
1899
1899
1901
1901
1935
1935
1938
1938
1907
1907
1911
1911
1940
1940
1890
1890
1911
1911
1916
1916
1915
1915
1920
1920
1881
1881
1907
1907
1884
1884
1912
1912
1938
1938
1920
1920
1895
1895
1924
1924
1928
1928
1902
1902
1933
1933
1925
1925
1877
1877
1911
1911
1871
1871
1908
1908
1902
1900
1902
1900
1900
1900
1938
1938
1928
1928
1938
1938
1914
1914
1907
1907
1913
1913
1880
1880
1882
1882
1885
1885
1893
1893
1870
1870
1929
1929
1936
1936
1901
1901
1914
1914
1911
1911
1895
1895
1893
1893
1921
1921
1925
1925
1930
1930
1904
1904
1906
1906
1934
1934
1918
1918
1892
1892
1923
1923
1886
1886
1891
1891
1926
1926
1921
1921
1929
1929
1901
1901
1935
1935
1933
1933
1894
1894
1911
1911
1913
1913
1905
1905
1883
1883
1908
1908
1915
1915
1890
1890
1914
1914
1914
1914
1937
1937
1900
1900
1933
1933
1927
1927
1938
1938
1909
1909
1903
1903
1909
1909
1919
1919
1919
1919
1883
1883
1909
1909
1908
1908
1882
1882
1909
1909
1906
1906
1905
1905
1936
1936
1933
1933
1931
1931
1903
1903
1925
1925
1920
1920
1912
1912
1922
1922
1883
1883
1923
1923
1927
1921
1927
1921
1890
1890
1918
1918
1930
1930
1910
1910
1940
1940
