1923
1909
1887
1908
1928
1923
1930
1890
1912
1899
1892
1893
1914
1898
1927
1929
1889
1869
1868
1898
1865
1889
1924
1931
1901
1928
1901
1922
1926
1920
1931
1897
1930
1913
1934
1939
1879
1915
1934
1880
1912
1917
1886
1912
1915
1884
1929
1927
1924
1911
1900
1883
1888
1898
1896
1929
1919
1921
1883
1880
1895
1884
1911
1917
1919
1938
1908
1939
1907
1935
1908
1938
1906
1910
1896
1892
1909
1880
1900
1938
1916
1928
1891
1923
1892
1924
1906
1940
1939
1909
1935
1913
1910
1937
1934
1904
1910
1865
1898
1878
1893
1909
1937
1915
1911
1863
1871
1880
1908
1918
1883
1907
1897
1927
1900
1921
1898
1899
1918
1927
1902
1914
1937
1905
1908
1887
1927
1914
1924
1923
1897
1866
1892
1898
1870
1889
1930
1889
1910
1879
1910
1883
1909
1938
1916
1912
1933
1896
1930
1902
1886
1921
1902
1924
1881
1883
1913
1889
1931
1920
1909
1884
1860
1889
1896
1891
1899
1938
1912
1917
1890
1894
1932
1921
1924
1914
1892
1892
1927
1921
1896
1869
1885
1911
1907
1925
1894
1907
1907
1936
