1904
1909
1922
1909
1895
1898
1902
1909
1887
1887
1914
1901
1901
1916
1888
1903
1912
1894
1870
1912
1909
1906
1907
1907
1902
1904
1890
1907
1901
1900
1897
1911
1913
1907
1903
1887
1909
1880
1887
1909
1916
1917
1905
1900
1886
1893
1897
1898
1901
1903
1892
1909
1910
1906
1895
1893
1895
1890
1913
1919
1908
1893
1908
1908
1876
1893
1895
1898
1903
1902
1890
1900
1894
1909
1887
1906
1906
1906
1891
1900
1914
1914
1904
1896
1888
1905
1912
1882
1906
1889
1872
1895
1894
1892
1909
1912
1902
1877
1889
1880
1890
1888
1912
1909
1917
1917
1907
1889
1899
1914
1892
1892
1888
1918
1902
1893
1908
1899
1899
1912
1906
1893
1893
1894
1904
1914
1908
1899
1878
1890
1898
1920
1910
1906
1902
1906
1890
1907
1902
1913
1902
1919
1915
1912
1881
1894
1913
1911
1908
1897
1899
1876
1884
1914
1909
1882
1904
1906
1901
1886
1897
1912
1902
1918
1916
1903
1896
1904
1893
1902
1889
1912
1901
1902
1882
1896
1892
1890
1907
1910
1891
1898
1908
1885
1914
1905
1895
1905
1895
1902
1882
1892
1896
1888
1909
1898
1910
1885
1892
1892
1906
1899
1905
1906
1882
1895
1917
1881
1893
1880
1896
1908
1903
1889
1895
1881
1922
1904
1904
1899
1901
1896
1897
1889
1885
1895
1919
1905
1910
1910
1882
1900
1911
1890
1902
1905
1905
1910
1915
1894
1904
1889
1900
1886
1880
1904
1914
1915
1891
1890
1885
1883
1899
1912
1880
1908
1909
1916
1888
1921
1905
1895
1895
1898
1899
1888
1875
1906
1921
1880
1898
1897
1869
1885
1903
1890
1904
1894
1917
1886
1904
1882
1897
1887
1898
1908
1902
1902
1911
1915
1897
1902
1901
1909
1892
1922
1898
1899
1916
1902
1895
1907
1903
1898
1902
1890
1904
1899
1911
1910
1909
1890
1912
1912
1893
1879
1880
1910
1879
1903
1920
1911
1903
1907
1907
1882
1900
1874
1915
1902
1868
1877
1904
1904
1874
1897
1906
1917
1897
1917
1893
1919
1917
1901
1885
1907
1898
1906
1895
1921
1901
1906
1899
1921
1913
1883
1910
1893
1913
1903
1907
1890
1917
1895
1892
1911
1906
1902
1899
1890
1883
1914
1905
1908
1902
1898
1920
1905
1899
1910
1895
1911
1913
1879
1901
1885
1894
1881
1903
1912
1893
1897
1897
1901
1878
1903
1915
1903
1904
1913
1889
1905
1912
1897
1908
1907
1900
1889
1883
1905
1915
1903
1902
1882
1891
1888
1878
1894
1904
1915
1908
1917
1907
1917
1912
1899
1898
1919
1894
1906
1888
1893
1893
1905
1904
1910
1909
1892
1895
1897
1902
1904
1875
1884
1900
1900
1904
1905
1905
1903
1900
1892
1909
1918
1896
1904
1888
1903
1897
1904
1904
1899
1894
1903
1894
1896
1906
1892
1910
1900
1903
1900
1901
1911
1897
1887
1913
1896
1896
1896
1888
1884
1875
1905
1900
1901
1880
1893
1898
1884
1911
1918
1882
1913
1897
1904
1920
1918
1912
1897
1887
1912
1920
1898
1901
1898
1888
1914
1900
1896
1880
1895
1915
1910
1899
1922
1914
1909
1893
1908
1908
1899
1893
1921
1904
1917
1905
1912
1889
1890
1909
1900
1894
1896
1920
1914
1891
1906
1885
1918
1907
1887
1904
1901
1897
1904
1891
1904
1913
1907
1923
1900
1892
1894
1876
1911
1919
1899
1887
1905
1886
1919
1921
1921
1898
1915
1914
1903
1919
1900
1902
1902
1900
1897
1912
1889
1914
1907
1917
1912
1899
1883
1910
1891
1906
1921
1902
1905
1909
1890
1884
1919
1919
1897
1899
1921
1914
1905
1903
1909
1912
1905
1909
1872
1886
1891
1905
1887
1908
1910
1893
1899
1880
1901
1904
1903
1910
1893
1906
1902
1904
1881
1915
1912
1911
1890
1887
1897
1899
1901
1900
1908
1916
1899
1889
1907
1892
1903
1911
1895
1906
1905
1903
1910
1891
1919
1879
1910
1911
1888
1892
1914
1900
1907
1894
1905
1879
1900
1909
1879
1899
1888
1896
1893
1905
1881
1902
1914
1905
1912
1909
1907
1919
1904
1910
1902
1885
1902
1904
1900
1920
1898
1912
1920
1905
1875
1893
1899
1903
1906
1905
1887
1894
1908
1864
1896
1909
1896
1900
1894
1907
1908
1908
1895
1899
1886
1908
1901
1889
1913
1899
1907
1915
1905
1897
1906
1902
1900
1881
1895
1882
1883
1891
1915
1890
1901
1913
1911
1914
1901
1898
1876
1905
1871
1901
1896
1897
1904
1916
1895
1901
1891
1907
1902
1909
1898
1889
1912
1886
1879
1883
1908
1920
1913
1879
1889
1898
1917
1902
1889
1892
1896
1900
1876
1906
1896
1900
1880
1897
1915
1900
1918
1892
1898
1902
1912
1902
1909
1901
1891
1910
1921
1915
1881
1909
1895
1903
1894
1893
1910
1909
1903
1882
1893
1897
1907
1907
1908
1893
1888
1897
1892
1913
1884
1887
1882
1893
1901
1918
1902
1901
1882
1880
1885
1910
1871
1897
1909
1891
1899
1902
1871
1907
1884
1905
1885
1874
1907
1897
1889
1914
1909
1906
1901
1890
1912
1895
1900
1896
1888
1907
1912
1909
1907
1914
1902
1902
1911
1914
1899
1887
1887
1917
1907
1908
1903
1893
1902
1894
1895
1909
1913
1909
1911
1883
1907
1902
1893
1919
1900
1890
1921
1903
1916
1916
1906
1902
1899
1902
1914
1898
1919
1910
1918
1904
1892
1893
1903
1905
1906
1914
1899
1898
1919
1907
1901
1887
1909
1903
1894
1901
1898
1909
1896
1881
1898
1902
1883
1914
1889
1891
1902
1880
1907
1894
1908
1902
1893
1910
1882
1909
1894
1897
1879
1891
1908
1901
1897
1919
1913
1919
1915
1910
1892
1885
1907
1895
1908
1897
1900
1892
1888
1913
1896
1897
1890
1897
1901
1901
1918
1906
1894
1902
1882
1903
1884
1890
1896
1906
1891
1895
1906
1890
1911
1899
1894
1890
1890
1905
1881
1892
1894
1881
1901
1882
1908
1873
1908
1897
1876
1912
1896
1909
1905
1893
1919
1891
1886
1904
1900
1909
1889
1905
1905
1882
1898
1904
1885
1892
1891
1883
1900
1879
1899
1893
1879
1895
1916
1904
1908
1902
1911
1908
1897
1906
1895
1895
1877
1904
1873
1898
1895
1904
1899
1909
1891
1891
1899
1883
1897
1895
1907
1879
1895
1881
1900
1907
1903
1905
1905
1904
1899
1900
1887
1885
1911
1900
1904
1908
1893
1901
1876
1913
1910
1894
1898
1893
1911
1911
1911
1883
1891
1888
1918
1893
1910
1903
1909
1895
1909
1900
1873
1912
1913
1898
1903
1888
1897
1912
1896
1917
1892
1905
1904
1887
1908
1894
1898
1902
1888
1875
1911
1911
1886
1906
