1925
1925
1894
1894
1929
1929
1896
1896
1923
1923
1919
1919
1922
1922
1892
1892
1895
1895
1926
1926
1927
1927
1919
1919
1889
1889
1872
1872
1927
1927
1901
1901
1938
1938
1909
1909
1937
1937
1896
1896
1871
1871
1870
1870
1900
1900
1900
1900
1913
1913
1912
1912
1925
1925
1893
1893
1923
1923
1895
1895
1895
1895
1875
1875
1909
1909
1937
1937
1902
1902
1912
1912
1913
1913
1908
1908
1916
1916
1880
1880
1885
1885
1909
1909
1872
1872
1909
1909
1872
1872
1874
1874
1910
1910
1909
1909
1938
1938
1876
1876
1925
1925
1893
1893
1922
1922
1929
1929
1886
1886
1912
1912
1916
1916
1882
1882
1911
1911
1885
1885
1901
1901
1933
1933
1903
1903
1930
1930
1909
1909
1907
1907
1938
1938
1876
1876
1900
1900
1897
1897
1927
1927
1885
1885
1926
1926
1901
1901
1936
1936
1903
1903
1927
1927
1931
1931
1934
1934
1940
1940
1912
1912
1900
1900
1925
1925
1865
1865
1916
1916
1893
1893
1922
1922
1891
1891
1918
1918
1882
1905
1882
1905
1882
1882
1913
1913
1878
1878
1914
1914
1905
1905
1910
1910
1905
1905
1888
1888
1923
1923
1890
1890
1896
1896
1939
1939
1907
1907
1933
1933
1892
1892
1890
1890
1926
1926
1889
1889
1898
1898
1889
1889
1893
1893
1866
1866
1900
1900
1894
1894
1919
1919
1920
1920
1926
1926
1915
1915
1896
1896
1925
1925
1927
1927
1935
1935
1907
1907
1877
1877
1907
1907
1935
1935
1910
1910
1903
1903
1929
1929
1907
1907
1933
1933
1907
1907
1904
1904
1903
1903
1930
1930
1905
1905
1905
1905
1905
1905
1892
1892
1885
1885
1885
1885
1912
1912
1910
1910
1917
1917
1922
1922
1912
1912
1879
1879
1903
1903
1907
1907
1931
1931
1897
1897
1903
1903
1928
1928
1866
1866
1864
1864
1910
1910
1929
1929
1888
1888
1926
1926
1915
1915
1919
1919
1889
1889
1924
1924
1913
1913
1906
1906
1882
1882
1907
1907
1904
1904
1930
1930
1908
1908
1919
1919
1924
1924
1881
1881
1896
1896
1902
1902
1919
1919
1908
1908
1879
1879
1911
1911
1878
1878
1934
1934
1912
1912
1910
1910
1906
1906
1932
1932
1910
1910
1939
1939
1912
1912
1887
1887
1921
1921
