1909
1906
1899
1899
1866
1889
1912
1899
1863
1903
1904
1921
1928
1893
1884
1877
1895
1926
1900
1928
1925
1893
1893
1908
1913
1897
1888
1868
1921
1866
1913
1882
1875
1876
1914
1905
1905
1860
1906
1886
1873
1878
1881
1881
1873
1885
1922
1889
1881
1891
1885
1896
1883
1907
1911
1881
1881
1867
1884
1859
1883
1882
1903
1892
1858
1899
1925
1897
1898
1911
1917
1915
1915
1924
1886
1882
1882
1867
1876
1876
1885
1909
1908
1919
1914
1887
1879
1878
1878
1889
1868
1904
1864
1898
1905
1883
1884
1884
1923
1906
1906
1906
1905
1885
1885
1889
1889
1928
1885
1883
1887
1926
1900
1900
1883
1856
1875
1866
1907
1884
1884
1893
1866
1926
1918
1928
1905
1905
1924
1884
1884
1869
1866
1896
1883
1905
1907
1899
1880
1880
1908
1876
1882
1885
1892
1884
1895
1895
1927
1925
1876
1876
1884
1889
1905
1909
1884
1884
1888
1923
1888
1884
1894
1869
1860
1908
1908
1879
1901
1881
1893
1857
1905
1893
1927
1883
1896
1896
1871
1888
1898
1888
1928
1897
1928
1905
1869
1926
1896
1919
1881
1881
1927
1889
1879
1878
1887
1874
1921
1921
1891
1906
1855
1911
1906
1906
1884
1922
1882
1882
1896
1903
1869
1873
1877
1877
1875
1900
1900
1914
1910
1913
1886
1886
1926
1921
1875
1875
1877
1884
1874
1866
1910
1868
1908
1922
1886
1863
1898
1904
1901
1902
1904
1877
1890
1854
1899
1890
1904
1904
1904
1912
1886
1922
1891
1860
1902
1909
1873
1873
1901
1892
1906
1894
1926
1927
1888
1896
1873
1861
1899
1879
1893
1894
1891
1928
1928
1893
1893
1894
1869
1930
1869
1905
1862
1890
1904
1918
1874
1875
1901
1883
1885
1908
1927
1863
1910
1859
1898
1884
1886
1887
1899
1876
1878
1896
1881
1882
1925
1928
1894
1904
1901
1922
1909
1894
1873
1868
1894
1928
1865
1906
1917
1919
1860
