1925
1929
1939
1921
1921
1919
1924
1913
1915
1922
1927
1907
1922
1888
1893
1923
1927
1925
1920
1899
1903
1925
1928
1927
1939
1904
1903
1935
1910
1935
1904
1907
1917
1938
1870
1871
1892
1928
1908
1906
1900
1934
1904
1909
1922
1924
1929
1894
1926
1929
1922
1926
1872
1928
1925
1906
1935
1900
1898
1929
1891
1926
1890
1893
1926
1923
1924
1903
1896
1925
1923
1923
1894
1921
1910
1916
1880
1900
1908
1869
1911
1912
1940
1922
1921
1931
1936
1897
1910
1938
1887
1892
1915
1921
1915
1910
1921
1919
1892
1932
1935
1928
1930
1933
1907
1939
1934
1932
1905
1910
1926
1899
1937
1932
1903
1931
1907
1931
1927
1924
1884
1916
1923
1914
1895
1911
1911
1907
1902
1928
1938
1930
1934
1932
1936
1933
1904
1910
1940
1904
1910
1939
1910
1923
1934
1936
1909
1912
1888
1940
1918
1918
1933
1907
1907
1908
1931
1931
1897
1929
1897
1896
1897
1896
1921
1936
1908
1930
1904
1912
1922
1923
1926
1890
1890
1911
1914
1914
1940
1933
1920
1898
1904
1878
1875
1911
1888
1917
1882
1925
1938
1892
1891
1886
1915
1926
1919
1908
1878
1879
1882
1917
1925
1920
1912
1886
1923
1920
1926
1938
1919
1874
1910
