1917
1860
1909
1886
1924
1922
1918
1909
1906
1911
1911
1900
1940
1910
1911
1910
1915
1910
1880
1880
1932
1893
1923
1928
1934
1914
1939
1937
1937
1908
1910
1885
1889
1914
1911
1918
1912
1930
1928
1890
1924
1891
1905
1908
1933
1898
1897
1934
1929
1903
1905
1903
1926
1923
1929
1894
1920
1898
1929
1908
1870
1905
1900
1895
1916
1885
1901
1895
1924
1888
1928
1928
1892
1928
1895
1925
1924
1879
1886
1907
1862
1914
1914
1939
1937
1914
1881
1884
1908
1902
1929
1937
1937
1929
1935
1924
1920
1919
1923
1925
1887
1889
1923
