1880
1884
1911
1910
1930
1913
1889
1928
1919
1888
1923
1922
1912
1918
1923
1911
1928
1919
1925
1908
1937
1907
1940
1911
1913
1921
1883
1878
1908
1874
1890
1892
1900
1880
1884
1909
1913
1939
1915
1922
1922
1887
1888
1927
1898
1905
1921
1924
1907
1892
1939
1933
1935
1908
1875
1887
1883
1874
1895
1898
1927
1898
1923
1890
1889
1903
1930
1892
1915
1926
1893
1930
1905
1933
1905
1929
1931
1937
1900
1920
1919
1924
1890
1892
1922
1915
1936
1915
1937
1904
1930
1905
1907
1906
1893
1934
1894
1923
1925
1897
1914
1912
1880
1916
1899
1935
1867
1890
1907
1936
1901
1924
1906
1904
1915
1900
1909
1940
1904
1873
1895
1925
1914
1923
1912
1916
1881
1882
1927
1919
1899
1904
1912
1936
1896
1873
1908
1871
1894
1891
1932
1925
1895
1915
1922
1912
1934
1901
1933
1904
1931
1895
1906
1921
1914
1896
1916
1892
1900
1928
1883
1923
1925
1896
1895
1885
1915
1890
1921
1928
1926
1924
1922
1916
1938
1874
1909
1932
1936
1909
1914
1914
1883
1871
1874
1905
1939
1907
1898
1921
1926
1896
1904
1903
1896
1863
1913
1918
1894
1890
1933
1925
1916
1914
1926
1910
1910
1908
1908
1904
1922
1900
1934
1905
1862
1879
1907
1918
1893
1933
1891
1925
1899
1924
1892
1904
1938
1909
1874
1936
1904
1894
1893
1861
1901
1926
1894
1892
1928
1923
1887
1924
1888
1937
1917
1914
1940
1910
1928
1904
1902
1906
1903
1938
1890
1875
1911
1907
