1870
1912
1920
1886
1884
1925
1889
1928
1921
1924
1898
1933
1936
1906
1921
1924
1890
1898
1890
1917
1889
1920
1924
1915
1922
1927
1875
1909
1888
1913
1936
1919
1923
1893
1920
1917
1886
1865
1900
1888
1929
1938
1911
1934
1922
1936
1910
1885
1858
1881
1879
1909
1879
1906
1923
1879
1909
1911
1884
1917
1885
1929
1918
1912
1929
1892
1923
1885
1900
1891
1929
1885
1915
1920
1877
1916
1906
1911
1935
1903
1938
1901
1930
1888
1920
1901
1901
1910
1929
1904
1932
1906
1916
1921
1915
1888
1886
1892
1910
1931
1934
1889
1923
1933
1904
1906
1910
1911
1875
1906
1903
1915
1891
1920
1888
1909
1908
1937
1898
1870
1938
1907
1903
1866
1897
1878
1929
1895
1902
1907
1878
1913
1900
1931
1930
1912
1907
1928
1926
1907
1923
1903
1939
1894
1895
1920
1924
1892
1927
1892
1901
1897
1869
1896
1900
1891
1922
1893
1917
1878
1911
1917
1913
1919
1875
1908
1875
1872
1869
1923
1888
1897
1874
1872
1917
