1910
1919
1912
1921
1911
1906
1916
1920
1919
1922
1914
1911
1903
1906
1911
1920
1917
1918
1912
1921
1916
1912
1900
1919
1920
1920
1917
1921
1908
1909
1916
1883
1891
1914
1907
1911
1914
1918
1899
1895
1915
1902
1911
1920
1921
1909
1917
1918
1913
1919
1905
1914
1910
1910
1913
1919
1920
1918
1909
1909
1910
1903
1915
1913
1905
1908
1913
1914
1917
1920
1915
1918
1912
1912
1914
1917
1903
1897
1908
1918
1912
1914
1905
1917
1914
1920
1914
1913
1918
1920
1914
1920
1905
1921
1919
1888
1916
1900
1889
1915
1901
1907
1922
1915
1908
1921
1900
1914
1908
1904
1921
1918
1909
1910
1914
1906
1912
1901
1921
1917
1921
1920
1919
1915
1909
1920
1902
1911
1916
1919
1896
1913
1900
1919
1911
1912
1906
1919
1917
1900
1904
1914
1906
1920
1914
1918
1916
1916
1900
1914
1908
1907
1907
1909
1922
1922
1914
1917
1915
1917
1919
1919
1909
1917
1921
1906
1913
1913
1905
1897
1917
1920
1921
1911
1911
1919
1914
1918
1913
1913
1921
1893
1912
1920
1918
1914
1919
1918
1919
1915
1893
1920
1881
1913
1908
1921
1909
1908
1909
1919
1915
1903
1919
1916
1906
1911
1913
1922
1915
1915
1917
1914
1921
1911
1921
1915
1900
1918
1918
1915
1909
1908
1921
1915
1918
1913
1917
1911
1912
1914
1907
1904
1921
1901
1917
1916
1907
1917
1910
1894
1918
1896
1887
1896
1909
1915
1918
1918
1921
1912
1920
1909
1909
1912
1911
1910
1919
1906
1892
1908
1920
1906
1905
1910
1918
1920
1919
1917
1903
1912
1918
1920
1915
1918
1913
1920
1907
1912
1913
1910
1881
1883
1921
1917
1919
1918
1901
1914
1906
1890
1914
1895
1917
1915
1911
1921
1916
1915
1911
1921
1918
1919
1916
1916
1906
1921
1918
1913
1920
1904
1916
1903
1910
1921
1915
1918
1911
1915
1914
1891
1909
1913
1918
1915
1917
1913
1918
1922
1922
1914
1915
1916
1919
1912
1921
1920
1920
1903
1912
1912
1916
1914
1913
1914
1905
1909
1915
1911
1911
1913
1918
1893
1897
1889
1908
1911
1911
1910
1912
1918
1918
1908
1921
1911
1914
1914
1918
1916
1916
1905
1916
1893
1921
1906
1919
1909
1912
1918
1913
1907
1908
1918
1918
1908
1906
1923
1920
1921
1911
1921
1921
1916
1920
1910
1903
1902
1908
1900
1910
1919
1918
1910
1918
1916
1920
1913
1912
1918
1921
1922
1905
1920
1897
1920
1901
1919
1891
1918
1916
1916
1899
1921
1912
1916
1916
1914
1912
1915
1914
1915
1915
1903
1911
1918
1914
1902
1906
1911
1902
1917
1918
1915
1906
1905
1905
1915
1921
1914
1919
1912
1915
1904
1914
1909
1909
1913
1908
1896
1921
1913
1913
1918
1919
1921
1897
1898
1892
1906
1906
1918
1905
1909
1918
1920
1908
1914
1903
1911
1902
1919
1907
1902
1922
1915
1913
1915
1921
1917
1915
1915
1916
1920
1919
1919
1904
1902
1914
1914
1913
1903
1895
1912
1915
1918
1910
1897
1920
1918
1921
1909
1918
1904
1898
1920
1914
1904
1901
