1907
1895
1914
1904
1896
1899
1929
1896
1920
1922
1908
1875
1913
1936
1893
1898
1892
1914
1887
1925
1897
1909
1884
1907
1906
1906
1914
1906
1901
1916
1902
1885
1919
1881
1895
1900
1932
1938
1925
1896
1896
1928
1930
1922
1903
1888
1900
1881
1925
1923
1893
1921
1896
1905
1892
1889
1890
1858
1909
1908
1900
1922
1898
1902
1897
1884
1924
1920
1920
1900
1905
1923
1893
1893
1906
1928
1929
1931
1922
1887
1920
1901
1928
1894
1899
1890
1895
1930
1862
1926
1922
1895
1890
1894
1903
1937
1887
1886
1907
1922
1933
1925
1931
1934
1914
1899
1896
1912
1902
1903
1875
1901
1916
1875
1892
1889
1903
1917
1897
1912
1911
1883
1874
1881
1901
1931
1891
1902
1896
1910
1888
1894
1890
1892
1922
1887
