1898
1927
1940
1911
1938
1931
1933
1906
1931
1936
1882
1904
1909
1920
1927
1925
1924
1897
1923
1926
1915
1937
1883
1883
1917
1895
1929
1930
1914
1942
1938
1913
1891
1939
1925
1927
1904
1921
1881
1911
1901
1886
1907
1940
1900
1941
1913
1867
1920
1923
1902
1908
1908
1939
1935
1910
1880
1911
1913
1935
1880
1909
1871
1875
1903
1908
1897
1910
1933
1915
1926
1927
1932
1884
1926
1937
1906
1926
1916
1930
1914
1931
1936
1930
1925
1928
1931
1898
1935
1924
1920
1895
1895
1909
1912
1923
1920
1918
1919
1915
1939
1903
1926
1889
1922
1917
1916
1903
1925
1913
1917
1922
1888
1918
1914
1939
1936
1934
1917
1911
1908
1925
1925
1889
1935
1931
1921
1920
1926
1930
1908
1889
1929
1926
1901
1909
1930
1936
1934
1936
1938
1897
1876
1933
1932
1906
1922
1899
1904
1931
1888
1888
1923
1921
1918
1916
1888
1924
1925
1929
1932
1927
1933
1935
1926
1928
1903
1931
1937
1902
