1895
1900
1902
1871
1890
1870
1874
1895
1890
1882
1864
1898
1898
1922
1924
1892
1890
1919
1888
1874
1869
1914
1890
1915
1882
1887
1887
1892
1885
1877
1876
1870
1866
1888
1881
1879
1915
1931
1900
1905
1900
1868
1878
1889
1875
1865
1890
1868
1890
1882
1874
1857
1875
1907
1883
1913
1913
1860
1876
1872
1876
1892
1901
1875
1928
1873
1883
1902
1870
1878
1905
1938
1914
1883
1883
1898
1859
1921
1913
1884
1925
1866
1878
1879
1881
1868
1868
1891
1892
1899
1875
1870
1908
1873
1861
1861
1896
1914
1883
1876
1902
1867
1870
1878
1882
1871
1882
1884
1880
1912
1913
1880
1878
1873
1864
1902
1870
1902
1892
1896
1867
