1922
1888
1886
1931
1937
1937
1906
1906
1932
1932
1931
1931
1919
1918
1922
1922
1922
1922
1899
1894
1894
1894
1910
1910
1940
1913
1913
1913
1908
1908
1910
1910
1937
1937
1906
1906
1918
1918
1932
1932
1902
1902
1904
1904
1934
1934
1918
1918
1910
1910
1915
1915
1915
1915
1908
1908
1913
1913
1863
1887
1867
1924
1924
1914
1920
1920
1925
1918
1886
1873
1927
1912
1912
1921
1921
1891
1891
1885
1885
1914
1914
1904
1933
1882
1882
1884
1884
1916
1916
1919
1919
1926
1926
1929
1929
1903
1903
1933
1933
1905
1908
1936
1936
1893
1893
1883
1883
1933
1906
1909
1909
1932
1932
1908
1908
1934
1890
1890
1890
1890
1890
1895
1895
1925
1877
1877
1881
1881
1932
1907
1902
1922
1922
1912
1912
1929
1922
1922
1919
1911
1911
1913
1912
1909
1909
1911
1911
1909
1911
1927
1927
1923
1923
1892
1892
1920
1920
