1919
1925
1913
1905
1900
1926
1915
1927
1915
1906
1924
1907
1909
1909
1925
1904
1898
1908
1918
1925
1924
1924
1913
1899
1903
1912
1901
1907
1904
1899
1911
1906
1909
1898
1905
1919
1911
1905
1906
1906
1908
1906
1906
1907
1905
1912
1919
1905
1910
1899
1911
1922
1896
1912
1907
1926
1923
1908
1903
1920
1910
1909
1905
1921
1913
1914
1904
1897
1905
1921
1922
1912
1924
1905
1905
1909
1911
1911
1906
1905
1914
1917
1906
1912
1903
1901
1921
1905
1909
1900
1912
1903
1900
1919
1919
1923
1905
1923
1923
1909
1907
1898
1895
1908
1904
1900
1907
1906
1905
1910
1904
1916
1925
1907
1908
1906
1915
1905
1923
1912
1926
1910
1909
1906
1921
1907
1900
1910
1906
1926
1905
1918
1913
1904
1911
1912
1923
1913
1913
1924
1910
1908
1915
1920
1920
1919
1909
1925
1910
1905
1923
1913
1898
1908
1904
1908
1906
1920
1920
1903
1905
1905
1903
1926
1908
1901
1905
1923
1907
1906
1915
1906
1900
1907
1922
1909
1926
1920
1915
1926
1926
1918
1908
1913
1906
1923
1908
1910
1917
1912
1924
1904
1905
1926
1896
1920
1915
1907
1908
1926
1924
1898
1905
1904
1906
1907
1909
1910
1912
1926
1926
1900
1906
1908
1908
1915
1902
1912
1907
1891
1907
1905
1910
1918
1906
1900
1925
1905
1901
1921
1898
1924
1914
1909
1905
1926
1912
1905
1906
1906
1914
1911
1900
1907
1926
1905
1904
1925
1925
1920
1920
1922
1914
1918
1918
1923
1911
1908
1906
1905
1907
1910
1914
1926
1908
1910
1900
1918
1912
1919
1902
1904
1921
1907
1922
1904
1898
1895
1926
1923
1923
1914
1913
1913
1909
1914
1907
1915
1910
1909
1906
1922
1922
1922
1910
1924
1910
1902
1922
1911
1921
1922
1910
1905
1905
1916
1910
1905
1908
1915
1905
1916
1908
1919
1903
1917
1906
1909
1926
1912
1908
1899
1913
1920
1905
1924
1902
1924
1906
1907
1904
1925
1906
1909
1913
1905
1920
1921
1906
1910
1908
1895
1906
1905
1908
1906
1925
1904
1905
1905
1906
1906
1903
1904
