1911
1910
1936
1934
1938
1918
1894
1925
1923
1901
1896
1924
1930
1910
1902
1902
1936
1910
1911
1920
1896
1925
1929
1920
1918
1924
1908
1909
1931
1877
1906
1925
1906
1901
1929
1935
1939
1901
1927
1924
1931
1919
1925
1886
1888
1916
1927
1929
1932
1930
1901
1904
1898
1931
1894
1900
1891
1931
1924
1916
1889
1929
1889
1928
1927
1900
1926
1900
1881
1924
1906
1910
1938
1908
1854
1899
1931
1899
1937
1880
1884
1924
1912
1913
1914
1934
1930
1865
1928
1892
1921
1925
1893
1920
1893
1918
1894
1924
1926
1911
1893
1932
1925
1935
1923
1928
1871
1891
1926
1937
1896
1940
1930
1900
1911
1865
1910
1939
1887
1919
1884
1931
1906
1908
1928
1925
1921
1889
1919
1890
1909
1936
1938
1911
1912
1900
1927
1906
1932
1925
1898
1927
1938
1935
1897
1922
1867
1902
1892
1901
1919
1924
1930
1926
1934
1899
1900
