1914
1899
1899
1929
1868
1870
1865
1917
1891
1919
1890
1918
1900
1928
1940
1908
1905
1897
1935
1936
1938
1923
1925
1900
1869
1905
1903
1929
1928
1933
1930
1901
1904
1921
1919
1923
1916
1927
1909
1884
1916
1916
1885
1888
1892
1910
1905
1933
1937
1940
1906
1879
1910
1937
1914
1918
1932
1903
1927
1903
1874
1913
1880
1872
1926
1902
1877
1902
1877
1928
1900
1900
1928
1932
1898
1896
1925
1932
1896
1921
1928
1923
1883
1921
1930
1927
1895
1893
1892
1925
1921
1919
1912
1884
1921
1898
1916
1907
1927
1873
1869
