1913
1890
1922
1924
1922
1928
1910
1922
1926
1905
1924
1929
1922
1890
1911
1895
1923
1895
1927
1895
1892
1885
1887
1900
1916
1892
1903
1899
1928
1897
1896
1893
1893
1895
1923
1928
1894
1905
1903
1905
1904
1925
1915
1924
1900
1923
1901
1928
1892
1884
1901
1909
1927
1924
1894
1909
1891
1905
1905
1905
1893
1910
1894
1926
1900
1927
1889
1894
1899
1884
1905
1925
1924
1901
1908
1897
1887
1895
1893
1908
1926
1885
1928
1889
1890
1897
1889
1927
1927
1894
1925
1913
1895
1891
1899
1925
1891
1886
1896
1890
1900
1889
1888
1893
1897
1912
1913
1887
1892
1885
1919
1920
1885
1902
1905
1907
1890
1926
1899
1891
1912
1908
1894
1928
1900
1892
1896
1903
1909
1893
1890
1927
1893
1905
1891
1898
1888
1891
1886
1927
1899
1900
1895
1926
1926
1905
1893
1917
1900
1896
1900
1900
1897
1895
1900
1894
1899
1899
1894
1894
1899
1914
1889
1900
1885
1907
1914
1885
1905
1899
1896
1904
1928
1900
1927
1897
1898
1900
1899
1891
1925
1886
1926
1906
1908
1924
1924
1926
1895
1894
1913
1914
1924
1929
1901
1897
1927
1905
1890
1924
1895
1929
1928
1898
1891
1898
1900
1924
1924
1905
1894
1903
1892
1893
1905
1897
1891
1909
1892
1924
1925
1905
1913
1924
1904
1907
1894
1895
1901
1900
1926
1899
1891
1886
1900
1905
1894
1928
1929
1888
1927
1896
1894
1928
1900
1922
1917
1910
1897
1896
1917
1902
1905
1920
1927
1915
1908
1927
1910
1894
1921
1921
1893
1893
1910
1919
1924
1905
1895
1894
1927
1897
1895
1895
1916
1926
1882
1898
1893
1904
1888
1920
1904
1925
1899
1888
1891
1886
1897
1886
1900
1894
1893
1898
1908
1889
1890
1928
1906
1889
1924
1924
1892
1896
1907
1928
1890
1908
1886
1911
1912
1927
1891
1925
1888
1910
1894
1895
1898
1906
1920
1893
1901
1908
1899
1895
1908
1894
1897
1889
1899
1899
1885
1885
1898
1925
1899
1896
1897
1918
1923
1893
1928
1916
1908
1913
1905
1921
1913
1918
1895
1899
1920
1900
1896
1904
1921
1913
1924
1928
1918
1927
1904
1900
1900
1896
1900
1907
1926
1909
1890
1892
1896
1892
1905
1913
1896
1890
1925
1891
1887
1898
1910
1891
1881
1901
1912
1898
1905
1928
1905
1928
1895
1900
1886
1889
1899
1896
1900
1900
1928
1906
1894
1907
1927
1891
1902
1895
1892
1900
1895
1909
1896
1889
1926
1923
1897
1880
1893
1890
1895
1890
1886
1899
1912
1915
1892
1893
1899
1890
1888
1900
1888
1896
1894
1900
1896
1928
1899
1898
1889
1892
1899
1895
1918
1911
1906
1921
1896
1890
1894
1898
1896
1893
1895
1907
1904
1898
1917
1892
1918
1893
1928
1898
1895
1886
1895
1924
1886
1898
1892
1928
1895
1903
1897
1892
1895
1897
1893
1903
1895
1905
1919
1918
1897
1918
1921
1899
1895
1924
1891
1908
1886
1927
1897
1895
1903
1900
1902
1925
1907
1926
1908
1907
1882
1911
1924
1888
1900
1896
1897
1925
1905
1920
1915
1926
1902
1887
1901
1923
1895
1890
1924
1891
1893
1899
1884
1926
1905
1927
1894
1904
1895
1889
1895
1904
1890
1921
1892
1891
1893
1889
1926
1898
1897
1900
1925
1895
1905
1904
1886
1890
1899
1883
1921
1913
1889
1902
1907
1927
1910
1896
1893
1916
1924
1924
1891
1909
1913
1912
1890
1916
1890
1908
1894
1923
1914
1897
1904
1926
1887
1905
1900
1901
1888
1903
1888
1916
1895
1900
1927
1922
1907
1925
1887
1906
1923
1927
1899
1901
1892
1891
1897
1891
1909
1905
1896
1920
1891
1895
1916
1894
1926
1913
1899
1922
1927
1907
1898
1890
1889
1899
1893
1897
1898
1916
1895
1886
1908
1890
1888
1897
1903
1927
1919
1900
1887
1905
1902
1909
1912
1928
1909
1892
1926
1897
1883
1907
1893
1904
1900
1888
1891
1899
1906
1890
1925
1898
1926
1895
1898
1902
1898
1892
1898
1887
1893
1890
1900
1895
1896
1901
1924
1915
1889
1912
1897
1905
1914
1896
1893
1902
1919
1926
1905
1922
1898
1898
1900
1909
1920
1895
1891
1891
1877
1926
1926
1899
1909
1923
1895
1906
1896
1898
1902
1927
1891
1896
1901
1927
1889
1894
1896
1901
1893
1894
1896
1892
1884
1916
1909
1891
1895
1920
1902
1894
1891
1886
1894
1903
1884
1902
1902
1923
1899
1928
1924
1915
1899
1897
1927
1929
1907
1900
1900
1892
1893
1926
1901
1901
1895
1913
1897
1895
1900
1893
1896
1905
1927
1910
1894
1894
1926
1894
1895
1887
1885
1887
1927
1897
1885
1909
1893
1928
1927
1900
1894
1896
1904
1929
1919
1891
1911
1897
1897
1886
1924
1896
1894
1891
1914
1896
1901
1901
1923
1925
1915
1904
1899
1890
1924
1919
1887
1927
1924
1906
1919
1890
1899
1891
1901
1888
1928
1882
1905
1899
1922
1903
1924
1885
1924
1885
1884
1898
1889
1913
1903
1896
1892
1889
1891
1909
1899
1920
1897
1909
1905
1905
1888
1892
1889
1886
1890
1909
1890
1915
1884
1889
1910
1886
1888
1894
1901
1892
1905
1890
1893
1894
1895
1890
1899
1897
1930
1910
1895
1918
1892
1893
1890
1903
1906
1891
1898
1927
1893
1909
1909
1902
1926
1924
1926
1905
1910
1895
1909
1894
1926
1905
1908
1890
1909
1888
1890
1928
1899
1899
1895
1893
1913
1896
1927
1894
1915
1898
1891
1911
1907
1889
1929
1917
1895
1901
1920
1906
1926
1896
1902
1911
1922
1900
1920
1925
1891
1927
1899
1889
1886
1924
1897
1895
1889
1909
1903
1897
1897
1896
1920
1896
1890
1890
1910
1926
1900
1900
1894
1890
1885
1890
1896
1899
1905
1926
1890
1899
1896
1900
1888
1893
1895
1900
1890
1927
1925
1895
1923
1923
1899
1891
1893
1924
1902
1921
1888
1896
1896
1905
1895
1928
1886
1911
1894
1900
1895
1889
1927
1893
1891
1899
1912
1896
1900
1922
1925
1901
1902
1906
1913
1928
1894
1927
1894
1900
1926
1891
1899
1888
1889
1897
1897
1903
1898
1900
1908
1898
1901
1911
1895
1891
1904
1893
1897
1896
1895
1896
1899
1885
1927
1916
1909
1912
1924
1907
1898
1916
1902
1892
1897
1891
1926
1909
1890
1889
1923
1892
1890
1910
1928
1890
1897
1888
1889
1925
1888
1888
1927
1912
1915
1901
1924
1899
1905
1885
1900
1893
1907
1899
1928
1889
1889
1903
1893
1922
1890
1892
1891
1901
1893
1897
1925
1928
1898
1921
1907
1892
1905
1904
1888
1910
1918
1923
1900
1904
1899
1899
1925
1894
1898
1894
1892
1913
1897
1892
1909
1900
1925
1907
1890
1902
1916
1924
1906
1901
1894
1915
1890
1927
1898
1928
1897
1892
1925
1914
1905
1921
1921
1875
1894
1889
1928
1903
1925
1925
1901
1898
1926
1896
1909
1903
1927
1885
1886
1899
1928
1885
1919
1894
1901
1901
1888
1897
1907
1908
1925
1913
1894
1914
1924
1897
1911
1891
1890
1925
1905
1925
1910
1896
1899
1906
1911
1898
1889
1895
1895
1895
1891
1903
1902
1899
1894
1893
1894
1910
1903
1916
1928
1897
1893
1900
1895
1893
1909
1895
1895
1905
1909
1895
1923
1883
1901
1903
1894
1912
1888
1905
1905
1919
1892
1904
1913
1924
1925
1899
1922
1901
1926
1915
1903
1919
1891
1872
1919
1900
1917
1901
1911
1884
1927
1891
1892
1891
1880
1926
1905
1898
1892
1887
1897
1885
1900
1906
1895
1892
1898
1888
1902
1889
1888
1928
1928
1927
1888
1898
1887
1893
1884
1888
1886
1888
1913
1884
1891
1905
1892
1905
1924
1925
1886
1908
1890
1928
1888
1928
1911
1898
1928
1901
1896
1892
1898
1893
1927
1901
1892
1905
1897
1889
1888
1899
1893
1888
1927
1894
1886
1920
1924
1925
1892
1891
1897
1925
1894
1899
1893
1892
1910
1905
1905
1927
1897
1901
1894
1928
1901
1909
1892
1885
1883
1891
1903
1888
1895
1897
1900
1896
1911
1901
1898
1893
1893
1891
1893
1926
1900
1895
1908
1921
1894
1892
1886
1884
1909
1893
1889
1893
1929
1884
1913
1895
1892
1890
1904
1886
1912
1887
1896
1899
1913
1893
1914
1893
1890
1899
1913
1915
1896
1927
1895
1908
1927
1891
1896
1913
1895
1889
1927
1927
1926
1919
1928
1909
1897
1895
1922
1895
1923
1894
1892
1910
1915
1880
1899
1891
1909
1888
1920
1928
1928
1927
1897
1895
1891
1895
1890
1892
1925
1900
1893
1901
1888
1910
1928
1881
1903
1906
1926
1895
1897
1897
1891
1927
1907
1895
1908
1896
1887
1905
1883
1900
1895
1893
1888
1896
1892
1894
1906
1907
1900
1880
1888
1928
1894
1895
1927
1924
1895
1904
1913
1914
1897
1888
1899
1895
1894
1887
1899
1899
1926
1899
1891
1893
1916
1912
1916
1887
1896
1903
1894
1892
1895
1889
1897
1901
1927
1909
1926
1893
1907
1900
1901
1913
1880
1921
1908
1894
1908
1928
1895
1900
1927
1901
1892
1926
1916
1883
1917
1923
1899
1921
1927
1890
1895
1898
1892
1909
1909
1894
1897
1924
1911
1891
1907
1900
1920
1885
1928
1926
1914
1921
1891
1925
1911
1895
1884
1901
1899
1905
1895
1890
0617
1897
1895
1911
1906
1903
1893
1889
1927
1927
1899
1899
1897
1897
1885
1906
1922
1920
1923
1893
1928
1895
1893
1883
1899
1900
1885
1893
1923
1927
1926
1928
1925
1908
1925
1922
1900
1892
1926
1891
1898
1891
1896
1887
1899
1917
1900
1908
1885
1907
1908
1882
1887
1890
1895
1893
1899
1888
1891
1895
1897
1925
1912
1906
1898
1900
1918
1901
1902
1925
1910
1891
1896
1891
1902
1886
1903
1919
1888
1929
1892
1908
1898
1897
1891
1901
1920
1893
1893
1894
1907
1903
1906
1887
1907
1925
1903
1889
1907
1926
1901
1926
1925
1925
1907
1925
1900
1889
1893
1887
1879
1901
1884
1891
1893
1908
1928
1893
1896
1928
1927
1887
1890
1899
1906
1920
1887
1911
1899
1895
1896
1906
1893
1925
1898
1903
1889
1911
1907
1893
1922
1900
1888
1921
1906
1907
1922
1897
1913
1898
1923
1898
1908
1895
1882
1928
1893
1892
1928
1900
1910
1913
1903
1897
1928
1897
1887
1903
1925
1901
1903
1898
1886
1901
1907
1871
1898
1894
1894
1897
1898
1898
1892
1896
1894
1892
1921
1901
1906
1904
1902
1887
1906
1907
1909
1874
1886
1908
1898
1893
1894
1899
1891
1894
1887
1897
1925
1895
1898
1905
1887
1926
1904
1919
1915
1905
1898
1903
1895
1890
1924
1903
1881
1887
1887
1928
1913
1903
1911
1898
1890
1894
1890
1909
1905
1897
1902
1906
1925
1917
1900
1908
1923
1892
1924
1910
1922
1899
1905
1895
1894
1895
1904
1890
1898
1899
1919
1889
1888
1895
1925
1910
1929
1926
1891
1899
1927
1894
1885
1900
1881
1913
1900
1894
1910
1893
1925
1925
1900
1895
1910
1911
1918
1895
1894
1893
1887
1889
1900
1889
1905
1926
1904
1902
1896
1887
1888
1927
1919
1891
1901
1897
1895
1899
1893
1899
1914
1898
1893
1886
1927
1927
1891
1882
1889
1888
1892
1897
1898
1892
1925
1925
1890
1912
1925
1908
1911
1889
1897
1925
1928
1894
1904
1893
1914
1892
1897
1910
1898
1904
1902
1912
1890
1916
1897
1887
1889
1903
1892
1911
1897
1897
1883
1926
1894
1923
1896
1926
1904
1919
1895
1890
1906
1893
1926
1929
1912
1908
1923
1910
1923
1900
1889
1903
1902
1914
1922
1905
1894
1923
1914
1919
1912
1910
1894
1922
1908
1908
1925
1912
1891
1895
1907
1907
1896
1927
1895
1916
1895
1903
1902
1920
1924
1890
1889
1917
1927
1900
1912
1901
1914
1892
1928
1895
1890
1923
1893
1885
1901
1927
1905
1908
1915
1913
1895
1890
1887
1906
1916
1923
1893
1894
1927
1913
1927
1927
1901
1928
1895
1885
1887
1887
1897
1905
1896
1927
1898
1900
1896
1920
1902
1896
1901
1893
1900
1916
1892
1927
1902
1894
1895
1900
1896
1921
1886
1927
1903
1892
1895
1907
1902
1925
1888
1882
1927
1898
1890
1887
1926
1901
1894
1891
1928
1904
1889
1920
1897
1901
1907
1889
1887
1900
1897
1896
1911
1904
1885
1927
1890
1925
1894
1920
1928
1907
1927
1901
1888
1893
1899
1921
1918
1906
1900
1896
1907
1898
1904
1922
1890
1902
1909
1900
1907
1902
1924
1896
1928
1916
1893
1904
1893
1912
1892
1914
1904
1925
1895
1897
1893
1928
1907
1921
1897
1901
1882
1927
1894
1890
1900
1907
1895
1925
1904
1892
1917
1903
1900
1927
1914
1901
1903
1907
1926
1895
1926
1891
1904
1902
1910
1896
1906
1903
1904
1912
1892
1925
1926
1926
1923
1912
1916
1927
1889
1923
1914
1912
1928
1914
1911
1902
1900
1906
1888
1899
1902
1921
1914
1911
1892
1910
1900
1895
1894
1900
1900
1907
1927
1892
1891
1886
1890
1919
1930
1928
1927
1899
1888
1918
1905
1904
1920
1893
1927
1887
1890
1911
1924
1927
1926
1874
1892
1906
1895
1888
1888
1922
1898
1908
1902
1925
1889
1893
1889
1895
1893
1887
1912
1905
1928
1895
1927
1890
1894
1885
1927
1891
1900
1893
1894
1899
1899
1900
1893
1888
1894
1905
1898
1906
1898
1923
1917
1928
1886
1907
1899
1927
1892
1890
1890
1913
1900
1880
1902
1919
1894
1925
1925
1898
1892
1927
1899
1894
1893
1893
1902
1910
1897
1897
1927
1904
1888
1891
1897
1896
1900
1900
1902
1913
1898
1890
1899
1892
1894
1900
1898
1918
1895
1927
1927
1904
1893
1912
1906
1917
1894
1898
1886
1926
1906
1884
1897
1920
1914
1894
1879
1909
1892
1926
1893
1911
1897
1924
1882
1885
1889
1881
1895
1892
1897
1898
1895
1886
1920
1926
1908
1895
1927
1901
1897
1891
1920
1929
1888
1887
1893
1920
1900
1895
1928
1896
1898
1911
1909
1900
1897
1904
1896
1915
1913
1913
1928
1892
1897
1890
1908
1896
1895
1898
1903
1920
1894
1905
1896
1927
1895
1889
1908
1900
1919
1897
1923
1893
1921
1895
1891
1906
1896
1907
1908
1902
1902
1927
1911
1897
1892
1897
1900
1903
1928
1927
1923
1926
1900
1921
1923
1920
1925
1898
1897
1894
1908
1888
1887
1897
1896
1893
1885
1888
1926
1907
1906
1922
1884
1897
1920
1901
1899
1883
1897
1907
1891
1927
1885
1892
1912
1907
1889
1898
1904
1892
1894
1901
1896
1927
1900
1897
1901
1907
1890
1891
1888
1914
1908
1904
1891
1904
1887
1896
1908
1881
1900
1899
1926
1892
1897
1898
1894
1893
1896
1902
1899
1893
1925
1902
1924
1892
1899
1888
1888
1921
1896
1926
1881
1907
1895
1927
1892
1900
1888
1890
1927
1895
1927
1886
1896
1900
1927
1925
1886
1901
1890
1924
1905
1891
1891
1927
1905
1895
1927
1890
1929
1927
1880
1912
1892
1912
1893
1899
1909
1897
1927
1899
1925
1896
1907
1890
1890
1890
1903
1885
1894
1903
1891
1893
1911
1925
1878
1886
1912
1899
1899
1912
1888
1893
1888
1909
1894
1891
1897
1890
1892
1928
1889
1913
1913
1895
1923
1925
1901
1881
1888
1890
1886
1894
1894
1886
1894
1893
1892
1890
1901
1889
1892
1890
1890
1913
1904
1896
1913
1905
1885
1894
1897
1883
1887
1925
1914
1925
1888
1899
1925
1926
1895
1912
1927
1888
1907
1907
1928
1910
1887
1913
1913
1875
1892
1886
1882
1887
1892
1911
1896
1896
1888
1900
1893
1923
1894
1904
1903
1897
1924
1887
1905
1900
1894
1895
1907
1901
1889
1903
1896
1892
1903
1899
1919
1902
1896
1894
1911
1910
1909
1906
1905
1904
1913
1895
1911
1904
1927
1921
1904
1907
1911
1896
1908
1927
1904
1892
1909
1898
1894
1930
1898
1889
1923
1893
1894
1911
1891
1892
1902
1925
1890
1893
1888
1894
1884
1891
1882
1894
1926
1919
1896
1895
1910
1911
1896
1885
1923
1912
1908
1905
1926
1893
1892
1925
1920
1886
1906
1887
1900
1892
1923
1905
1910
1895
1921
1899
1883
1927
1895
1928
1892
1900
1889
1894
1899
1895
1902
1902
1885
1894
1882
1896
1900
1900
1899
1907
1916
1909
1894
1900
1927
1893
1927
1908
1900
1914
1916
1897
1927
1905
1917
1928
1927
1900
1895
1926
1912
1927
1916
1891
1905
1927
1920
1908
1888
1889
1890
1892
1894
1910
1889
1915
1909
1922
1889
1892
1911
1897
1903
1883
1891
1923
1926
1925
1896
1898
1894
1892
1900
1915
1906
1894
1896
1928
1888
1893
1927
1904
1900
1890
1888
1888
1916
1882
1900
1924
1894
1922
1898
1893
1924
1898
1911
1894
1888
1905
1894
1889
1892
1924
1905
1892
1893
1912
1905
1890
1893
1894
1899
1893
1907
1898
1901
1926
1909
1909
1909
1909
1912
1895
1926
1926
1890
1912
1896
1877
1900
1907
1903
1898
1925
1898
1899
1912
1927
1909
1928
1889
1895
1892
1925
1892
1902
1925
1890
1894
1894
1890
1914
1928
1925
1925
1899
1927
1908
1896
1911
1904
1927
1918
1914
1909
1897
1921
1891
1886
1928
1898
1912
1901
1927
1891
1927
1881
1927
1892
1909
1899
1928
1891
1893
1895
1898
1925
1891
1918
1887
1890
1890
1923
1890
1925
1900
1890
1896
1909
1887
1926
1928
1885
1927
1894
1885
1927
1927
1915
1902
1921
1894
1921
1891
1899
1914
1897
1888
1928
1925
1899
1890
1886
1919
1895
1918
1908
1893
1927
1920
1887
1889
1892
1893
1915
1926
1915
1894
1896
1920
1916
