1890
1921
1923
1880
1911
1907
1928
1935
1935
1903
1897
1900
1905
1908
1900
1906
1937
1913
1903
1905
1900
1927
1902
1923
1888
1899
1926
1906
1879
1914
1865
1905
1901
1914
1882
1915
1908
1924
1916
1906
1885
1938
1890
1944
1933
1906
1932
1908
1906
1912
1889
1929
1919
1919
1916
1927
1927
1894
1923
1923
1895
1899
1878
1916
1908
1923
1918
1888
1926
1924
1918
1927
1928
1895
1895
1930
1914
1895
1928
1940
1902
1903
1909
1937
1933
1898
1904
1935
1903
1925
1899
1898
1862
1877
1903
1885
1907
1913
1907
1904
1923
1900
1897
1927
1897
1914
1912
1912
1914
1923
1923
1912
1912
1918
1918
1879
1879
1920
1920
1917
1917
1903
1933
1904
1888
1923
1916
1934
1910
1939
1915
1895
1923
1920
1883
1907
1909
1935
1914
1937
1905
1911
1903
1928
1935
1911
1933
1908
1895
1909
1919
1915
1910
1911
1936
1915
1913
1892
1918
1925
1891
1899
1879
1901
1909
1908
1939
1909
1926
1922
1916
1932
1932
1937
1929
1929
1937
1934
1934
1902
1902
1888
1888
1927
1927
1894
1926
1895
1928
1923
1886
1922
1885
1875
1893
1923
1915
1924
1887
1920
1924
1929
1927
1901
1882
1925
1931
1921
1889
1921
1895
1926
1894
1890
1937
1906
1929
1893
1920
1920
1922
1897
1918
1919
1924
1865
1924
1926
1877
1911
1905
1896
1930
1928
1903
1915
1922
1889
1917
1918
1889
1892
1892
1888
1914
1907
1922
1906
