1902
1916
1881
1913
1886
1940
1891
1914
1912
1871
1920
1924
1885
1918
1896
1925
1920
1914
1906
1883
1929
1911
1915
1939
1891
1914
1919
1904
1860
1888
1922
1939
1912
1910
1916
1910
1910
1906
1932
1935
1904
1901
1934
1911
1909
1915
1916
1912
1890
1889
1916
1880
1921
1893
1879
1876
1923
1913
1913
1915
1909
1880
1914
1923
1920
1908
1895
1923
1895
1910
1921
1883
1894
1894
1920
1891
1916
1920
1943
1911
1914
1910
1932
1937
1930
1935
1905
1901
1925
1923
1919
1924
1900
1884
1886
1914
1916
1911
1921
1909
1917
1903
1925
1911
1940
1911
