1896
1890
1922
1888
1886
1937
1918
1910
1886
1912
1913
1883
1883
1919
1878
1881
1896
1919
1927
1933
1925
1895
1898
1897
1919
1896
1926
1913
1902
1937
1939
1899
1925
1900
1927
1904
1926
1929
1893
1892
1916
1906
1868
1925
1926
1896
1907
1940
1907
1902
1892
1892
1929
1895
1909
1907
1911
1879
1869
1905
1909
1876
1882
1912
1909
1885
1882
1890
1924
1890
1927
1921
1918
1898
1895
1877
1927
1928
1930
1929
1902
1932
1905
1867
1916
1908
1864
1864
1869
1867
1927
1901
1923
1903
1908
1912
1909
1937
1909
1909
1917
1902
1890
1898
1873
1925
1899
1880
1928
1874
1904
1878
1915
1923
1912
1923
1889
1886
1934
1894
1915
1940
1914
1904
1864
1889
1907
1858
1917
1916
1926
1925
1925
1901
1910
1876
1879
1927
1901
1902
1892
1862
1917
1908
1913
1915
1907
1914
1870
1939
1876
1915
1896
1924
1904
1904
1933
1906
1880
1901
1934
1906
1932
1936
1900
1938
1935
1910
1892
1893
1929
1922
1916
1884
1873
1889
1918
1910
1893
1923
1926
1918
1927
1885
1910
1872
1925
1917
1932
1907
1885
1876
1915
1907
1930
1902
1927
1901
1894
1915
1886
1905
1901
1884
1928
1920
1903
1902
1928
1932
1907
1919
1907
1905
1906
1934
1929
1883
1880
1923
1913
1876
1905
1934
1938
1932
1906
1910
1927
1923
1891
1888
1917
1905
1900
1896
