1881
1861
1927
1910
1918
1884
1884
1933
1904
1891
1930
1903
1931
1881
1905
1928
1930
1869
1885
1927
1894
1931
1929
1934
1929
1924
1884
1932
1893
1928
1930
1926
1924
1935
1904
1907
1894
1885
1924
1926
1920
1892
1918
1892
1927
1924
1920
1932
1928
1907
1881
1898
1938
1894
1912
1918
1888
1925
1922
1899
1924
1929
1897
1909
1910
1940
1900
1907
1931
1906
1934
1932
1899
1900
1924
1927
1911
1909
1939
1875
1906
1934
1886
1881
1924
1898
1910
1936
1910
1873
1874
1919
1898
1910
1931
1928
1894
1932
1921
1900
1926
1919
1886
1912
1874
1913
1887
1937
1902
1933
1925
1892
1922
1926
1937
1892
1932
1940
1917
1906
1939
1935
1936
1908
1886
1910
1911
1876
1881
1886
1933
1930
1928
1896
1904
1926
1926
1921
1885
1889
1919
1883
1896
1896
1909
1905
1928
1908
1930
1902
1931
1929
1925
1927
1904
1925
1896
1883
1937
1908
1918
1892
1884
1885
1907
1913
1919
1898
1908
1939
1911
1913
1904
1940
1907
1861
1935
1903
1905
1899
1899
1905
1933
1928
1901
1900
1934
1929
1895
1918
1933
1927
1920
1923
1889
1927
1880
1921
1881
1882
1897
