1879
1881
1884
1871
1876
1914
1882
1906
1883
1890
1928
1880
1888
1888
1879
1892
1881
1876
1890
1885
1882
1870
1895
1870
1873
1888
1905
1866
1876
1872
1870
1872
1877
1891
1878
1907
1874
1882
1879
1872
1875
1883
1877
1882
1893
1884
1870
1880
1888
1930
1924
1884
1896
1885
1891
1879
1878
1884
1926
1880
1888
1882
1893
1891
1891
1873
1879
1923
1876
1875
1884
1887
1900
1884
1902
1874
1881
1876
1878
1869
1890
1896
1879
1897
1890
1886
1879
1899
1895
1892
1890
1885
1887
1875
1894
1887
1882
1896
1930
1885
1926
1898
1901
1886
1842
1876
1880
1888
1885
1883
1888
1880
1892
1875
