1922
1892
1885
1896
1890
1885
1883
1882
1921
1887
1873
1884
1906
1874
1874
1918
1875
1913
1878
1891
1899
1879
1876
1875
1868
1876
1929
1905
1910
1887
1893
1893
1910
1922
1883
1938
1940
1902
1915
1888
1900
1881
1894
1933
1886
1886
1880
1922
1885
1928
1876
1926
1925
1920
1927
1923
1886
1887
1883
1894
1902
1929
1927
1928
1921
1878
1893
1897
1887
1887
1895
1892
1890
1926
1903
1880
1885
1883
1887
1881
1878
1883
1883
1876
1876
1887
1886
1880
1900
1905
1882
1920
1877
1892
1924
1887
1878
1883
1880
1875
1878
1878
1921
1896
1878
