1921
1921
1924
1924
1894
1894
1916
1916
1906
1906
1894
1894
1930
1930
1926
1926
1898
1898
1936
1936
1895
1895
1928
1928
1896
1896
1900
1900
1906
1906
1903
1903
1909
1909
1903
1903
1914
1914
1904
1904
1919
1919
1924
1924
1918
1918
1922
1922
1910
1910
1907
1907
1938
1938
1912
1912
1912
1912
1923
1923
1921
1921
1914
1914
1932
1932
1909
1909
1910
1910
1910
1910
1894
1894
1888
1888
1926
1926
1896
1896
1930
1930
1933
1933
1937
1937
1905
1905
1905
1905
1910
1910
1920
1920
1938
1938
1907
1907
1890
1890
1919
1919
1893
1893
1914
1914
1943
1943
1913
1913
