1921
1921
1920
1920
1913
1913
1922
1922
1900
1900
1939
1939
1913
1913
1930
1930
1937
1937
1930
1930
1928
1928
1896
1896
1923
1923
1925
1925
1917
1917
1917
1917
1919
1919
1906
1906
1933
1933
1919
1919
1908
1908
1931
1931
1936
1936
1899
1899
1907
1907
1914
1914
1909
1909
1916
1916
1938
1938
1909
1909
1917
1917
1909
1909
1900
1900
1910
1910
1936
1936
1902
1902
1881
1881
1886
1886
1905
1905
1932
1932
1926
1926
1924
1924
1911
1911
1909
1909
1886
1886
1910
1910
1900
1900
1896
1896
1926
1926
1939
1939
