1891
1904
1897
1883
1904
1899
1882
1882
1892
1884
1910
1881
1869
1875
1879
1895
1877
1899
1907
1875
1891
1891
1899
1905
1897
1897
1920
1908
1884
1876
1885
1905
1895
1888
1910
1902
1883
1899
1901
1892
1898
1902
1879
1888
1920
1890
1912
1901
1903
1896
1889
1890
1893
1904
1900
1879
1905
1909
1887
1905
1917
1910
1891
1893
1903
1880
1899
1899
1908
1924
1919
1900
1910
1913
1930
1902
1875
1887
1885
1902
1914
1912
1883
1864
1903
1889
1884
1906
1893
1903
1889
1897
1883
1891
1886
1894
1891
1873
1889
1889
1902
1893
1896
1902
1879
1911
1896
1890
1902
1913
1905
1916
1911
1904
1881
1890
1905
1897
1921
1904
1905
1909
1912
1888
1889
1893
1902
1897
1914
1914
1914
1897
1893
1909
1886
1897
1881
1885
1892
1882
1901
1920
1909
1893
1873
1899
1896
1893
1906
1917
1886
1877
