1918
1913
1903
1909
1911
1917
1906
1915
1913
1935
1938
1909
1909
1937
1903
1930
1927
1932
1902
1899
1925
1917
1889
1923
1910
1905
1944
1906
1904
1929
1927
1914
1920
1914
1909
1910
1905
1923
1908
1905
1915
1920
1920
1892
1925
1937
1913
1913
1921
1928
1926
1890
1913
1911
1913
1909
1937
1904
1919
1898
1901
1906
1888
1884
1934
1902
1937
1910
1912
1899
1923
1895
1938
1910
1911
1902
1910
1909
1882
1912
1943
1925
1921
1919
1924
1878
1883
1912
1929
1903
1899
1879
1918
1914
1915
1890
1899
1914
1902
1927
1932
1885
1914
1894
1921
1924
1912
1938
1906
1930
1934
1883
1914
1914
1923
1910
1909
1907
1923
1907
1932
1907
1904
1929
1930
1900
1922
1909
1892
1887
1929
1920
1924
1873
1912
1914
1887
1889
1926
1912
1900
1904
1902
1904
1912
1929
1927
1905
1930
1928
1905
1906
1900
1912
1932
1932
1925
1906
1928
1931
1894
1931
1891
1917
1886
1914
1919
1925
1892
1923
1922
1895
1916
1929
1900
1896
1922
1928
1894
1892
1924
1926
1914
1908
1917
1887
1908
1901
1940
1938
1909
1905
1927
1943
1929
1897
1908
1907
1906
1914
1884
1932
1916
1902
1930
1927
1925
1902
1925
1904
1925
1900
1926
1908
1918
1908
1892
1888
1891
1921
1888
1930
1918
1912
1903
1905
1931
1906
1927
1907
1886
1913
1912
1939
1895
1908
1904
1923
1926
1889
1922
1904
1913
1928
1900
1934
1894
1923
1923
1906
1932
1911
1935
1943
1920
1913
1919
1916
1923
1911
1913
1915
1903
1938
1924
1905
1923
1894
1917
1895
1889
1929
1929
1897
1915
1916
1913
1902
1906
1932
1933
1916
1907
1920
1919
1891
1924
1901
1903
1907
1907
1912
1878
1910
1888
1888
1894
1920
1918
1921
