1917
1921
1913
1888
1915
1929
1925
1890
1881
1885
1895
1919
1881
1911
1907
1913
1910
1884
1936
1896
1908
1921
1895
1898
1918
1926
1898
1927
1926
1924
1926
1926
1901
1929
1920
1927
1884
1886
1899
1932
1895
1926
1925
1869
1889
1886
1926
1904
1908
1902
1922
1920
1930
1906
1887
1921
1915
1918
1921
1902
1900
1911
1917
1935
1900
1922
1925
1886
1927
1927
1878
1881
1922
1918
1908
1913
1907
1910
1915
1920
1886
1883
1875
1907
1878
1900
1901
1937
1910
1939
1902
1893
1935
1865
1910
1933
1939
1905
1898
1899
1935
1937
1924
1935
1926
1929
1897
1858
1910
1916
1916
1869
1936
1914
1904
1869
1902
1931
1940
1894
1918
1915
1916
1872
1903
1934
1939
1920
1887
1914
1878
1883
1900
1913
1892
1928
1898
1932
1923
1872
1869
1921
1919
1885
1925
1917
1885
1915
1923
1896
1902
1914
1912
1925
1881
1932
1935
1908
1916
1908
1939
1930
1891
1895
1925
1921
1875
1878
1926
1895
1923
1888
1931
1910
1910
1883
1920
1916
1891
1920
1928
1932
1902
1902
1920
1887
1915
1878
