1909
1895
1929
1894
1899
1911
1924
1907
1927
1918
1881
1884
1912
1933
1904
1889
1930
1903
1938
1881
1869
1885
1891
1893
1930
1926
1894
1885
1935
1904
1920
1904
1929
1924
1931
1929
1888
1927
1921
1899
1879
1892
1918
1892
1927
1924
1920
1932
1928
1907
1888
1926
1898
1927
1931
1929
1931
1878
1888
1925
1922
1940
1909
1924
1899
1900
1924
1927
1907
1931
1906
1932
1935
1935
1902
1929
1911
1875
1934
1907
1898
1910
1936
1873
1874
1919
1898
1910
1931
1928
1894
1932
1921
1900
1926
1919
1886
1904
1930
1913
1910
1937
1917
1937
1902
1933
1925
1892
1892
1922
1926
1906
1935
1936
1892
1926
1910
1881
1933
1928
1896
1904
1926
1930
1921
1885
1919
1928
1926
1932
1924
1928
1930
1883
1909
1913
1905
1928
1908
1930
1910
1896
1931
1899
1928
1932
1900
1920
1904
1907
1937
1913
1902
1931
1929
1925
1927
1925
1896
1883
1903
1908
1930
1918
1892
1884
1904
1935
1938
1904
1922
1895
1925
1927
1931
1916
1882
1881
1909
1898
1925
1907
1932
1908
1894
1908
1920
1908
1912
1926
1887
1908
1939
1911
1913
1935
1933
1928
1901
1900
1936
1929
1895
1927
1918
1933
1920
1923
1889
1927
1924
1884
1928
1900
1925
1925
1886
