1908
1911
1909
1926
1935
1899
1929
1899
1908
1938
1935
1908
1878
1900
1892
1900
1923
1913
1886
1915
1885
1916
1905
1886
1898
1927
1922
1896
1920
1927
1923
1921
1902
1924
1926
1895
1876
1929
1931
1901
1889
1924
1873
1908
1900
1902
1912
1874
1908
1885
1918
1882
1925
1910
1920
1900
1902
1864
1913
1914
1915
1919
1921
1923
1907
1882
1878
1898
1926
1927
1912
1926
1920
1929
1928
1918
1891
1923
1889
1938
1935
1930
1924
1898
1926
1908
1885
1913
1913
1926
1920
1916
1923
1887
1886
1914
1906
1910
1938
1931
1903
1905
