1906
1935
1929
1906
1925
1921
1920
1895
1920
1912
1920
1881
1916
1896
1893
1927
1876
1907
1905
1936
1939
1933
1908
1906
1915
1890
1883
1912
1919
1910
1891
1932
1924
1891
1926
1911
1927
1911
1936
1932
1905
1928
1913
1938
1938
1910
1934
1938
1912
1890
1922
1927
1889
1919
1893
1874
1916
1938
1909
1901
1931
1937
1932
1909
1906
1873
1913
1928
1891
1900
1920
1907
1923
1895
1925
1892
1921
1929
1912
1909
1925
1897
1923
1933
1885
1918
1883
1880
1939
1935
1904
1876
1925
1911
1913
1925
1893
1926
1893
1931
1923
1911
1907
1938
1885
1914
1920
1879
1909
1871
1910
1908
1910
1883
1907
1938
1904
1938
1910
1896
1907
1899
1928
1888
1891
1919
1910
1913
1925
1888
1935
1909
1934
1889
1878
1893
1924
1888
1920
1911
1877
1902
1907
1909
1894
1884
