1903
1889
1908
1880
1894
1915
1905
1900
1933
1930
1909
1909
1936
1908
1924
1894
1920
1890
1928
1911
1936
1885
1912
1885
1890
1919
1916
1929
1895
1903
1862
1902
1922
1920
1902
1918
1878
1897
1922
1923
1923
1915
1909
1911
1900
1930
1935
1925
1923
1894
1898
1898
1898
1927
1931
1895
1881
1893
1912
1875
1920
1925
1889
1885
1914
1910
1874
1923
1909
1903
1929
1912
1891
1915
1938
1899
1932
1927
1900
1898
1927
1938
1911
1917
1897
1899
1904
1936
1932
1909
1899
1907
1906
1887
1925
1909
1920
1918
1925
1929
1884
1885
1912
1938
1910
1932
1905
1908
1894
1920
1898
1921
1908
1902
1933
1937
1929
1889
1929
1896
1933
1919
1890
1919
1895
1899
1903
1891
1926
1893
1931
1903
1906
1926
1899
1924
1930
1927
1883
1902
1932
1929
1883
1904
