1916
1902
1919
1894
1928
1903
1909
1916
1922
1916
1925
1902
1931
1893
1897
1922
1919
1930
1905
1874
1911
1909
1905
1932
1903
1931
1936
1938
1932
1907
1933
1903
1931
1904
1911
1908
1943
1911
1910
1900
1912
1904
1909
1942
1929
1898
1893
1917
1886
1906
1900
1917
1909
1909
1937
1895
1920
1931
1913
1870
1918
1933
1907
1905
1912
1914
1917
1932
1903
1942
1928
1899
1923
1930
1895
1901
1928
1927
1910
1915
1917
1888
1921
1923
1899
1880
1910
1939
1901
1931
1933
1925
1927
1914
1942
1903
1904
1931
1921
1944
1916
1903
1906
1938
1935
1916
1896
1929
1927
1893
1930
1908
1907
1930
1920
1912
1893
1922
1924
1894
1911
1938
1910
1925
1931
1923
1902
1905
1935
1932
1921
1909
1914
1911
1910
1911
1894
1925
1892
1918
1916
1905
1930
1888
1928
1916
1915
1932
1919
