1934
1926
1927
1928
1931
1890
1874
1921
1931
1922
1921
1925
1868
1925
1920
1923
1922
1924
1929
1861
1925
1932
1921
1922
1922
1931
1929
1921
1926
1923
1931
1926
1928
1934
1926
1926
1935
1924
1928
1883
1920
1934
1925
1929
1882
1932
1925
1930
1921
1922
1934
1927
1928
1930
1924
1929
1922
1895
1927
1929
1898
1894
1928
1883
1927
1924
1880
1889
1922
1923
1923
1875
1931
1934
1895
1925
1926
1885
1895
1931
1921
1924
1891
1907
1924
1921
1919
1930
1933
1891
1884
1911
1933
1892
1930
1930
1913
1931
1922
1922
1926
1920
1905
1931
1875
1881
1924
1871
1925
1923
1922
1931
1929
1899
1897
1924
1898
1928
1932
1926
1924
1928
1883
1919
1927
1927
1865
1924
1899
1931
1923
1928
1929
1927
1874
1875
1931
1927
1866
1921
1923
1924
1935
1929
1928
1867
1923
1911
1932
1925
1923
1896
1909
1877
1864
1926
1922
1886
1931
1920
1905
1926
1923
1929
1882
1894
1932
1927
1931
1876
1930
1923
1929
1928
1922
1926
1929
1928
1920
1922
1931
1898
1927
1924
1930
1930
1875
1893
1928
1930
1928
1922
1928
1882
1883
1921
1901
1924
1935
1921
1865
1930
1931
1928
1924
1921
1922
1930
1928
1901
1930
1922
1921
1924
1921
1872
1920
1925
1928
1880
1922
1923
1936
1871
1903
1904
1926
1920
1928
1921
1922
1923
1929
1924
1932
1921
1930
1929
1927
1929
1929
1927
1881
1880
1884
1876
1924
1929
1922
1883
1922
1926
1921
1924
1919
1928
1931
1927
1920
1924
1893
1887
1927
1929
1929
1932
1935
1894
1928
1923
1922
1934
1918
1922
1927
1924
1930
1925
1925
1923
1898
1923
1926
1926
1930
1934
1930
1931
1870
1933
1925
1925
1929
1921
1931
1875
1863
1896
1907
1895
1931
1927
1924
1925
1889
1935
1895
1923
1874
1922
1932
1887
1924
1874
1928
1882
1927
1936
1921
1927
1867
1892
1933
1880
1935
1932
1900
1924
1879
1900
1927
1931
1933
1932
1930
1902
1926
1930
1924
1928
1893
1928
1905
1874
1931
1929
1923
1883
1908
1879
1923
1926
1926
1924
1926
1921
1867
1863
1865
1931
1923
1926
1896
1884
1922
1924
1871
1928
1921
1929
1933
1874
1922
1874
1881
1931
1871
1920
1920
1920
1925
1904
1921
1923
1926
1933
1869
1894
1887
1926
1860
1892
1866
1881
1854
1868
1864
1891
1925
1885
1974
1887
1929
1884
1876
1883
1894
1898
1870
1870
1917
1931
1928
1867
1917
1897
1869
1873
1871
1926
1899
1858
1879
1865
1893
1883
1882
1877
1931
1880
1909
1920
1896
1886
1912
1860
1862
1866
1888
1882
1928
1880
1931
1896
1846
1888
1923
1923
1924
1845
1926
1863
1874
1885
1885
1881
1925
1920
1894
1930
1864
1925
1873
1934
1932
1929
1903
1925
1927
1891
1924
1875
1890
1928
1856
1885
1885
1875
1882
1934
1925
1869
1855
1928
1856
1847
1932
1858
1887
1929
1926
1901
1899
1926
1877
1872
1876
1931
1921
1887
1901
1855
1876
1868
1869
1921
1864
1941
1862
1858
1926
1924
1870
1867
1883
1921
1869
1876
1879
1886
1866
1892
1881
1869
1880
1882
1886
1884
1869
1852
1865
1920
1922
1929
1869
1921
1878
1928
1925
1898
1898
1867
1874
1873
1860
1900
1872
1920
1931
1922
1921
1854
1891
1863
1869
1867
1894
1879
1865
1858
1880
1897
1866
1884
1853
1904
1866
1918
1926
1869
1921
1880
1925
1927
1869
1861
1858
1922
1923
1885
1862
1875
1867
1865
1857
1877
1900
1857
1878
1866
1862
1872
1878
1873
1922
1865
1886
1881
1921
1923
1885
1876
1875
1877
1870
1879
1878
1927
1929
1925
1880
1864
1873
1973
1858
1922
1864
1865
1874
1922
1927
1860
1865
1870
1880
1855
1928
1870
1862
1890
1926
1929
1872
1882
1853
1876
1874
1862
1865
1880
1879
1882
1928
1864
1884
1852
1883
1928
1930
1882
1885
1904
1891
1879
1872
1926
1896
1886
1931
1866
1859
1885
1863
1886
1864
1865
1868
1886
1861
1857
1942
1888
1860
1861
1872
1875
1852
1865
1856
1920
1928
1854
1867
1868
1925
1922
1892
1865
1881
1904
1882
1876
1871
1866
1859
1875
1875
1874
1869
1939
1929
1930
1886
1869
1869
1901
1927
1872
1875
1856
1881
1934
1862
1880
1869
1872
1863
1930
1904
1885
1864
1897
1929
1896
1866
1924
1888
1860
1859
1869
1876
1864
1898
1869
1891
1878
1872
1930
1927
1898
1856
1891
1874
1870
1885
1871
1859
1884
1867
1875
1860
1929
1885
1929
1918
1873
1864
1904
1880
1885
1894
1854
1860
1866
1898
1925
1923
1904
1929
1907
1929
1892
1900
1914
1929
1933
1869
1853
1892
1925
1934
1891
1854
1906
1919
1874
1882
1898
1917
1874
1863
1925
1923
1864
1884
1972
1935
1894
1874
1925
1878
1868
1923
1896
1886
1889
1860
1872
1854
1853
1855
1882
1893
1923
1933
1868
1930
1935
1883
1922
1900
1868
1925
1926
1924
1884
1901
1889
1875
1881
1866
1877
1930
1865
1858
1891
1904
1929
1928
1938
1882
1930
1922
1920
1921
1923
1928
1892
1855
1858
1890
1887
1875
1875
1871
1878
1871
1857
1865
1880
1878
1906
1887
1908
1868
1933
1879
1925
1923
1919
1876
1875
1871
1934
1903
1879
1868
1877
1876
1884
1861
1874
1872
1880
1877
1885
1880
1889
1875
1873
1867
1855
1859
1875
1932
1863
1880
1913
1875
1931
1924
1872
1867
1865
1879
1860
1878
1870
1867
1925
1865
1927
1884
1898
1925
1872
1876
1857
1877
1876
1909
1874
1874
1876
1857
1862
1874
1872
1870
1873
1868
1859
1866
1909
1929
1930
1933
1942
1930
1922
1921
1881
1883
1870
1876
1924
1887
1895
1898
1890
1933
1907
1930
1885
1887
1929
1859
1890
1850
1854
1856
1868
1862
1876
1926
1864
1871
1882
1925
1885
1857
1929
1894
1875
1859
1855
1856
1864
1871
1878
1858
1891
1920
1923
1925
1927
1925
1869
1879
1855
1873
1865
1870
1924
1870
1852
1927
1870
1866
1858
1893
1871
1870
1924
1892
1938
1873
1880
1882
1859
1859
1861
1923
1881
1870
1928
1924
1926
1928
1898
1869
1863
1883
1886
1925
1931
1890
1862
1878
1878
1926
1923
1928
1868
1935
1856
1926
1855
1875
1890
1922
1872
1870
1908
1864
1872
1886
1868
1872
1924
1927
1927
1925
1929
1928
1930
1924
1931
1932
1869
1879
1924
1919
1881
1877
1875
1931
1928
1902
1873
1923
1881
1869
1885
1866
1866
1927
1891
1884
1930
1856
1867
1885
1870
1931
1891
1891
1861
1886
1862
1893
1870
1892
1875
1876
1871
1921
1926
1864
1924
1928
1926
1882
1891
1921
1928
1862
1863
1864
1878
1895
1899
1866
1875
1875
1880
1867
1885
1939
1906
1875
1867
1883
1897
1874
1930
1861
1860
1869
1865
1885
1869
1865
1889
1876
1854
1862
1869
1920
1893
1858
1865
1870
1881
1901
1893
1859
1875
1855
1875
1902
1875
1861
1915
1921
1885
1869
1924
1854
1924
1924
1860
1870
1920
1923
1921
1876
1869
1924
1867
1876
1889
1931
1882
1927
1929
1859
1923
1870
1865
1876
1885
1882
1864
1872
1846
1862
1883
1929
1932
1879
1914
1875
1890
1919
1878
1860
1888
1874
1861
1882
1868
1933
1881
1866
1896
1883
1931
1923
1929
1880
1860
1924
1901
1873
1863
1866
1863
1856
1904
1889
1859
1896
1927
1872
1875
1926
1885
1912
1852
1863
1925
1879
1873
1891
1872
1890
1865
1897
1883
1923
1920
1864
1893
1856
1895
1912
1885
1920
1871
1872
1940
1912
1871
1894
1879
1874
1926
1932
1872
1861
1859
1865
1875
1925
1864
1921
1921
1851
1921
1855
1934
1921
1908
1874
1874
1917
1925
1896
1928
1885
1901
1872
1867
1907
1914
1859
1926
1884
1881
1886
1926
1881
1900
1888
1927
1889
1931
1862
1926
1886
1857
1856
1932
1877
1927
1925
1924
1930
1868
1897
1922
1880
1867
1898
1876
1926
1902
1875
1930
1894
1925
1927
1880
1908
1931
1892
1920
1864
1879
1929
1863
1867
1868
1884
1878
1877
1908
1859
1878
1866
1870
1863
1878
1870
1876
1879
1895
1924
1933
1861
1933
1890
1872
1926
1904
1926
1926
1926
1926
1926
1930
1904
1928
1931
1930
1874
1868
1863
1871
1878
1929
1931
1858
1866
1868
1873
1858
1861
1921
1902
1934
1923
1876
1906
1865
1858
1885
1868
1876
1866
1931
1871
1863
1868
1849
1865
1885
1875
1921
1919
1860
1928
1872
1884
1931
1913
1874
1932
1929
1929
1922
1868
1894
1859
1926
1926
1875
1870
1874
1921
1891
1932
1886
1881
1877
1907
1859
1877
1879
1869
1925
1921
1863
1892
1926
1861
1849
1849
1894
1875
1856
1873
1925
1858
1923
1883
1858
1854
1861
1862
1871
1931
1889
1868
1858
1872
1856
1869
1926
1908
1874
1864
1872
1880
1867
1864
1864
1853
1927
1857
1868
1874
1854
1850
1862
1881
1865
1864
1862
1871
1874
1862
1861
1872
1929
1931
1888
1927
1909
1904
1888
1894
1922
1881
1922
1930
1926
1925
1923
1897
1892
1871
1847
1867
1879
1895
1906
1867
1885
1925
1924
1928
1866
1865
1857
1883
1869
1864
1933
1933
1855
1878
1877
1928
1930
1883
1875
1870
1897
1875
1865
1875
1923
1875
1872
1857
1930
1884
1863
1870
1925
1856
1934
1904
1926
1936
1933
1867
1935
1878
1856
1930
1924
1873
1879
1868
1866
1858
1875
1861
1908
1878
1857
1870
1870
1853
1863
1880
1874
1872
1866
1914
1867
1910
1936
1875
1935
1867
1924
1920
1930
1885
1891
1908
1920
1930
1930
1924
1899
1859
1873
1882
1870
1924
1893
1868
1869
1888
1935
1882
1894
1863
1867
1882
1864
1934
1889
1870
1872
1935
1859
1864
1866
1898
1887
1924
1890
1932
1930
1867
1854
1874
1875
1884
1841
1926
1940
1882
1875
1859
1874
1863
1929
1929
1872
1864
1888
1934
1915
1891
1904
1859
1889
1882
1921
1887
1925
1894
1927
1869
1874
1870
1878
1926
1924
1921
1932
1920
1910
1859
1926
1863
1898
1870
1894
1928
1933
1856
1932
1926
1864
1859
1925
1865
1931
1885
1850
1925
1922
1886
1896
1869
1876
1874
1876
1892
1901
1931
1931
1924
1873
1903
1860
1868
1879
1902
1925
1922
1926
1907
1859
1860
1882
1865
1896
1875
1929
1896
1925
1875
1880
1905
1906
1908
1864
1868
1866
1869
1921
1929
1896
1924
1929
1918
1894
1920
1872
1922
1923
1863
1925
1862
1923
1925
1918
1923
1921
1911
1883
1853
1877
1933
1928
1880
1873
1875
1928
1872
1878
1879
1899
1878
1857
1879
1879
1914
1909
1877
1939
1881
1878
1870
1865
1926
1873
1872
1914
1867
1880
1862
1864
1848
1871
1902
1902
1911
1873
1926
1873
1880
1881
1895
1889
1864
1887
1885
1883
1883
1889
1858
1924
1907
1874
1863
1931
1919
1894
1900
1879
1925
1885
1919
1927
1891
1885
1935
1899
1862
1929
1928
1897
1923
1930
1924
1897
1874
1931
1868
1873
1864
1857
1861
1862
1864
1883
1888
1928
1929
1927
1913
1932
1920
1921
1878
1882
1926
1912
1856
1923
1871
1924
1935
1934
1872
1900
1874
1855
1928
1862
1886
1931
1891
1920
1912
1925
1922
1912
1884
1868
1928
1925
1864
1924
1929
1887
1862
1927
1866
1930
1879
1855
1887
1863
1860
1891
1858
1877
1871
1875
1937
1862
1880
1927
1913
1861
1925
1863
1873
1887
1852
1872
1858
1932
1933
1861
1895
1878
1861
1869
1866
1872
1862
1872
1873
1857
1854
1871
1903
1854
1894
1862
1882
1896
1931
1868
1860
1865
1857
1870
1920
1871
1856
1898
1854
1864
1867
1880
1879
1881
1888
1865
1873
1860
1859
1853
1880
1894
1866
1877
1861
1864
1866
1930
1930
1932
1869
1882
1875
1859
1905
1923
1856
1865
1851
1883
1882
1860
1858
1896
1867
1856
1860
1877
1871
1848
1877
1861
1869
1861
1930
1891
1873
1891
1907
1858
1858
1880
1896
1861
1898
1898
1923
1863
1928
1874
1877
1864
1854
1873
1864
1880
1865
1889
1858
1856
1863
1926
1889
1929
1877
1859
1850
1873
1865
1868
1876
1928
1933
1866
1920
1873
1855
1865
1882
1903
1875
1922
1864
1851
1864
1864
1866
1869
1865
1867
1923
1880
1901
1914
1852
1929
1886
1854
1883
1874
1867
1865
1896
1856
1879
1896
1869
1879
1881
1928
1928
1926
1928
1878
1894
1852
1867
1866
1886
1877
1885
1878
1886
1883
1873
1887
1879
1930
1871
1859
1923
1891
1897
1851
1923
1934
1880
1926
1930
1928
1932
1876
1870
1929
1867
1867
1869
1913
1898
1904
1863
1868
1878
1859
1880
1921
1857
1858
1872
1899
1931
1880
1864
1870
1881
1921
1889
1882
1883
1880
1931
1931
1875
1867
1867
1880
1861
1864
1860
1862
1871
1919
1853
1856
1864
1876
1883
1865
1854
1869
1859
1877
1891
1860
1868
1864
1924
1929
1870
1880
1859
1921
1925
1858
1890
1871
1875
1867
1874
1859
1868
1884
1887
1851
1929
1934
1932
1904
1897
1897
1933
1864
1883
1884
1866
1860
1887
1864
1869
1876
1863
1857
1859
1852
1859
1857
1853
1870
1854
1864
1869
1868
1874
1865
1878
1884
1873
1924
1929
1942
1873
1902
1859
1868
1869
1869
1870
1877
1857
1868
1882
1866
1878
1865
1874
1876
1855
1922
1885
1922
1918
1933
1856
1860
1896
1929
1923
1932
1921
1859
1932
1926
1875
1853
1873
1872
1896
1861
1877
1860
1865
1862
1875
1873
1926
1893
1874
1868
1869
1881
1856
1864
1882
1880
1895
1886
1919
1890
1852
1882
1863
1873
1874
1929
1891
1930
1860
1872
1887
1873
1865
1926
1902
1872
1925
1926
1896
1929
1863
1895
1869
1877
1879
1860
1883
1885
1857
1928
1895
1904
1868
1881
1925
1887
1879
1925
1928
1860
1877
1880
1941
1932
1879
1878
1926
1890
1888
1898
1880
1865
1868
1890
1906
1868
1905
1929
1930
1913
1926
1877
1891
1875
1895
1930
1857
1934
1905
1867
1890
1926
1928
1926
1931
1931
1935
1920
1923
1873
1929
1903
1927
1927
1898
1927
1923
1933
1874
1925
1934
1925
1935
1928
1868
1928
1921
1907
1878
1866
1892
1883
1934
1874
1883
1891
1896
1872
1865
1860
1921
1921
1925
1899
1918
1925
1931
1863
1931
1912
1912
1922
1933
1927
1930
1926
1870
1923
1934
1877
1884
1871
1881
1859
1866
1866
1898
1857
1929
1919
1930
1926
1930
1889
1924
1931
1848
1934
1927
1924
1873
1925
1876
1899
1928
1928
1927
1885
1925
1884
1891
1875
1880
1899
1921
1859
1866
1892
1866
1879
1928
1870
1889
1870
1880
1882
1933
1864
1894
1933
1871
1896
1927
1933
1913
1864
1931
1921
1927
1938
1912
1933
1924
1854
1910
1895
1856
1936
1879
1916
1927
1870
1859
1878
1881
1858
1906
1932
1852
1875
1891
1863
1925
1857
1930
1931
1935
1930
1930
1926
1935
1896
1861
1896
1896
1933
1935
1874
1863
1860
1854
1861
1879
1865
1931
1931
1868
1869
1888
1933
1928
1864
1932
1930
1863
1857
1872
1857
1877
1919
1924
1898
1868
1867
1875
1924
1924
1861
1886
1928
1930
1874
1930
1866
1882
1868
1872
1858
1901
1926
1925
1886
1929
1874
1897
1869
1864
1869
1863
1863
1855
1896
1924
1925
1920
1931
1877
1867
1869
1867
1876
1852
1920
1855
1922
1929
1882
1867
1875
1933
1924
1931
1872
1861
1892
1881
1858
1859
1865
1893
1922
1926
1926
1927
1927
1863
1923
1874
1890
1871
1862
1929
1879
1884
1869
1932
1923
1860
1855
1882
1895
1922
1859
1900
1868
1860
1932
1856
1857
1872
1874
1869
1869
1857
1862
1874
1874
1890
1887
1874
1881
1930
1897
1901
1894
1931
1868
1897
1862
1864
1879
1859
1900
1884
1863
1931
1921
1894
1928
1863
1868
1864
1882
1870
1878
1880
1859
1921
1868
1852
1852
1940
1929
1877
1880
1873
1872
1915
1867
1925
1922
1929
1920
1922
1865
1889
1920
1926
1867
1869
1932
1887
1860
1871
1856
1890
1883
1897
1888
1876
1924
1871
1882
1932
1927
1876
1886
1860
1854
1873
1929
1925
1921
1898
1923
1925
1883
1899
1861
1899
1858
1860
1931
1889
1920
1923
1894
1930
1924
1901
1925
1858
1871
1864
1853
1935
1935
1857
1921
1876
1850
1878
1878
1877
1880
1872
1863
1890
1882
1873
1862
1918
1883
1872
1933
1853
1922
1921
1862
1856
1924
1894
1919
1869
1903
1863
1876
1871
1873
1860
1929
1880
1930
1922
1868
1874
1881
1925
1883
1875
1873
1864
1871
1865
1870
1868
1858
1875
1859
1872
1903
1927
1863
1921
1926
1872
1875
1882
1833
1892
1860
1860
1856
1884
1859
1920
1929
1926
1923
1887
1877
1870
1863
1855
1924
1868
1857
1930
1865
1910
1890
1879
1877
1930
1875
1893
1906
1932
1891
1849
1882
1933
1905
1888
1893
1925
1930
1892
1883
1875
1926
1874
1868
1858
1926
1860
1885
1884
1877
1866
1868
1889
1857
1858
1882
1935
1871
1925
1923
1922
1867
1867
1867
1879
1862
1862
1858
1865
1926
1856
1880
1886
1878
1874
1860
1875
1930
1894
1931
1899
1925
1861
1889
1941
1880
1928
1924
1868
1921
1886
1891
1872
1921
1879
1884
1881
1859
1859
1860
1860
1889
1889
1920
1920
1863
1863
1923
1923
1903
1903
1879
1879
1849
1849
1885
1885
1889
1865
1865
1873
1873
1857
1857
1875
1875
1932
1875
1932
1875
1877
1877
1927
1927
1930
1930
1856
1856
1874
1874
1884
1884
1892
1882
1882
1882
1921
1921
1886
1877
1877
1926
1926
1891
1850
1850
1863
1863
1934
1934
1861
1861
1930
1930
1930
1930
1877
1877
1877
1877
1903
1903
1904
1904
1925
1923
1922
1921
1927
1928
1925
1873
1863
1923
1928
1868
1887
1897
1927
1877
1895
1878
1863
1872
1909
1853
1884
1898
1881
1845
1858
1851
1867
1880
1880
1875
1867
1924
1922
1926
1870
1866
1894
1930
1874
1880
1885
1886
1869
1857
1887
1872
1928
1916
1864
1885
1859
1930
1926
1922
1864
1850
1878
1892
1884
1889
1928
1873
1880
1924
1861
1878
1900
1852
1870
1892
1859
1858
1866
1928
1867
1876
1869
1920
1880
1875
1875
1867
1871
1857
1926
1872
1861
1861
1867
1927
1924
1910
1920
1891
1914
1899
1869
1880
1880
1863
1920
1899
1893
1858
1857
1929
1931
1929
1924
1867
1904
1891
1877
1883
1874
1871
1865
1855
1893
1870
1857
1867
1858
1856
1873
1865
1883
1920
1907
1870
1928
1870
1882
1886
1925
1922
1874
1863
1865
1927
1888
1871
1931
1876
1856
1932
1934
1925
1899
1878
1869
1855
1880
1860
1869
1885
1874
1929
1928
1896
1854
1940
1879
1908
1877
1873
1875
1868
1925
1894
1857
1918
1928
1878
1926
1922
1882
1879
1881
1914
1895
1926
1925
1875
1875
1853
1880
1866
1874
1859
1878
1893
1841
1859
1873
1926
1857
1879
1925
1870
1863
1929
1925
1878
1865
1880
1857
1863
1935
1878
1879
1848
1887
1929
1932
1929
1928
1933
1883
1887
1932
1881
1881
1886
1922
1904
1928
1869
1933
1859
1872
1863
1870
1924
1883
1882
1884
1872
1879
1845
1856
1887
1879
1877
1876
1923
1856
1888
1863
1853
1875
1872
1896
1930
1882
1880
1924
1865
1863
1862
1895
1927
1932
1902
1929
1869
1873
1930
1881
1862
1891
1929
1870
1901
1882
1893
1898
1931
1868
1864
1855
1860
1898
1857
1854
1927
1873
1865
1878
1872
1876
1873
1923
1861
1897
1875
1858
1863
1876
1906
1910
1876
1866
1873
1884
1898
1857
1877
1876
1931
1881
1873
1868
1865
1869
1872
1922
1870
1862
1878
1893
1886
1865
1886
1868
1928
1893
1865
1928
1866
1853
1881
1875
1903
1869
1871
1872
1878
1867
1865
1928
1928
1926
1874
1929
1877
1928
1863
1852
1925
1926
1872
1864
1934
1890
1858
1925
1883
1934
1925
1924
1892
1858
1859
1925
1863
1931
1904
1865
1859
1889
1876
1866
1871
1907
1942
1928
1861
1869
1894
1933
1934
1919
1925
1932
1924
1876
1856
1926
1877
1869
1869
1926
1930
1869
1880
1857
1902
1870
1863
1896
1860
1921
1861
1866
1932
1925
1879
1930
1865
1928
1880
1857
1871
1887
1929
1931
1923
1936
1877
1895
1865
1862
1924
1887
1929
1863
1880
1885
1889
1876
1883
1929
1932
1858
1871
1922
1926
1910
1870
1882
1939
1930
1886
1876
1872
1873
1883
1890
1923
1866
1862
1865
1874
1893
1933
1871
1860
1866
1935
1883
1867
1855
1873
1937
1869
1860
1938
1933
1904
1865
1909
1907
1885
1929
1935
1866
1882
1861
1857
1876
1879
1870
1869
1886
1858
1873
1920
1870
1884
1881
1926
1924
1893
1876
1873
1865
1922
1891
1862
1856
1928
1882
1904
1899
1863
1928
1926
1861
1903
1885
1886
1868
1928
1931
1869
1874
1877
1861
1876
1882
1925
1925
1891
1868
1875
1888
1894
1874
1851
1875
1875
1878
1877
1921
1925
1890
1910
1865
1926
1887
1915
1882
1866
1876
1921
1870
1926
1927
1872
1874
1886
1926
1869
1885
1859
1857
1872
1875
1878
1874
1927
1922
1925
1868
1860
1866
1859
1854
1867
1874
1856
1908
1882
1866
1863
1869
1882
1875
1887
1860
1920
1924
1928
1875
1934
1866
1877
1865
1869
1927
1857
1863
1867
1897
1928
1864
1868
1857
1884
1869
1874
1857
1869
1926
1850
1896
1854
1877
1931
1868
1875
1928
1926
1904
1924
1868
1877
1928
1881
1873
1877
1876
1874
1868
1868
1931
1880
1925
1853
1869
1859
1852
1855
1856
1885
1867
1932
1875
1892
1857
1854
1892
1886
1875
1873
1856
1861
1863
1857
1872
1901
1934
1931
1889
1872
1892
1858
1859
1865
1859
1859
1854
1858
1856
1867
1880
1863
1872
1872
1902
1885
1856
1899
1931
1867
1874
1855
1870
1858
1886
1875
1917
1933
1858
1919
1867
1925
1928
1866
1875
1935
1859
1866
1871
1870
1864
1878
1881
1861
1923
1878
1851
1860
1879
1870
1930
1860
1886
1872
1884
1859
1870
1862
1864
1858
1872
1898
1903
1929
1927
1856
1894
1884
1927
1869
1926
1881
1927
1887
1868
1866
1861
1856
1925
1879
1874
1872
1879
1871
1879
1866
1870
1880
1860
1854
1863
1879
1899
1931
1930
1888
1857
1922
1906
1863
1904
1897
1935
1896
1872
1888
1929
1873
1873
1857
1908
1857
1923
1890
1928
1896
1899
1868
1889
1865
1873
1871
1923
1881
1853
1860
1898
1859
1934
1867
1864
1869
1930
1887
1886
1872
1862
1857
1870
1918
1895
1866
1921
1899
1871
1864
1873
1860
1887
1855
1925
1925
1895
1871
1930
1869
1872
1934
1925
1866
1872
1922
1892
1926
1878
1929
1856
1886
1934
1927
1897
1924
1876
1877
1928
1930
1867
1901
1883
1923
1931
1858
1926
1867
1877
1850
1857
1885
1926
1923
1877
1860
1859
1870
1866
1899
1928
1895
1889
1857
1865
1891
1854
1859
1861
1862
1923
1882
1870
1896
1896
1933
1873
1861
1861
1873
1862
1886
1931
1928
1871
1873
1868
1865
1885
1882
1923
1925
1870
1863
1890
1857
1898
1859
1899
1925
1851
1930
1870
1868
1920
1917
1862
1862
1859
1882
1852
1871
1914
