1907
1907
1913
1913
1923
1923
1929
1929
1887
1887
1918
1918
1891
1891
1886
1886
1894
1894
1900
1900
1896
1896
1908
1908
1922
1922
1926
1926
1910
1910
1926
1926
1891
1891
1900
1900
1928
1928
1894
1894
1935
1935
1932
1932
1919
1919
1911
1911
1879
1879
1879
1879
1894
1894
1923
1923
1892
1892
1893
1893
1919
1919
1923
1923
1901
1901
1922
1922
1895
1895
1885
1885
1904
1904
1863
1863
1876
1876
1906
1906
1901
1901
1868
1868
1871
1871
1890
1890
1919
1919
1907
1907
1866
1866
1920
1920
1914
1914
1889
1889
1924
1924
1886
1886
1940
1940
1915
1915
1878
1878
1918
1918
1888
1888
1888
1888
1925
1925
1925
1925
1922
1922
1894
1894
1924
1924
1892
1892
1913
1913
1918
1918
1938
1938
1907
1907
1922
1922
1931
1931
1895
1895
1928
1928
1923
1923
1902
1902
1931
1931
1936
1936
1911
1911
1925
1925
1926
1926
1899
1899
1904
1904
1908
1908
1913
1913
1910
1910
1915
1915
1912
1912
1880
1880
1909
1909
1878
1878
1937
1937
1919
1919
1908
1908
1913
1913
1923
1923
1902
1902
1936
1936
1899
1899
1925
1925
1915
1915
1924
1924
1892
1892
1927
1927
1879
1879
1925
1925
1911
1911
1871
1871
1873
1873
1929
1929
1920
1920
1919
1919
1887
1887
1898
1898
1926
1926
1923
1923
1906
1906
1910
1910
1932
1932
1873
1873
1881
1881
1897
1897
1899
1899
1897
1897
1896
1896
1922
1922
1923
1923
1932
1932
1919
1919
1915
1915
1905
1905
1883
1883
1896
1896
1928
1928
1923
1923
1922
1922
1902
1902
1934
1934
1901
1901
1927
1927
1908
1908
1925
1925
1891
1891
