1900
1900
1925
1925
1917
1917
1897
1897
1911
1911
1911
1911
1914
1914
1914
1914
1902
1902
1921
1921
1909
1909
1932
1932
1924
1924
1896
1896
1929
1929
1901
1901
1904
1904
1928
1928
1923
1923
1925
1925
1920
1920
1895
1895
1903
1903
1904
1904
1925
1925
1895
1895
1922
1922
1894
1894
1939
1939
1925
1925
1907
1907
1922
1922
1927
1927
1919
1919
1923
1923
1920
1920
1925
1925
1913
1913
1912
1912
1912
1912
1919
1919
1915
1915
1944
1944
1904
1904
1913
1913
1912
1912
1907
1907
1912
1912
1893
1893
1914
1914
1930
1930
1926
1926
1928
1928
1901
1901
1924
1924
1917
1917
1912
1912
1909
1909
1913
1913
1904
1904
1909
1909
1939
1939
1938
1938
1912
1912
1907
1907
1891
1891
1924
1924
1909
1909
1915
1915
1913
1913
1918
1918
1880
1880
1916
1916
1915
1915
1927
1927
1927
1927
1928
1928
1900
1900
1930
1930
1902
1902
1932
1932
1907
1907
1917
1917
