1900
1900
1900
1900
1895
1895
1885
1885
1905
1905
1931
1931
1923
1923
1887
1887
1916
1916
1880
1880
1904
1904
1935
1935
1938
1938
1886
1886
1932
1932
1903
1903
1929
1929
1927
1927
1905
1905
1910
1910
1868
1868
1866
1866
1915
1915
1886
1886
1930
1930
1911
1911
1911
1911
1916
1916
1890
1890
1914
1914
1898
1898
1889
1889
1928
1928
1919
1919
1922
1922
1888
1888
1901
1901
1928
1928
1928
1928
1916
1916
1917
1917
1887
1887
1923
1923
1914
1914
1906
1906
1941
1941
1907
1907
1906
1906
1905
1905
1922
1922
1925
1925
1885
1885
1882
1882
1915
1915
1910
1910
1912
1912
1916
1916
1915
1915
1885
1885
1932
1932
1931
1931
1923
1923
1910
1910
1900
1900
1900
1900
1913
1913
1908
1908
1935
1935
1886
1886
1925
1925
1939
1939
1912
1912
1917
1917
1890
1890
1892
1892
1922
1922
1915
1915
1904
1904
1937
1937
1935
1935
1915
1915
1906
1906
1938
1938
1904
1904
1931
1931
1906
1906
1920
1920
1902
1902
1881
1881
1881
1881
1916
1916
1878
1878
1884
1884
1917
1917
1915
1915
1913
1913
1921
1921
1917
1917
1911
1911
1877
1877
1869
1869
1923
1923
1926
1926
1929
1929
1925
1925
1896
1896
1896
1896
1928
1928
1930
1930
1922
1922
1889
1889
1900
1900
1920
1920
1928
1928
1900
1900
1900
1900
1914
1914
1936
1936
1906
1906
1897
1897
1906
1906
1928
1928
1930
1930
1905
1905
1931
1931
1934
1934
1897
1897
1913
1913
1917
1917
1876
1876
1912
1912
1901
1901
1927
1927
1922
1922
1922
1922
1902
1902
1928
1928
1915
1915
1892
1892
1872
1872
1927
1927
1939
1939
1907
1907
1904
1904
1913
1913
1910
1910
1876
1876
1922
1922
1894
1894
1923
1923
1922
1922
1896
1896
1872
1872
1883
1883
1915
1915
1920
1920
1876
1876
1913
1913
1904
1904
1884
1884
1912
1912
1916
1916
1916
1916
1888
1888
1878
1878
1910
1910
1868
1868
1880
1880
1878
1878
1918
1918
1879
1879
1892
1892
1894
1894
1923
1923
1929
1929
1929
1929
1911
1911
1913
1913
1873
1873
1917
1917
1914
1914
1869
1869
1916
1916
1929
1929
1903
1903
1931
1931
1924
1924
1920
1920
1899
1899
1932
1932
1904
1904
1900
1900
1893
1893
1926
1926
1904
1904
1940
1940
1903
1903
1926
1926
1908
1908
1917
1917
1872
1872
1928
1928
1933
1933
1881
1881
1887
1887
1932
1932
1931
1931
1905
1905
1914
1914
1914
1914
1869
1869
1905
1905
1907
1907
1872
1872
1872
1872
1935
1935
1879
1879
1905
1905
1920
1920
1929
1929
1912
1912
1922
1922
1902
1902
1913
1913
1911
1911
1904
1904
1903
1903
1915
1915
1906
1906
1910
1910
1883
1883
1868
1868
1892
1892
1895
1895
1893
1893
1927
1927
1925
1925
1902
1902
1895
1895
1899
1899
1914
1914
1882
1882
1877
1877
1913
1913
1877
1877
1881
1881
1898
1898
1917
1917
1931
1931
1891
1891
1929
1929
1900
1900
1911
1911
1916
1916
1918
1918
1891
1891
1922
1922
1925
1925
1894
1894
1910
1910
1879
1879
1902
1902
1900
1900
1900
1900
1900
1900
1917
1917
1924
1924
1923
1923
1896
1896
1885
1885
1921
1921
1902
1902
1889
1889
1937
1937
1920
1920
1912
1912
1921
1921
1920
1920
1892
1892
1939
1939
1940
1940
1880
1880
1939
1939
1917
1917
1875
1875
1927
1927
1903
1903
1901
1901
1902
1902
1883
1883
1926
1926
1930
1930
1900
1900
1931
1931
1914
1914
1886
1886
1921
1921
1887
1887
1899
1899
1924
1924
1923
1923
1872
1872
1895
1895
1924
1924
1929
1929
1889
1889
1928
1928
1924
1924
1924
1924
1888
1888
1921
1921
1895
1895
1919
1919
1917
1917
1909
1909
1879
1879
1877
1877
1923
1923
1892
1892
1881
1881
1872
1872
1933
1933
1930
1930
1905
1905
1900
1900
1892
1892
1877
1877
1927
1927
1930
1930
1897
1897
1905
1905
1912
1912
1910
1910
1909
1909
1878
1878
1915
1915
1931
1931
1904
1904
1929
1929
1937
1937
1934
1934
1904
1904
1925
1925
1904
1904
1881
1881
1901
1901
1873
1873
1880
1880
1912
1912
1937
1937
1881
1881
1934
1934
1905
1905
1872
1872
1870
1870
1877
1877
1911
1911
1915
1915
1925
1925
1891
1891
1894
1894
1920
1920
1922
1922
1888
1888
1920
1920
1880
1880
1898
1898
1920
1920
1888
1888
1906
1906
1911
1911
1893
1893
1893
1893
1922
1922
1867
1867
1891
1891
1894
1894
1909
1909
1873
1873
1911
1911
1912
1912
1920
1920
1880
1880
1918
1918
1913
1913
1909
1909
1928
1928
1936
1936
1938
1938
1933
1933
1930
1930
1925
1925
1910
1910
