1924
1943
1899
1905
1917
1912
1925
1911
1913
1909
1920
1922
1906
1893
1922
1917
1907
1908
1916
1915
1916
1920
1897
1911
1913
1904
1924
1905
1889
1910
1920
1925
1923
1886
1914
1924
1893
1915
1923
1910
1923
1909
1916
1921
1913
1929
1898
1917
1911
1920
1910
1919
1910
1923
1917
1903
1904
1924
1907
1922
1922
1914
1920
1916
1897
1902
1923
1896
1907
1924
1924
1919
1919
1912
1908
1911
1905
1884
1925
1920
1921
1920
1914
1920
1916
1922
1924
1920
1925
1923
1918
1894
1900
1906
1907
1893
1910
1904
1910
1910
1919
1891
1924
1906
1927
1915
1911
1922
1926
1922
1903
1912
1919
1896
1919
1893
1908
1903
1913
1925
1910
1926
1910
1910
1926
1927
1927
1897
1924
1897
1914
1913
1913
1899
1924
1907
1922
1920
1923
1916
1918
1902
1925
1904
1922
1922
1921
1907
1912
1914
1922
1921
1924
1922
1919
1923
1908
1911
1905
1901
1913
1911
1923
1915
1925
1917
1926
1926
1922
1921
1920
1920
1924
1912
1919
1922
1912
1920
1924
1911
1920
1923
1898
1922
1914
1919
1913
1922
1901
1909
1924
1907
1921
1922
1923
1923
1925
1925
1904
1913
1922
1903
1920
1925
1924
1921
1924
1884
1916
1923
1924
1924
1924
1923
1925
1920
1922
1917
1925
1908
1915
1901
1918
1922
1926
1904
1902
1909
1923
1920
1923
1920
1917
1920
1921
1918
1907
1920
1913
1924
1915
1923
1923
1908
1922
1922
1922
1897
1922
1906
1919
1917
1920
1923
1925
1920
1906
1925
1923
1922
1926
1922
1906
1916
1910
1924
1916
1920
1922
1915
1910
1925
1920
1903
1900
1924
1913
1920
1922
1920
1914
1923
1923
1906
1923
1921
1924
1899
1915
1896
1905
1916
1921
1922
1924
1909
1920
1911
1901
1924
1921
1900
1917
1924
1920
1922
1921
1925
1905
1921
1921
1915
1907
1900
1920
1921
1904
1897
1924
1904
1920
1920
1922
1921
1917
1923
1923
1927
1920
1920
1923
1926
1920
1920
1919
1922
1921
1926
1924
1900
1922
1922
1922
1919
1912
1915
1924
1922
1920
1921
1912
1920
1900
1923
1925
1899
1922
1921
1918
1923
1921
1909
1926
1926
1922
1920
1921
1924
1908
1908
1920
