1911
1911
1938
1938
1924
1924
1890
1890
1923
1923
1917
1917
1890
1890
1928
1928
1926
1926
1919
1919
1900
1930
1900
1900
1930
1900
1886
1886
1924
1924
1925
1925
1933
1933
1904
1904
1926
1926
1905
1905
1900
1900
1908
1908
1880
1880
1900
1900
1886
1886
1886
1886
1909
1909
1877
1877
1903
1903
1939
1939
1929
1929
1900
1900
1900
1900
1922
1922
1916
1916
1940
1940
1912
1912
1910
1910
1875
1875
1872
1872
1868
1868
1903
1903
1931
1931
1895
1895
1893
1893
1929
1929
1886
1886
1900
1900
1899
1899
1906
1906
1905
1905
1893
1893
1892
1892
1889
1889
1932
1932
1919
1919
1939
1939
1934
1934
1910
1910
1937
1937
1872
1872
1872
1872
1912
1912
1937
1937
1933
1933
