1928
1900
1923
1877
1908
1901
1937
1930
1921
1893
1926
1895
1888
1890
1884
1898
1906
1866
1883
1914
1873
1910
1889
1919
1894
1925
1893
1909
1882
1884
1896
1876
1901
1933
1905
1937
1896
1926
1925
1889
1928
1923
1865
1864
1899
1898
1930
1894
1921
1924
1922
1894
1908
1885
1875
1939
1902
1899
1926
1887
1889
1924
1883
1913
1913
1893
1889
1918
1886
1860
1927
1894
1902
1883
1883
1918
1881
1881
1898
1931
1930
1900
1891
1904
1938
1910
1866
1930
1901
1934
1900
1932
1880
1904
1927
1934
1902
1907
1939
1936
1908
1865
1865
1922
1924
1901
1907
1912
1869
1934
1910
