1905
1933
1919
1936
1904
1913
1894
1900
1888
1894
1908
1920
1907
1876
1915
1925
1880
1882
1905
1914
1924
1921
1898
1883
1883
1890
1892
1926
1885
1928
1916
1901
1935
1909
1880
1924
1877
1921
1936
1896
1910
1910
1916
1874
1900
1871
1921
1905
1930
1933
1906
1906
1891
1864
1919
1889
1937
1898
1912
1939
1912
1897
1896
1874
1877
1878
1913
1918
1887
1920
1925
1915
1924
1917
1885
1910
1906
1860
1862
1915
1901
1891
1899
1929
1925
1927
1937
1899
1932
1935
1898
1906
1930
1915
1908
1927
1886
1930
1880
1880
1890
1938
1929
1900
1927
1924
1900
1921
1929
1898
1900
1895
1922
1889
1924
1873
1912
1918
1929
1925
1899
1908
1901
1936
1932
1908
1928
1926
1879
1880
1924
1891
1920
1902
1938
1910
1934
1936
1939
1910
1913
1901
1929
1931
1933
1903
1910
1876
1884
1937
1892
1886
1934
1906
1933
1892
1926
1897
1923
1932
1883
1909
1893
1919
1872
1907
1875
1918
1915
1918
1932
1906
1928
1933
1907
1934
1914
1936
1938
1934
1903
1907
1940
1903
1933
1896
1898
1931
1890
1910
1915
1923
1920
1897
1937
1911
1917
1924
1932
1896
1926
1922
1900
1920
1925
1880
1922
1915
1880
1893
1890
1937
1929
1910
1940
1870
1910
1914
1881
1875
1894
1929
1926
1895
1919
1923
1914
1877
1920
1922
1888
1924
1926
1920
1884
1882
1900
1924
1898
1939
1910
1862
1892
1916
1940
1892
1926
1912
1897
1879
1899
1899
1929
1926
1937
1935
1909
1932
1869
1906
1916
1924
1884
1926
1908
1912
1937
1907
1901
1878
1904
1920
1919
1939
1885
1890
1924
1922
1913
1928
1903
1903
1934
1936
1923
1933
1919
1890
1922
1880
1885
1911
1924
1881
1905
1932
1880
1920
1924
1929
1913
1886
1914
1913
1900
1926
1931
1901
1924
1907
1927
1929
1910
1913
1887
1885
1923
1929
1938
1931
1935
1927
1927
1892
1923
1924
1930
1891
1900
1925
1906
1880
1909
1933
1913
1936
1899
1872
1872
1910
1906
1914
1872
1876
1939
1924
1935
1920
1910
1912
1884
1890
1932
1913
1927
1937
1940
1909
1880
1933
1912
1936
1927
1903
1890
1857
1935
1910
1939
1926
1927
1929
1924
1897
1866
1903
1901
1886
1927
1879
1888
1929
1934
1882
1902
1912
1896
1927
1923
1930
1908
1940
1894
1933
1928
1919
1912
1885
1902
1912
1889
1877
1925
1937
1932
1896
1922
1918
1934
1908
1930
1910
1928
1932
1908
1940
1906
1888
1909
1888
1885
1885
1891
1903
1927
1906
1909
1940
1914
1909
1936
1872
1912
1940
1913
1892
1929
1937
1893
