1880
1867
1900
1929
1890
1877
1886
1930
1920
1926
1885
1924
1895
1929
1922
1895
1885
1878
1886
1912
1921
1901
1877
1878
1910
1923
1942
1928
1940
1936
1910
1917
1938
1916
1896
1899
1904
1902
1892
1904
1904
1942
1910
1879
1882
1928
1897
1888
1925
1924
1887
1932
1934
1905
1933
1882
1899
1901
1900
1923
1897
1880
1920
1921
1890
1890
1916
1907
1894
1887
1869
1898
1896
1905
1914
1907
1939
1907
1871
1910
1871
1886
1880
1925
1886
1885
1878
1890
1919
1885
1923
1930
1925
1887
1879
1896
1939
1913
1889
1889
1894
1921
1925
1898
1928
1925
1935
1900
1913
1941
1917
1885
1914
1897
1927
1894
1885
1878
1907
1883
1883
1883
1893
1925
1893
1885
1922
1880
1886
1916
1905
1906
1912
1916
1909
1910
1900
1899
1912
1880
1914
1921
1910
1878
1916
