1935
1916
1905
1903
1918
1920
1907
1900
1929
1907
1931
1933
1882
1896
1921
1931
1930
1897
1924
1895
1869
1889
1871
1902
1938
1936
1914
1912
1898
1896
1909
1921
1893
1913
1883
1925
1891
1888
1910
1914
1880
1920
1891
1926
1930
1888
1919
1926
1905
1917
1922
1910
1924
1902
1902
1876
1908
1884
1880
1873
1871
1934
1892
1895
1921
1928
1930
1926
1931
1898
1931
1900
1900
1918
1878
1888
1942
1893
1926
1929
1900
1924
1936
1938
1909
1906
1937
1904
1905
1935
1899
1936
1914
1912
1940
1937
1917
1925
1901
1885
1925
1913
1923
1896
1925
1887
1918
1922
1887
1923
1926
1929
1893
1911
1924
1926
1900
1928
1897
1933
1855
1914
1932
1903
1930
1902
1911
1893
1902
1926
1922
1935
1918
1893
1923
1893
1925
1932
1888
1913
1887
1904
1906
1934
1920
1901
1907
1909
1920
1890
1878
1901
1896
1869
1901
1909
1905
1920
1925
