1924
1924
1902
1902
1922
1922
1920
1920
1939
1939
1908
1908
1917
1917
1898
1898
1900
1900
1884
1884
1893
1893
1921
1921
1900
1900
1887
1887
1890
1890
1918
1918
1905
1905
1931
1931
1895
1895
1908
1908
1910
1910
1889
1889
1930
1930
1938
1938
1901
1901
1938
1938
1915
1915
1911
1911
1906
1906
1892
1892
1893
1893
1902
1902
1921
1921
1895
1895
1899
1899
1929
1929
1925
1925
1927
1927
1898
1898
1924
1924
1900
1900
1919
1919
1932
1932
1927
1927
1895
1895
1897
1897
1931
1931
1900
1900
1878
1878
1923
1923
1937
1937
1934
1934
1911
1911
1937
1937
1882
1882
1932
1932
1920
1920
1889
1889
1912
1912
1877
1877
1910
1910
1877
1877
1900
1900
1924
1924
1893
1893
1938
1938
1930
1930
1927
1927
1912
1912
1938
1938
1904
1904
1906
1906
1905
1905
1912
1912
1913
1913
1924
1924
1931
1931
1888
1888
1896
1896
1907
1907
1900
1900
1925
1925
1927
1927
1890
1890
1897
1897
1927
1927
1931
1931
1931
1931
1937
1937
1909
1909
1908
1908
1938
1938
1916
1916
1900
1900
1900
1900
1900
1900
1927
1927
1901
1901
1912
1912
1900
1900
1895
1895
1908
1908
1934
1934
1933
1933
1888
1888
1939
1939
1919
1919
1876
1876
1902
1902
