1890
1890
1913
1913
1901
1901
1934
1934
1881
1881
1929
1929
1909
1909
1920
1920
1912
1912
1872
1872
1925
1925
1898
1898
1906
1906
1922
1922
1889
1889
1890
1890
1909
1909
1876
1876
1934
1934
1904
1904
1880
1880
1907
1907
1916
1916
1906
1906
1907
1907
1914
1914
1933
1933
1904
1904
1901
1901
1923
1923
1924
1924
1901
1901
1935
1935
1901
1901
1878
1878
1875
1875
1899
1899
1910
1910
1907
1907
1872
1872
1891
1891
1924
1924
1891
1891
1942
1942
1907
1907
1932
1932
1903
1903
1901
1901
1924
1924
1897
1897
1886
1886
1926
1926
1922
1922
1925
1925
1930
1930
1893
1893
1921
1921
1894
1894
1944
1944
1919
1919
1932
1932
1916
1916
1906
1906
1909
1909
1901
1901
1897
1897
1932
1932
1932
1932
1909
1909
1909
1909
1901
1901
1910
1910
1938
1938
1927
1927
1902
1902
1905
1905
1903
1903
1932
1932
1903
1903
1903
1903
1902
1902
1933
1933
1913
1913
1914
1914
1918
1918
1917
1917
1896
1896
1927
1927
1925
1925
1883
1883
1902
1902
1906
1906
1920
1920
1915
1915
1940
1900
1900
1940
1910
1900
1900
1910
1913
1913
1931
1931
1926
1926
1932
1932
1924
1924
1927
1927
1888
1888
1926
1926
1921
1921
1917
1917
1900
1900
1900
1900
1928
1928
1901
1901
1901
1901
1934
1934
1901
1901
1912
1912
1928
1928
1890
1890
1929
1929
1925
1925
1926
1926
1922
1922
1918
1918
1922
1922
1890
1890
1893
1893
1924
1924
1896
1896
1897
1897
1932
1932
1881
1881
1892
1892
1876
1876
1909
1909
1910
1910
1911
1911
1909
1909
1937
1937
1887
1887
1906
1906
1925
1925
1900
1900
1932
1932
1875
1875
1913
1913
1907
1907
1908
1908
1914
1914
1908
1908
1885
1885
1910
1910
1925
1925
1921
1921
1917
1917
1883
1883
1925
1925
1918
1918
1896
1896
1921
1921
1927
1927
1896
1896
1928
1928
1904
1904
1908
1908
1931
1931
1933
1933
1896
1896
1925
1925
1918
1918
1894
1894
1897
1897
1879
1879
1930
1930
1892
1892
1925
1925
1903
1903
1920
1920
1922
1922
1916
1916
1891
1891
1926
1926
1900
1900
1927
1927
1900
1900
1896
1896
1929
1929
1903
1903
1921
1921
1913
1913
1920
1920
1939
1939
1914
1914
1898
1898
1886
1886
1927
1927
1901
1901
1921
1921
1885
1885
1923
1923
1895
1895
1881
1881
1902
1902
1930
1930
1901
1901
1932
1932
1906
1906
1931
1931
1928
1928
1935
1935
1919
1919
1919
1919
1911
1911
1882
1882
1912
1912
1915
1915
1910
1910
1919
1919
1913
1913
1927
1927
1928
1928
1900
1900
1882
1882
1910
1910
1913
1913
1914
1914
1897
1897
1937
1937
1897
1897
1924
1924
1926
1926
1894
1894
1931
1931
1893
1893
1922
1922
1914
1914
1890
1890
1911
1911
1920
1920
1928
1928
1894
1894
1919
1919
1914
1914
1933
1933
1903
1903
1935
1935
1904
1904
1900
1900
1898
1898
1918
1918
1912
1912
1912
1912
1910
1910
1932
1932
1937
1937
1904
1904
1938
1938
1931
1931
1897
1897
1926
1926
1924
1924
1901
1901
1899
1899
1884
1884
1930
1930
1906
1906
1928
1928
1920
1920
1879
1879
1883
1883
1934
1934
1906
1906
1926
1926
1924
1924
1891
1891
1921
1921
1908
1908
1917
1917
1915
1915
1906
1906
1903
1903
1938
1938
1890
1890
1928
1928
1925
1925
1914
1914
1883
1883
1883
1883
1894
1894
1890
1890
1927
1927
1929
1929
1902
1902
1910
1910
1894
1894
1931
1931
1932
1932
1889
1889
1915
1915
1912
1912
1902
1902
1911
1911
1893
1893
1887
1887
1880
1880
1886
1886
1903
1903
1909
1909
1934
1934
1939
1939
1902
1902
1912
1912
1898
1898
1899
1899
1900
1900
1939
1939
1885
1885
1910
1910
1869
1869
1898
1898
1885
1885
1925
1925
1878
1878
1931
1931
1906
1906
1908
1908
1934
1934
1910
1910
1938
1938
1908
1908
1933
1933
1919
1919
1922
1922
1920
1920
1902
1902
1911
1911
1915
1915
1917
1917
1910
1910
1915
1915
1881
1881
1880
1880
1920
1920
1910
1910
1926
1926
1914
1914
1899
1899
1924
1924
1878
1878
1900
1900
1930
1930
1907
1907
1909
1909
1880
1880
1923
1923
1917
1917
1920
1920
1929
1929
1898
1898
1881
1881
1888
1888
1911
1911
1913
1913
1915
1915
1932
1932
1932
1932
1905
1905
1905
1905
1940
1940
1908
1908
1904
1904
1895
1895
1913
1913
1890
1890
1894
1894
1922
1922
1921
1921
1908
1908
1927
1927
1902
1902
1909
1909
1916
1916
1907
1907
1938
1938
1940
1940
1913
1913
1895
1895
1903
1903
1897
1897
1921
1921
1924
1924
1894
1894
1912
1912
1913
1913
1883
1883
1906
1906
1899
1899
1893
1893
1887
1887
1923
1923
1902
1902
1875
1875
1932
1932
1911
1911
1883
1883
1923
1923
1886
1886
1909
1909
1877
1877
1912
1912
1877
1877
1896
1896
1926
1926
1920
1920
1908
1908
1905
1905
1892
1892
1906
1906
1904
1904
1890
1890
1929
1929
1917
1917
1889
1889
1908
1908
1913
1913
1920
1920
1935
1935
1912
1912
1909
1909
1942
1942
1896
1896
1928
1928
1893
1893
1923
1923
1917
1917
1885
1885
1919
1919
1923
1923
