1906
1892
1918
1886
1924
1871
1868
1910
1910
1935
1873
1915
1923
1930
1896
1886
1925
1922
1886
1875
1880
1921
1883
1897
1872
1905
1926
1928
1898
1929
1920
1927
1870
1879
1875
1882
1880
1902
1924
1907
1908
1895
1939
1937
1914
1926
1929
1908
1903
1920
1908
1905
1883
1924
1883
1909
1886
1913
1912
1877
1890
1928
1929
1915
1890
1880
1898
1909
1906
1938
1900
1900
1930
1932
1930
1922
1920
1884
1925
1920
1917
1928
1885
1878
1887
1912
1909
1936
1907
1910
1889
1914
1934
1870
1928
1898
1903
1928
1930
1883
1929
1924
1928
1909
1873
1907
1913
1931
1910
1900
1915
1912
1902
1902
1868
1921
1895
1890
1902
1898
1873
1898
1911
1895
1908
1910
1903
1925
1925
1902
1930
1900
1922
1888
1912
1927
1890
1936
1911
1913
1933
1909
1922
1906
1900
1905
1876
1910
1911
1909
1912
1907
1909
1909
1880
1880
1922
1883
1876
1869
1888
1874
1873
1909
1906
1934
1908
1940
1895
1924
1930
1893
