1928
1925
1930
1927
1894
1930
1931
1920
1892
1925
1919
1913
1907
1908
1940
1931
1902
1907
1912
1939
1912
1916
1915
1920
1895
1916
1890
1925
1914
1878
1918
1919
1897
1929
1903
1928
1897
1922
1895
1931
1911
1910
1927
1905
1911
1940
1887
1913
1905
1903
1928
1914
1920
1879
1879
1918
1916
1913
1928
1898
1902
1930
1917
1896
1925
1902
1896
1896
1920
1931
1932
1899
1902
1902
1920
1902
1930
1907
1932
1927
1921
1911
1920
1926
1924
1930
1921
1894
1926
1887
1899
1899
1928
1924
1925
1912
1911
1919
1920
1917
1922
1930
1911
1895
1911
1910
1913
1940
1912
1917
1910
1896
1919
1923
