1903
1903
1895
1895
1894
1894
1929
1929
1889
1889
1922
1922
1924
1924
1890
1890
1891
1891
1926
1926
1923
1923
1919
1919
1897
1897
1893
1893
1926
1926
1921
1921
1892
1892
1931
1931
1924
1924
1912
1912
1916
1916
1912
1912
1910
1910
1903
1903
1914
1914
1902
1902
1914
1914
1912
1912
1937
1937
1893
1893
1933
1933
1909
1909
1922
1922
1909
1909
1907
1907
1905
1905
1907
1907
1926
1926
1900
1900
1912
1912
1920
1920
1918
1918
1923
1923
1891
1891
1932
1932
1902
1902
1890
1890
1911
1911
1924
1924
1917
1917
1929
1929
1917
1917
1919
1919
1910
1910
1874
1874
1898
1898
1926
1926
1887
1887
1911
1911
1918
1918
1933
1933
1922
1922
1882
1882
