1933
1933
1898
1898
1925
1925
1929
1929
1857
1857
1924
1924
1928
1928
1889
1889
1885
1885
1934
1934
1900
1900
1930
1930
1928
1928
1912
1912
1900
1900
1926
1926
1897
1897
1924
1924
1929
1929
1884
1884
1886
1886
1908
1908
1928
1928
1917
1917
1921
1921
1887
1887
1916
1916
1918
1918
1886
1886
1917
1917
1908
1908
1933
1933
1905
1905
1908
1908
1893
1893
1891
1891
1890
1890
1896
1896
1896
1896
1905
1905
1937
1937
1920
1920
1896
1896
1903
1903
1935
1935
1926
1926
1923
1923
1932
1932
1940
1940
1940
1940
1903
1903
1935
1935
1932
1932
1889
1889
1917
1917
1923
1923
1892
1892
1920
1920
1894
1894
1895
1895
1923
1923
1922
1922
1896
1896
1894
1894
1930
1930
1908
1908
1915
1915
1942
1942
1906
1906
1938
1938
1880
1880
1937
1937
1933
1933
1910
1910
1904
1904
1913
1913
1927
1927
1894
1894
1892
1892
1911
1911
1937
1937
1939
1939
1915
1915
1892
1892
1900
1900
1904
1904
1921
1921
1904
1904
1901
1901
1931
1931
1923
1923
1926
1926
1895
1895
1935
1935
1921
1921
1927
1927
1895
1895
1930
1930
1906
1906
1932
1932
1907
1907
1911
1938
1938
1911
1881
1881
1893
1893
1924
1924
1925
1925
1916
1916
1869
1869
1869
1869
1926
1926
1896
1896
1894
1894
1923
1923
1923
1923
1865
1865
1929
1929
1922
1922
1903
1903
1891
1891
1894
1894
1927
1927
1927
1927
1900
1900
1873
1873
1890
1890
1937
1937
1921
1921
1920
1920
1885
1885
1938
1938
1885
1885
1872
1872
1912
1912
1895
1895
1938
1938
1906
1906
1908
1908
1900
1900
1920
1920
1897
1897
1902
1902
1890
1890
1897
1897
1863
1863
1919
1919
1913
1913
1879
1879
1910
1910
1922
1922
1939
1939
1912
1912
1917
1917
1886
1886
1917
1917
1923
1923
1920
1920
1930
1930
1901
1901
1902
1902
1884
1884
1912
1912
1912
1912
1906
1906
1910
1910
1917
1917
1913
1913
1924
1924
1909
1909
1923
1923
1917
1917
1886
1886
1904
1904
1882
1882
1919
1919
1890
1890
1919
1919
1883
1883
1894
1894
1920
1920
1905
1905
1913
1913
1875
1875
1908
1908
1888
1888
1885
1885
1923
1923
1921
1921
1937
1937
1906
1906
1886
1886
1922
1922
1925
1925
1905
1905
1930
1930
1898
1898
1937
1937
1895
1895
1891
1891
1914
1914
1903
1903
1927
1927
1910
1910
1870
1870
1911
1911
1923
1923
1880
1880
1917
1917
1923
1923
1907
1907
1880
1880
1907
1907
1918
1918
1897
1897
1929
1929
1895
1895
1931
1931
1881
1881
1921
1921
1891
1891
1930
1930
1897
1897
1896
1896
1932
1932
1901
1901
1909
1909
1935
1935
1906
1906
1925
1925
1874
1874
1923
1923
1925
1925
1928
1928
1911
1911
1915
1915
1900
1900
1929
1929
1933
1933
1927
1927
1923
1923
1924
1924
1900
1900
1895
1895
