1910
1917
1938
1937
1930
1904
1907
1886
1894
1914
1877
1909
1915
1920
1890
1917
1885
1919
1922
1927
1885
1887
1937
1931
1908
1906
1934
1921
1927
1914
1883
1886
1902
1927
1901
1935
1931
1928
1933
1900
1918
1913
1918
1937
1878
1916
1875
1893
1923
1927
1929
1932
1925
1923
1910
1932
1904
1940
1910
1920
1928
1924
1922
1886
1926
1892
1930
1898
1913
1903
1920
1877
1879
1922
1898
1932
1927
1924
1937
1895
1930
1908
1920
1909
1877
1879
1929
1930
1888
1914
1939
1933
1936
1910
1886
1922
1918
1882
1920
1912
1926
1929
1934
1904
1904
1907
1931
1929
1902
1938
1901
1927
1879
1872
