1902
1923
1919
1914
1923
1915
1904
1907
1909
1922
1920
1918
1925
1914
1910
1916
1922
1920
1914
1915
1914
1911
1921
1922
1921
1920
1918
1914
1915
1908
1906
1918
1917
1924
1920
1923
1912
1921
1923
1911
1906
1913
1897
1916
1913
1917
1915
1916
1915
1913
1920
1913
1925
1914
1909
1924
1908
1916
1921
1917
1913
1911
1922
1906
1910
1918
1917
1912
1921
1914
1920
1920
1919
1914
1924
1919
1924
1922
1914
1917
1914
1922
1915
1917
1914
1920
1915
1923
1913
1916
1921
1919
1918
1917
1913
1914
1923
1908
1920
1920
1919
1920
1913
1921
1918
1905
1922
1913
1905
1916
1911
1924
1919
1905
1923
1922
1919
1923
1922
1917
1907
1901
1915
1921
1922
1918
1916
1918
1919
1902
1912
1920
1910
1918
1919
1900
1904
