1883
1892
1940
1940
1907
1907
1936
1936
1939
1939
1911
1880
1880
1879
1888
1888
1900
1900
1911
1898
1898
1889
1889
1896
1896
1893
1893
1893
1893
1926
1926
1896
1896
1935
1935
1927
1927
1903
1903
1924
1924
1922
1922
1892
1892
1929
1929
1899
1891
1891
1935
1935
1882
1882
1879
1873
1907
1907
1908
1908
1913
1913
1938
1940
1940
1938
1910
1910
1933
1933
1927
1927
1897
1897
1905
1905
1938
1938
1876
1880
1886
1886
1881
1881
1884
1884
1893
1893
1895
1881
1882
1882
1884
1891
1891
1893
1893
1891
1891
1899
1899
1939
1939
1905
1905
1938
1938
1927
1927
1882
1876
1882
1876
1883
1888
1897
1891
1893
1901
1922
1882
1874
1886
1904
1907
1879
1878
1882
1880
1910
1897
1930
1898
1888
1876
1886
1886
1891
1923
1880
1883
1884
1880
1910
1889
1925
1907
1888
1889
1926
1929
1896
1884
1872
1936
1900
1937
1879
1881
1889
1883
