1884
1884
1936
1936
1909
1909
1938
1938
1907
1907
1931
1931
1936
1936
1908
1908
1908
1908
1912
1912
1912
1912
1890
1890
1924
1924
1890
1890
1911
1911
1879
1879
1903
1903
1940
1940
1899
1899
1923
1923
1910
1910
1910
1910
1888
1888
1885
1885
1919
1919
1884
1884
1938
1938
1914
1914
1909
1909
1887
1887
1916
1916
1912
1912
1936
1936
1938
1938
1904
1904
1911
1911
1939
1939
1937
1937
1880
1880
1915
1915
1919
1919
1877
1877
1928
1928
1927
1927
1930
1930
1899
1899
1932
1932
1940
1940
1911
1911
1919
1919
1911
1911
1876
1876
1920
1920
1914
1914
1929
1929
1926
1926
1924
1924
1890
1890
1920
1920
1900
1900
1895
1895
1896
1896
1871
1871
1875
1875
1935
1935
1930
1930
1934
1934
1937
1937
1933
1933
1901
1901
1938
1938
1904
1904
1880
1880
1924
1924
1926
1926
1886
1886
1885
1885
1931
1931
1929
1929
1931
1931
1909
1909
1934
1934
1908
1908
1907
1907
1936
1936
1877
1877
1889
1889
1902
1902
1938
1938
1905
1905
1903
1903
1939
1939
1905
1905
1873
1873
1920
1920
1885
1885
1881
1881
1910
1910
1874
1874
1926
1926
1913
1913
1929
1929
1924
1924
1922
1922
1882
1882
1898
1898
1869
1869
1928
1928
1935
1935
1904
1904
1911
1911
1927
1927
1888
1888
1868
1868
1918
1918
