1893
1926
1923
1895
1908
1890
1916
1922
1899
1933
1933
1929
1932
1899
1871
1903
1926
1928
1925
1914
1884
1887
1925
1921
1896
1896
1891
1887
1863
1865
1937
1899
1913
1929
1868
1871
1897
1890
1924
1920
1930
1894
1931
1887
1886
1920
1907
1915
1933
1900
1937
1934
1927
1928
1900
1872
1867
1933
1926
1907
1911
1906
1925
1918
1915
1879
1920
1925
1922
1892
1892
1912
1879
1911
1937
1876
1901
1893
1926
1887
1928
1890
1873
1909
1913
1876
1876
1915
1913
1877
1864
1912
1931
1894
1922
1897
1921
1924
1877
1879
1935
1933
1939
1919
1913
1876
1914
1885
1868
1916
1890
1929
1914
1888
1909
1934
1909
1939
1873
1868
1914
1899
1930
1899
1935
1891
1887
1920
1922
1924
1881
1922
1918
1880
1906
1904
1909
1875
1875
1888
1911
1908
1880
1922
1921
1886
1923
1888
1925
1905
1929
1903
1934
1932
1936
1858
1894
1913
1914
1925
1923
1924
1888
1888
1894
1930
1927
1921
1925
1924
1922
1886
1903
1938
1915
1920
1916
1895
1889
1923
1895
1921
1920
1931
1923
1900
1865
1909
1930
1900
1938
1908
1912
1933
1926
1928
1889
1923
1921
1919
1890
1907
1909
1917
1875
1872
1925
1927
1932
1898
1918
1894
1871
1862
1906
1931
1920
1909
1875
1875
1914
1936
1873
1916
1873
1914
1920
1884
1919
1925
1930
1923
1897
1925
1883
1914
1879
1903
1924
1902
1897
1897
1896
1924
