1883
1913
1909
1910
1910
1907
1907
1923
1905
1926
1897
1907
1897
1929
1895
1908
1920
1911
1898
1908
1901
1895
1887
1924
1899
1890
1889
1897
1903
1886
1881
1938
1897
1895
1881
1906
1944
1922
1935
1879
1939
1908
1944
1905
1925
1911
1883
1878
1897
1879
1901
1901
1924
1894
1885
1881
1886
1888
1915
1890
1911
1895
1900
1934
1916
1907
1893
1924
1891
1930
1923
1913
1905
1895
1892
1910
1894
1898
1894
1888
1891
1885
1904
1881
1919
1924
1926
1896
1912
1897
1912
1923
1872
1896
1910
1899
1916
1887
1944
1928
1905
1934
1904
1916
1914
1886
1890
1926
1927
1915
1910
1902
1925
1934
1887
1899
1901
1906
1900
1893
1912
1922
1903
1920
1883
1873
1883
1944
1944
1922
1920
1902
1888
1884
1911
1914
1923
1875
1902
1944
1898
1909
1893
1873
1917
1924
1887
1885
1924
1884
1891
1888
1897
1894
1889
1919
1944
1893
1909
1909
1912
1881
1890
1905
1887
1882
1908
1894
1929
1920
1920
1905
1925
1922
1897
1903
1908
1924
1908
1896
1919
1925
1926
1922
1889
1924
1909
1881
1917
1896
1914
1890
1908
1939
1893
1944
1927
1869
1924
1912
1944
1885
1892
1919
1944
1889
1944
1886
1884
1900
1900
1925
1892
1944
1908
1932
1894
1904
1910
1930
1932
1925
1932
1918
1908
1920
1894
1877
1895
1923
1896
1933
1907
1889
1864
1928
1925
1893
1886
1910
1934
1906
1903
1921
1883
1886
1907
1871
1918
1909
1924
1939
1894
1916
1900
1889
1881
1876
1899
1897
1910
1890
1884
1891
1914
1919
1914
1927
1897
1912
1912
1911
1902
1923
1918
1894
1904
1910
1888
1928
1897
1924
1903
1926
1887
1903
1893
1895
1919
1906
1923
1939
1913
1944
1914
1893
1899
1926
1897
1892
1885
1886
1936
1900
1910
1915
1929
1905
1904
1890
1926
1923
1907
1914
1886
1882
1887
1914
1904
1885
1924
1927
1891
1923
1917
1886
1924
1902
1924
1877
1884
1890
1878
1884
1898
1944
1928
1936
1909
1894
1926
1923
1902
1907
1902
1931
1908
1875
1883
1910
1886
1884
1927
1901
1931
1880
1911
1892
1912
1887
1942
1937
1890
1872
1889
1912
1896
1923
1915
1893
1920
1908
1891
1913
1872
1910
1904
1894
1924
1895
1913
1913
1880
1919
1871
1894
1925
1906
1887
1902
1917
1914
1890
1889
1913
1944
1895
1904
1927
1918
1904
1936
1895
1905
1914
1903
1891
1924
1928
1917
1893
1899
1923
1944
1926
1896
1882
1913
1933
1904
1900
1938
1907
1886
1899
1928
1926
1881
1902
1944
1924
1901
1905
1883
1906
1892
1919
1897
1923
1904
1926
1898
1938
1921
1922
1903
1882
1909
1944
1884
1886
1883
1939
1886
1891
1905
1931
1912
1906
1926
1887
1903
1892
1908
1922
1925
1883
1889
1910
1900
1935
1904
1876
1925
1921
1912
1886
1900
1914
1908
1892
1892
1888
1878
1906
1883
1900
1900
1904
1928
1927
1908
1891
1924
1907
1902
1919
1880
1886
1886
1927
1922
1924
1894
1894
1904
1900
1902
1887
1897
1918
1895
1898
1909
1887
1906
1886
1908
1901
1900
1910
1940
1887
1897
1926
1923
1896
1925
1892
1896
1923
1904
1914
1892
1902
1890
1924
1890
1913
1901
1896
1918
1898
1880
1910
1925
1885
1922
1923
1881
1889
1860
1894
1921
1906
1906
1900
1918
1906
1878
1865
1892
1895
1910
1924
1900
1881
1903
1919
1886
1908
1913
1879
1944
1884
1875
1934
1917
1885
1897
1893
1920
1912
1924
1920
1910
1908
1901
1926
1906
1918
1902
1926
1887
1885
1871
1895
1898
1889
1890
1876
1912
1909
1923
1919
1895
1902
1881
1885
1877
1887
1914
1925
1879
1903
1944
1910
1884
1895
1888
1925
1926
1876
1893
1897
1927
1929
1933
1890
1912
1903
1906
1918
1942
1883
1904
1898
1892
1919
1925
1907
1905
1878
1918
1918
1905
1917
1905
1906
1916
1921
1917
1944
1908
1900
1879
1900
1876
1881
1914
1914
1908
1884
1881
1925
1906
1900
1880
1908
1944
1897
1885
1901
1876
1927
1910
1904
1913
1944
1919
1894
1923
1926
1896
1902
1896
1897
1895
1899
1915
1910
1925
1900
1911
1923
1905
1938
1908
1890
1892
1888
1920
1910
1883
1881
1897
1932
1923
1914
1914
1938
1924
1924
1919
1918
1922
1897
1929
1896
1932
1886
1884
1879
1882
1880
1912
1934
1925
1871
1944
1913
1939
1923
1944
1915
1901
1907
1910
1911
1935
1913
1944
1926
1907
1900
1900
1901
1889
1929
1911
1916
1921
1902
1937
1875
1898
1888
1909
1875
1924
1929
1931
1905
1890
1917
1925
1919
1923
1924
1911
1930
1884
1903
1917
1911
1899
1921
1890
1903
1903
1930
1907
1871
1905
1872
1915
1911
1869
1908
1877
1899
1882
1939
1876
1894
1925
1898
1884
1940
1922
1910
1875
1921
1924
1888
1900
1912
1907
1912
1887
1882
1891
1921
1912
1925
1898
1925
1928
1902
1928
1902
1874
1920
1881
1885
1928
1923
1918
1923
1927
1944
1894
1902
1900
1917
1922
1905
1931
1897
1925
1921
1894
1886
1912
1931
1872
1903
1884
1870
1912
1921
1938
1898
1923
1912
1944
1925
1891
1907
1932
1876
1905
1908
1926
1913
1906
1929
1886
1894
1904
1891
1882
1900
1908
1899
1882
1925
1912
1872
1912
1909
1939
1908
1924
1903
1927
1886
1933
1906
1899
1930
1922
1897
1914
1912
1929
1873
1907
1899
1925
1876
1888
1944
1902
1943
1931
1925
1938
1910
1937
1918
1944
1877
1912
1921
1940
1911
1900
1868
1904
1923
1896
1937
1905
1920
1911
1924
1929
1901
1901
1913
1914
1894
1923
1888
1921
1901
1908
1917
1893
1906
1900
1904
1880
1924
1928
1926
1883
1923
1882
1922
1888
1939
1902
1920
1880
1924
1940
1913
1918
1888
1915
1902
1884
1872
1921
1880
1908
1912
1881
1925
1931
1903
1899
1887
1893
1902
1907
1927
1915
1929
1908
1884
1914
1901
1921
1893
1885
1892
1923
1884
1931
1921
1891
1933
1892
1912
1940
1926
1871
1878
1919
1887
1910
1927
1885
1926
1902
1912
1918
1873
1892
1902
1905
1893
1921
1924
1929
1900
1898
1904
1920
1918
1880
1923
1932
1932
1885
1902
1904
1913
1912
1896
1886
1915
1883
1890
1911
1893
1923
1884
1891
1944
1887
1944
1906
1881
1908
1891
1908
1933
1886
1892
1904
1919
1891
1906
1892
1927
1908
1924
1902
1913
1903
1913
1926
1941
1927
1879
1919
1924
1934
1879
1874
1885
1896
1938
1873
1918
1892
1920
1880
1888
1910
1918
1916
1890
1885
1921
1907
1922
1894
1910
1921
1911
1885
1923
1907
1905
1893
1898
1902
1923
1882
1859
1876
1944
1900
1888
1898
1926
1912
1886
1899
1868
1907
1912
1906
1902
1913
1944
1907
1887
1885
1944
1928
1912
1895
1928
1916
1929
1894
1919
1891
1925
1930
1914
1912
1931
1894
1879
1932
1899
1906
1892
1921
1872
1915
1910
1870
1894
1888
1896
1902
1885
1878
1927
1884
1889
1910
1906
1925
1896
1921
1909
1910
1911
1893
1923
1920
1937
1887
1901
1916
1930
1901
1907
1898
1900
1879
1944
1915
1890
1930
1922
1889
1895
1936
1881
1930
1894
1913
1919
1920
1926
1944
1911
1886
1908
1917
1925
1896
1888
1911
1925
1893
1943
1907
1889
1889
1896
1907
1917
1894
1901
1894
1931
1904
1907
1904
1904
1862
1926
1878
1890
1929
1936
1909
1906
1899
1928
1908
1878
1913
1876
1927
1883
1889
1888
1876
1911
1885
1911
1926
1885
1897
1916
1904
1909
1944
1892
1898
1901
1879
1916
1906
1870
1892
1881
1893
1876
1889
1886
1916
1907
1914
1883
1923
1896
1925
1901
1900
1924
1929
1906
1909
1886
1900
1922
1916
1871
1937
1898
1884
1919
1881
1885
1896
1924
1885
1881
1881
1894
1915
1894
1893
1911
1907
1904
1902
1889
1894
1896
1889
1906
1894
1870
1906
1886
1894
1925
1895
1891
1914
1912
1924
1893
1903
1910
1912
1889
1897
1944
1886
1906
1917
1915
1917
1894
1921
1918
1926
1896
1922
1917
1918
1899
1911
1913
1927
1921
1913
1867
1891
1869
1907
1897
1915
1923
1872
1876
1914
1918
1889
1898
1921
1898
1928
1909
1914
1897
1878
1880
1902
1919
1873
1916
1910
1915
1890
1944
1909
1909
1923
1907
1902
1884
1944
1937
1896
1901
1898
1896
1923
1921
1943
1871
1923
1897
1931
1924
1894
1900
1937
1928
1905
1900
1895
1923
1898
1892
1925
1877
1917
1874
1902
1877
1904
1901
1927
1944
1911
1902
1927
1916
1909
1924
1894
1924
1883
1905
1887
1897
1882
1900
1924
1910
1882
1916
1916
1880
1887
1875
1916
1944
1930
1916
1890
1944
1888
1898
1911
1899
1902
1882
1907
1876
1880
1859
1917
1859
1886
1906
1914
1914
1916
1926
1920
1914
1923
1919
1911
1896
1914
1880
1886
1876
1925
1894
1911
1903
1910
1895
1887
1897
1890
1910
1893
1925
1894
1910
1902
1902
1923
1938
1879
1917
1908
1937
1911
1887
1884
1925
1890
1921
1872
1927
1900
1908
1914
1930
1879
1898
1897
1912
1908
1891
1918
1896
1895
1908
1903
1916
1905
1905
1893
1914
1910
1944
1894
1880
1920
1920
1894
1880
1920
1920
1905
1944
1900
1926
1898
1888
1924
1917
1925
1884
1912
1916
1915
1868
1884
1918
1924
1896
1920
1911
1926
1904
1926
1902
1923
1925
1902
1923
1894
1900
1899
1909
1943
1908
1914
1898
1923
1897
1898
1939
1906
1926
1888
1896
1886
1943
1901
1890
1861
1914
1896
1897
1892
1926
1877
1900
1894
1903
1877
1890
1907
1919
1937
1904
1877
1911
1944
1896
1921
1924
1926
1925
1881
1904
1926
1895
1895
1876
1897
1925
1879
1899
1902
1908
1896
1906
1890
1920
1894
1886
1924
1923
1902
1918
1889
1912
1885
1916
1886
1893
1939
1927
1893
1903
1898
1879
1890
1899
1886
1912
1884
1923
1869
1882
1912
1896
1908
1904
1897
1920
1943
1889
1920
1908
1915
1912
1912
1919
1897
1925
1881
1934
1902
1891
1878
1944
1928
1926
1937
1922
1912
1888
1924
1870
1922
1902
1911
1911
1906
1903
1937
1893
1914
1919
1910
1892
1915
1924
1944
1921
1916
1902
1887
1927
1928
1930
1922
1914
1930
1923
1912
1912
1909
1907
1925
1881
1928
1884
1920
1929
1923
1882
1908
1905
1881
1901
1921
1928
1901
1897
1882
1916
1921
1912
1911
1914
1924
1879
1892
1887
1894
1891
1895
1936
1910
1921
1909
1889
1892
1922
1882
1888
1928
1899
1911
1877
1899
1878
1885
1894
1888
1925
1888
1893
1939
1917
1924
1873
1899
1907
1896
1925
1931
1909
1936
1924
1928
1903
1938
1927
1911
1877
1916
1894
1917
1895
1929
1892
1894
1926
1912
1908
1899
1920
1886
1908
1897
1925
1903
1905
1891
1938
1939
1886
1921
1898
1937
1939
1917
1917
1944
1925
1893
1910
1893
1893
1926
1884
1923
1885
1909
1937
1924
1922
1913
1887
1919
1907
1886
1890
1894
1918
1896
1898
1926
1914
1921
1901
1892
1894
1939
1885
1915
1894
1913
1937
1924
1919
1882
1924
1889
1884
1908
1926
1893
1912
1879
1889
1887
1920
1936
1905
1932
1922
1907
1916
1880
1884
1921
1924
1887
1925
1906
1924
1882
1925
1925
1919
1920
1927
1870
1899
1885
1896
1888
1887
1884
1872
1925
1904
1918
1897
1866
1923
1905
1935
1906
1908
1908
1908
1896
1916
1908
1904
1921
1900
1923
1898
1916
1916
1920
1864
1944
1900
1885
1889
1872
1911
1885
1889
1909
1924
1928
1899
1923
1883
1917
1900
1921
1943
1937
1937
1877
1924
1938
1916
1898
1897
1884
1885
1911
1926
1923
1910
1903
1898
1883
1898
1893
1900
1926
1884
1897
1895
1903
1907
1908
1880
1882
1877
1894
1893
1905
1880
1926
1927
1927
1913
1901
1884
1926
1919
1909
1923
1909
1920
1898
1903
1891
1881
1906
1901
1912
1914
1898
1898
1917
1921
1880
1887
1914
1895
1891
1905
1889
1913
1914
1898
1908
1882
1917
1890
1897
1896
1879
1920
1878
1883
1931
1911
1924
1880
1911
1905
1884
1904
1894
1919
1925
1879
1884
1892
1901
1921
1875
1911
1920
1876
1883
1876
1944
1916
1906
1883
1890
1903
1918
1882
1886
1892
1934
1884
1881
1882
1903
1892
1935
1903
1920
1919
1900
1889
1930
1924
1900
1924
1924
1904
1904
1918
1877
1913
1919
1882
1904
1923
1913
1877
1909
1940
1917
1910
1896
1918
1928
1894
1877
1867
1917
1929
1893
1885
1894
1894
1924
1925
1917
1881
1925
1904
1888
1909
1901
1899
1926
1904
1922
1905
1912
1907
1881
1893
1919
1911
1937
1884
1944
1914
1908
1888
1896
1907
1925
1940
1937
1902
1902
1901
1911
1920
1871
1884
1926
1891
1896
1879
1885
1922
1922
1917
1913
1891
1882
1910
1915
1897
1876
1906
1927
1884
1911
1889
1875
1919
1897
1895
1889
1918
1908
1926
1880
1926
1938
1894
1890
1943
1920
1906
1910
1927
1900
1934
1877
1905
1893
1893
1920
1910
1884
1925
1912
1916
1898
1909
1889
1883
1911
1926
1896
1900
1899
1878
1888
1910
1908
1897
1924
1926
1938
1897
1925
1906
1927
1893
1896
1914
1921
1879
1893
1923
1915
1928
1904
1939
1928
1908
1875
1922
1893
1905
1892
1886
1879
1901
1886
1923
1928
1920
1893
1911
1895
1874
1896
1906
1926
1886
1908
1896
1904
1899
1899
1884
1887
1887
1877
1933
1905
1884
1928
1910
1932
1918
1901
1911
1933
1921
1900
1885
1886
1902
1885
1937
1902
1882
1879
1899
1896
1923
1886
1904
1897
1903
1914
1911
1877
1888
1898
1908
1935
1922
1922
1936
1904
1884
1925
1904
1890
1914
1890
1900
1922
1903
1892
1893
1911
1917
1928
1888
1944
1884
1926
1910
1889
1904
1924
1910
1911
1931
1909
1885
1899
1935
1882
1895
1920
1901
1905
1927
1910
1897
1944
1925
1884
1918
1906
1898
1909
1924
1944
1896
1925
1900
1906
1921
1917
1880
1897
1879
1932
1924
1910
1914
1872
1907
1930
1890
1920
1905
1924
1905
1896
1902
1892
1922
1904
1899
1918
1892
1898
1885
1890
1911
1917
1898
1929
1896
1936
1931
1897
1911
1905
1882
1893
1900
1890
1902
1913
1909
1889
1925
1887
1919
1910
1899
1943
1944
1911
1913
1884
1888
1885
1900
1914
1896
1890
1875
1924
1900
1903
1881
1915
1926
1884
1944
1889
1926
1878
1921
1919
1897
1901
1898
1895
1944
1880
1907
1917
1908
1930
1925
1925
1910
1916
1929
1894
1898
1874
1907
1923
1944
1888
1901
1890
1881
1913
1926
1905
1874
1911
1875
1916
1886
1894
1895
1909
1919
1907
1895
1886
1884
1892
1884
1882
1922
1935
1926
1889
1905
1926
1924
1906
1926
1891
1922
1931
1898
1902
1891
1923
1888
1897
1892
1879
1890
1923
1923
1910
1910
1943
1903
1924
1896
1920
1921
1912
1889
1902
1885
1935
1895
1879
1925
1898
1923
1909
1867
1925
1895
1895
1923
1927
1927
1912
1906
1924
1880
1944
1909
1920
1925
1942
1891
1919
1919
1918
1918
1923
1903
1892
1891
1865
1911
1913
1914
1922
1886
1902
1925
1936
1911
1888
1889
1898
1898
1886
1913
1905
1896
1922
1888
1889
1909
1943
1869
1921
1879
1895
1919
1904
1903
1943
1898
1925
1906
1924
1926
1929
1887
1926
1924
1892
1913
1897
1907
1935
1888
1884
1894
1926
1923
1879
1912
1902
1922
1914
1907
1934
1924
1910
1901
1888
1884
1909
1944
1897
1923
1896
1908
1906
1918
1913
1897
1870
1870
1934
1909
1891
1892
1919
1905
1907
1944
1935
1888
1877
1895
1906
1927
1897
1892
1896
1884
1912
1902
1907
1925
1904
1889
1883
1897
1908
1904
1920
1917
1939
1913
1944
1897
1888
1919
1923
1889
1896
1899
1914
1892
1915
1939
1916
1935
1911
1921
1915
1918
1893
1921
1944
1917
1915
1944
1884
1884
1890
1927
1899
1918
1926
1923
1890
1869
1921
1921
1944
1921
1885
1927
1909
1893
1904
1889
1889
1925
1906
1897
1905
1931
1915
1935
1944
1871
1909
1881
1907
1919
1915
1943
1876
1903
1908
1879
1915
1874
1912
1918
1887
1902
1912
1916
1894
1907
1907
1902
1892
1862
1900
1937
1885
1918
1879
1897
1939
1923
1925
1884
1918
1881
1892
1915
1890
1890
1924
1883
1928
1916
1912
1925
1911
1909
1889
1917
1891
1898
1899
1922
1902
1917
1904
1895
1904
1886
1898
1879
1933
1924
1891
1886
1882
1910
1890
1886
1885
1938
1894
1917
1896
1921
1908
1892
1871
1922
1922
1919
1919
1885
1926
1887
1925
1882
1904
1917
1923
1936
1880
1919
1909
1936
1882
1944
1913
1923
1922
1935
1875
1879
1944
1876
1906
1923
1903
1938
1905
1888
1899
1907
1928
1921
1899
1892
1903
1878
1907
1931
1929
1939
1910
1904
1899
1906
1891
1912
1879
1875
1894
1877
1944
1912
1887
1944
1925
1873
1934
1890
1913
1924
1924
1875
1911
1903
1940
1925
1903
1889
1873
1896
1917
1936
1933
1904
1905
1924
1913
1902
1902
1893
1916
1891
1871
1927
1878
1904
1895
1929
1890
1912
1896
1939
1907
1918
1911
1879
1926
1918
1888
1881
1899
1899
1885
1881
1911
1912
1928
1909
1914
1894
1916
1925
1907
1886
1894
1916
1890
1892
1910
1920
1908
1907
1865
1899
1893
1940
1878
1906
1910
1925
1910
1904
1885
1910
1897
1899
1913
1940
1913
1935
1880
1900
1883
1885
1930
1872
1896
1888
1920
1892
1889
1916
1899
1916
1905
1897
1885
1909
1874
1894
1881
1886
1926
1922
1916
1870
1885
1922
1883
1900
1907
1896
1890
1875
1869
1882
1890
1900
1910
1924
1901
1898
1927
1890
1924
1932
1894
1922
1903
1926
1929
1919
1944
1906
1890
1914
1943
1916
1890
1898
1912
1891
1904
1906
1885
1883
1916
1891
1933
1917
1943
1930
1898
1927
1895
1888
1882
1895
1892
1891
1907
1924
1904
1936
1931
1937
1944
1935
1944
1922
1879
1902
1944
1886
1933
1893
1876
1924
1910
1912
1888
1871
1888
1917
1896
1881
1923
1891
1893
1910
1919
1917
1900
1926
1900
1938
1921
1862
1876
1926
1927
1920
1891
1910
1894
1918
1907
1885
1943
1928
1910
1920
1897
1916
1897
1921
1925
1893
1887
1896
1910
1922
1915
1881
1893
1923
1907
1908
1888
1922
1891
1886
1921
1927
1898
1912
1893
1887
1911
1888
1905
1922
1927
1927
1879
1904
1915
1924
1894
1893
1917
1888
1944
1883
1906
1876
1901
