1903
1885
1881
1876
1879
1889
1879
1891
1894
1896
1887
1879
1879
1925
1887
1929
1885
1898
1932
1877
1925
1879
1881
1878
1894
1888
1878
1923
1883
1896
1918
1896
1928
1928
1888
1885
1896
1884
1885
1874
1885
1874
1883
1874
1880
1902
1874
1930
1880
1896
1897
1914
1929
1908
1913
1883
1882
1931
1910
1885
1884
1893
1883
1880
1885
1879
1887
1877
1885
1902
1875
1877
1868
1904
1909
1886
1889
1876
1887
1879
1882
1893
1934
1895
1935
1935
1880
1908
1906
1897
1902
1889
1880
1881
1883
1883
1883
1900
1888
1900
1927
1893
1935
1887
1893
1876
1908
1880
1894
1924
1880
1876
1889
1886
1907
1878
1874
1888
1877
1880
1888
1879
1877
1876
1879
1881
1874
