1911
1930
1931
1925
1920
1916
1907
1868
1905
1907
1932
1911
1874
1897
1897
1930
1933
1905
1905
1910
1905
1934
1900
1929
1876
1913
1935
1908
1856
1892
1920
1923
1926
1896
1910
1910
1934
1927
1922
1916
1914
1885
1885
1917
1918
1904
1938
1907
1933
1880
1911
1911
1939
1932
1902
1933
1902
1939
1926
1888
1915
1883
1924
1938
1915
1908
1912
1883
1926
1928
1905
1905
1931
1910
1910
1939
1931
1928
1925
1908
1894
1899
1936
1905
1898
1921
1884
1903
1922
1888
1912
1879
1874
1924
1866
1938
1930
1900
1903
1924
1924
1919
1925
1921
1927
1898
1894
1898
1899
1936
1872
1882
1880
1879
1908
1910
1885
1909
1921
1891
1919
1925
1892
1928
1905
1932
1931
1939
1900
1905
1936
1933
1905
1903
1909
1924
1896
1921
1900
1926
1870
1865
1897
1926
1907
1922
1882
1915
1915
1869
1915
1929
1898
1896
1925
1924
1891
1895
1893
1886
1884
