1909
1909
1931
1934
1924
1890
1913
1910
1937
1908
1908
1925
1882
1885
1876
1918
1927
1908
1929
1935
1902
1908
1929
1861
1901
1897
1931
1933
1910
1937
1891
1931
1929
1939
1906
1933
1929
1910
1939
1873
1874
1898
1896
1930
1932
1900
1928
1913
1885
1887
1909
1906
1906
1925
1927
1932
1904
1913
1934
1908
1889
1891
1879
1905
1927
1921
1932
1923
1938
1938
1925
1933
1870
1906
1931
1937
1923
1926
1906
1916
1920
1902
1886
1921
1928
1897
1926
1886
1891
1932
1907
1939
1921
1921
1900
1882
1901
1940
1907
1934
1900
1924
1894
1929
1924
1905
1904
1933
1938
1904
1935
1904
1900
1928
1925
1926
1908
1942
1906
1937
1930
1892
1880
1886
1889
1909
1904
1919
1910
1932
1928
1926
1889
1922
1900
1922
1929
1889
1908
1930
1939
1926
1890
1927
1931
1927
1925
1934
1899
1894
1932
1913
1911
1894
1922
1928
1929
1922
1889
1896
1925
1939
1927
1895
1922
1896
1914
1935
1913
1920
1939
1873
1902
1880
1933
1875
1913
1917
1882
1922
1875
1903
