1899
1893
1927
1896
1928
1902
1885
1890
1908
1885
1895
1925
1907
1906
1911
1894
1903
1902
1912
1925
1896
1915
1888
1924
1925
1896
1900
1902
1904
1906
1910
1910
1910
1924
1910
1911
1903
1911
1911
1913
1943
1909
1927
1896
1898
1892
1926
1939
1920
1919
1912
1882
1912
1911
1902
1906
1910
1937
1911
1924
1889
1902
1932
1926
1911
1899
1934
1906
1902
1900
1928
1904
1930
1902
1934
1913
1905
1908
1931
1926
1928
1923
1913
1894
1923
1917
1927
1927
1911
1923
1938
1909
1910
1912
1899
1883
1902
1911
1880
1906
1933
1899
1926
1906
1915
1890
1912
1930
1904
1925
1908
1910
