1938
1908
1922
1919
1897
1937
1916
1925
1906
1918
1914
1929
1903
1893
1905
1907
1911
1902
1936
1940
1916
1913
1909
1899
1910
1936
1907
1921
1899
1905
1909
1937
1903
1895
1939
1939
1908
1902
1904
1926
1928
1930
1922
1914
1904
1911
1913
1907
1910
1904
1895
1927
1923
1916
1894
1921
1902
1908
1916
1912
1917
1935
1941
1891
1917
1913
1938
1911
1922
1904
1942
1935
1922
1936
1918
1907
1902
1892
1920
1908
1918
1927
1900
1939
1900
1914
1885
1912
1932
1912
1879
1922
1925
1902
1907
1888
1902
1926
1988
1919
1909
1919
1911
1903
1944
1912
1909
1928
1898
1931
1889
1889
1907
1919
1932
1901
1904
1887
1910
1935
1977
1922
1899
1914
1907
1931
1912
1896
1930
1909
1922
1923
1912
1888
1932
1896
1904
1906
1907
1933
1888
1936
1936
1912
1900
1893
1923
1898
1917
1923
1909
1909
1899
1931
1932
1872
1880
1926
1903
1883
1917
1926
1927
1917
1914
1907
1917
1914
1912
1904
1915
1903
1944
1911
1926
1917
1912
1941
1903
1928
1887
1912
1893
1912
1932
1899
1896
1903
1899
1907
1935
1904
1906
1933
1909
1902
1903
1899
1898
1918
1943
1921
1920
1930
1915
1903
1910
1906
1929
1926
1901
1905
1898
1926
1920
1889
1920
1932
1892
1933
1910
1906
1910
1919
1898
1904
1915
1935
1913
1929
1913
1928
1899
1907
1937
1911
1905
1909
1926
1896
1886
1916
1931
1921
1909
1916
1902
1923
1937
1910
1889
1906
1931
1899
1930
1897
1923
1895
1908
1896
1910
1906
1933
1913
1939
1912
1945
1912
1902
1904
1911
1914
1908
1917
1918
1932
1920
1941
1890
1905
1936
1897
1885
1905
1911
1918
1908
1921
1900
1926
1896
1899
1928
1932
1898
1930
1914
1901
1903
1900
1907
1910
1900
1914
1916
1905
1910
1934
1895
1894
1918
1893
1909
1906
1914
1942
1883
1878
1923
1933
1912
1912
1902
1905
1910
1903
1927
1883
1939
1897
1901
1876
1876
1895
1910
1928
1882
1918
1912
1929
1913
1883
1878
1886
1916
1908
1913
1908
1935
1912
1942
1915
1942
1897
1927
1876
1943
1929
1908
1938
1906
1933
1896
1905
1900
1935
1930
1904
1910
1942
1914
1908
1909
1928
1943
1894
1922
1920
1910
1919
1918
1896
1919
1901
1902
1931
1875
1889
1915
1910
1939
1912
1928
1911
1913
1934
1897
1900
1924
1923
1938
1905
1896
1924
1912
1902
1897
1893
1909
1928
1923
1911
1940
1894
1908
1918
1928
1895
1916
1927
1921
1938
1902
1888
1912
1924
1915
1906
1916
1917
1919
1918
1875
1899
1929
1901
1908
1936
1919
1912
1917
1913
1911
1930
1944
1906
1932
1900
1931
1908
1916
1919
1918
1915
1910
1908
1901
1923
1880
1914
1912
1880
1880
1940
1942
1911
1904
1942
1912
1910
1914
1920
1887
1920
1932
1906
1926
1883
1908
1909
1938
1940
1906
1877
1932
1910
1890
1890
1903
1922
1902
1932
1905
1929
1893
1903
1905
1890
1926
1890
1908
1912
1913
1894
1937
1928
1928
1903
1932
1899
1927
1910
1917
1906
1920
1919
1910
1912
1897
1913
1936
1939
1940
1918
1917
1908
1945
1922
1906
1942
1926
1901
1917
1919
1892
1920
1918
1921
1907
1944
1928
1914
1925
1924
1910
1917
1938
1902
1938
1903
1904
1937
1905
1925
1915
1870
1910
1923
1916
1920
1916
1889
1916
1915
1927
1909
1886
1878
1900
1922
1864
1895
1921
1908
1898
1895
1929
1911
1900
1910
1940
1913
1914
1912
1911
1924
1912
1898
1908
1914
1908
1883
1903
1910
1910
1936
1912
1927
1912
1938
1904
1906
1937
1934
1906
1898
1921
1925
1905
1896
1914
1914
1937
1922
1910
1940
1911
1906
1918
1898
1908
1908
1904
1937
1938
1863
1901
1883
1912
1937
1929
1908
1904
1903
1927
1931
1927
1911
1937
1911
1897
1900
1906
1890
1914
1910
1903
1902
1927
1928
1895
1914
1920
1902
1905
1922
1918
1910
1896
1925
1890
1896
1906
1906
1897
1915
1909
1938
1887
1931
1895
1917
1912
1939
1944
1923
1919
1892
1899
1927
1910
1898
1912
1918
1919
1932
1912
1925
1902
1900
1906
1933
1896
1925
1932
1910
1926
1914
1936
1929
1895
1921
1900
1907
1936
1925
1888
1908
1913
1915
1905
1937
1925
1926
1915
1924
1921
1906
1934
1942
1909
1900
1894
1918
1938
1919
1910
1908
1920
1931
1906
1932
1894
1900
1935
1933
1931
1924
1899
1906
1912
1925
1935
1914
1914
1879
1898
1893
1929
1910
1911
1921
1907
1915
1908
1903
1885
1919
1904
1938
1913
1906
1900
1883
1898
1907
1899
1903
1920
1915
1930
1924
1903
1899
1922
1924
1901
1911
1888
1914
1941
1917
1912
1917
1919
1913
1911
1937
1880
1878
1894
1898
1921
1907
1914
1938
1909
1932
1930
1913
1909
1915
1940
1922
1915
1920
1911
1922
1909
1883
1940
1918
1926
1931
1890
1937
1938
1899
1902
1928
1896
1905
1903
1936
1911
1897
1910
1889
1894
1880
1885
1898
1917
1883
1870
1879
1899
1894
1920
1882
1935
1907
1899
1910
1898
1937
1938
1914
1906
1896
1883
1938
1934
1929
1907
1908
1904
1907
1918
1907
1915
1914
1909
1902
1905
1904
1917
1901
1875
1877
1908
1896
1912
1894
1908
1890
1903
1938
1898
1880
1918
1926
1890
1902
1903
1942
1908
1914
1884
1890
1887
1910
1912
1910
1905
1914
1880
1880
1939
1884
1920
1924
1881
1919
1915
1911
1895
1915
1896
1893
1910
1910
1938
1880
1904
1937
1918
1939
1912
1938
1916
1909
1896
1898
1908
1934
1920
1912
1917
1936
1909
1930
1898
1900
1886
1893
1942
1923
1899
1892
1912
1897
1929
1893
1901
1930
1920
1941
1915
1911
1879
1893
1915
1923
1883
1941
1922
1877
1913
1921
1915
1923
1897
1917
1928
1914
1908
1920
1907
1900
1900
1920
1943
1906
1921
1903
1928
1913
1903
1898
1937
1913
1906
1934
1903
1906
1925
1903
1928
1940
1932
1927
1906
1891
1900
1925
1936
1896
1903
1929
1870
1903
1911
1916
1920
1902
1900
1919
1910
1899
1935
1893
1895
1928
1905
1932
1912
1904
1906
1876
1914
1939
1907
1930
1918
1909
1904
1913
1887
1910
1877
1894
1936
1908
1916
1910
1917
1895
1906
1926
1927
1929
1912
1940
1895
1905
1930
1921
1909
1895
1923
1917
1919
1890
1928
1897
1906
1929
1906
1916
1929
1907
1900
1903
1900
1914
1916
1905
1910
1883
1918
1882
1868
1907
1909
1885
1882
1896
1918
1935
1906
1912
1920
1920
1912
1940
1912
1913
1924
1926
1934
1907
1938
1880
1931
1945
1898
1898
1908
1903
1939
1901
1930
1937
1915
1918
1937
1923
1898
1902
1926
1879
1935
1931
1934
1917
1928
1941
1931
1896
1906
1902
1902
1943
1912
1902
1942
1873
1927
1935
1914
1915
1921
1926
1928
1908
1895
1915
1939
1891
1898
1945
1916
1914
1913
1933
1890
1915
1942
1893
1903
1939
1910
1917
1928
1901
1940
1905
1908
1926
1927
1897
1901
1941
1938
1902
1907
1895
1899
1929
1897
1941
1913
1957
1916
1920
1908
1939
1915
1906
1904
1898
1926
1901
1924
1918
1887
1917
1926
1916
1920
1909
1923
1931
1919
1890
1888
1886
1937
1906
1920
1900
1937
1896
1936
1934
1914
1939
1933
1905
1929
1889
1900
1898
1910
1887
1934
1902
1920
1935
1886
1923
1907
1876
1919
1905
1945
1895
1920
1898
1933
1912
1923
1877
1940
1912
1907
1918
1939
1886
1915
1937
1911
1896
1945
1921
1910
1902
1880
1910
1900
1931
1918
1914
1941
1898
1904
1902
1915
1907
1922
1910
1926
1902
1926
1927
1926
1909
1906
1905
1921
1895
1918
1910
1916
1901
1912
1943
1889
1920
1918
1865
1910
1922
1906
1920
1906
1927
1910
1892
1893
1891
1898
1926
1907
1900
1926
1938
1931
1890
1913
1906
1932
1927
1896
1896
1930
1896
1923
1927
1897
1902
1886
1913
1935
1900
1901
1918
1906
1899
1925
1895
1884
1921
1939
1909
1912
1909
1918
1890
1880
1906
1933
1941
1910
1911
1939
1918
1895
1904
1909
1912
1907
1915
1922
1925
1901
1920
1909
1912
1938
1913
1904
1913
1904
1879
1904
1904
1908
1880
1878
1898
1927
1943
1911
1886
1910
1918
1926
1941
1883
1920
1943
1906
1937
1907
1915
1895
1928
1908
1931
1936
1878
1926
1897
1889
1933
1929
1914
1927
1918
1898
1900
1936
1909
1901
1918
1917
1935
1900
1895
1888
1892
1902
1923
1908
1940
1898
1912
1939
1924
1915
1932
1903
1929
1915
1906
1932
1909
1931
1911
1875
1904
1911
1905
1912
1936
1921
1881
1939
1903
1916
1918
1898
1888
1927
1887
1908
1912
1905
1907
1932
1938
1939
1912
1920
1900
1919
1908
1938
1896
1892
1918
1913
1927
1918
1909
1914
1925
1910
1938
1914
1878
1887
1896
1914
1922
1886
1917
1943
1904
1926
1910
1904
1891
1918
1888
1936
1910
1937
1931
1932
1904
1932
1909
1925
1938
1904
1910
1921
1915
1909
1920
1942
1912
1912
1915
1922
1931
1888
1909
1895
1895
1886
1909
1882
1926
1937
1906
1904
1916
1880
1900
1878
1903
1880
1929
1885
1916
1875
1902
1898
1909
1939
1910
1894
1927
1890
1919
1932
1899
1925
1894
1913
1908
1926
1896
1929
1920
1913
1936
1922
1911
1898
1933
1911
1915
1883
1906
1936
1927
1910
1921
1917
1910
1935
1919
1914
1905
1939
1930
1878
1931
1912
1907
1932
1910
1916
1882
1919
1919
1916
1907
1945
1936
1942
1914
1894
1885
1915
1905
1902
1926
1936
1922
1919
1901
1909
1905
1910
1931
1897
1873
1904
1923
1913
1938
1910
1892
1927
1922
1879
1902
1920
1935
1905
1919
1924
1906
1908
1910
1890
1890
1910
1907
1902
1899
1913
1935
1936
1933
1905
1909
1924
1916
1912
1938
1908
1895
1937
1914
1903
1926
1895
1930
1888
1915
1939
1919
1899
1939
1927
1898
1880
1918
1915
1883
1870
1904
1895
1932
1895
1922
1932
1908
1925
1908
1897
1932
1906
1938
1913
1939
1911
1935
1907
1910
1907
1876
1936
1891
1912
1926
1916
1936
1894
1895
1922
1926
1914
1925
1922
1912
1940
1932
1936
1909
1927
1898
1900
1919
1905
1908
1907
1903
1907
1937
1908
1903
1895
1926
1898
1900
1908
1912
1926
1899
1921
1918
1893
1917
1917
1896
1914
1898
1899
1906
1921
1940
1905
1939
1898
1912
1935
1909
1937
1900
1919
1915
1929
1923
1905
1926
1920
1925
1920
1922
1899
1931
1934
1904
1927
1924
1929
1912
1915
1895
1903
1934
1914
1913
1945
1923
1912
1942
1902
1912
1901
1912
1892
1911
1894
1899
1896
1911
1912
1913
1908
1941
1917
1900
1909
1933
1890
1921
1925
1917
1941
1914
1918
1908
1898
1910
1907
1898
1932
1890
1921
1938
1916
1933
1892
1926
1870
1940
1915
1885
1908
1925
1892
1919
1919
1928
1888
1903
1889
1922
1901
1915
1908
1919
1927
1913
1908
1919
1898
1922
1873
1898
1899
1937
1910
1906
1909
1909
1941
1910
1920
1927
1897
1940
1905
1907
1935
1903
1935
1928
1930
1936
1900
1899
1920
1874
1906
1914
1924
1885
1889
1906
1944
1928
1904
1910
1914
1920
1923
1926
1921
1897
1894
1923
1902
1908
1938
1932
1899
1888
1914
1881
1883
1888
1938
1885
1920
1941
1942
1917
1914
1886
1935
1908
1931
1899
1927
1916
1920
1918
1883
1928
1881
1930
1902
1910
1919
1915
1901
1938
1908
1904
1900
1897
1926
1899
1916
1906
1908
1911
1936
1919
1931
1936
1912
1935
1910
1917
1935
1905
1928
1928
1907
1933
1908
1934
1908
1889
1884
1897
1909
1940
1908
1934
1915
1937
1892
1933
1918
1898
1897
1922
1909
1932
1925
1904
1896
1920
1873
1913
1913
1933
1909
1921
1917
1903
1914
1929
1903
1896
1930
1906
1907
1904
1922
1886
1908
1921
1917
1915
1915
1902
1880
1925
1902
1903
1912
1886
1914
1938
1910
1912
1905
1932
1920
1943
1879
1905
1927
1898
1901
1920
1902
1885
1873
1895
1903
1933
1909
1927
1917
1926
1931
1903
1933
1904
1931
1894
1925
1916
1943
1922
1917
1898
1922
1905
1890
1918
1923
1891
1919
1916
1913
1890
1937
1902
1905
1925
1870
1870
1938
1926
1929
1928
1904
1937
1897
1915
1916
1934
1887
1884
1928
1910
1920
1888
1917
1924
1905
1921
1933
1916
1912
1941
1908
1905
1908
1922
1913
1936
1911
1927
1901
1912
1932
1932
1918
1918
1922
1909
1886
1920
1923
1922
1906
1910
1910
1909
1913
1910
1920
1918
1925
1907
1900
1867
1910
1903
1892
1877
1883
1939
1909
1896
1939
1909
1943
1902
1906
1882
1903
1901
1930
1905
1924
1914
1921
1920
1915
1906
1907
1941
1912
1869
1915
1918
1920
1938
1917
1923
1912
1939
1906
1905
1938
1938
1901
1909
1939
1879
1933
1891
1897
1893
1905
1885
1887
1892
1897
1914
1904
1910
1927
1908
1917
1918
1943
1905
1903
1915
1912
1916
1908
1937
1890
1875
1909
1934
1939
1936
1900
1921
1912
1942
1928
1925
1907
1907
1936
1910
1926
1900
1935
1926
1934
1923
1884
1901
1912
1924
1904
1892
1902
1942
1894
1885
1909
1937
1935
1908
1925
1930
1882
1928
1908
1910
1927
1863
1870
1932
1902
1914
1880
1917
1880
1944
1918
1906
1892
1916
1906
1898
1933
1922
1902
1911
1913
1907
1912
1910
1905
1919
1922
1900
1927
1894
1922
1923
1935
1931
1902
1901
1918
1910
1903
1909
1896
1934
1924
1915
1939
1889
1896
1927
1932
1934
1923
1903
1893
1909
1910
1917
1869
1899
1903
1923
1906
1922
1925
1907
1887
1910
1920
1943
1892
1910
1918
1910
1938
1935
1911
1919
1908
1913
1905
1940
1914
1912
1920
1909
1911
1943
1910
1928
1926
1895
1929
1890
1941
1916
1908
1918
1912
1899
1906
1909
1897
1927
1935
1888
1927
1903
1927
1900
1904
1922
1920
1910
1911
1903
1891
1930
1897
1925
1936
1900
1924
1895
1933
1895
1912
1904
1880
1922
1920
1912
1934
1909
1929
1908
1919
1910
1933
1900
1885
1900
1898
1900
1903
1862
1918
1923
1923
1908
1921
1894
1918
1913
1888
1921
1945
1944
1903
1909
1899
1910
1885
1923
1903
1905
1922
1913
1940
1876
1908
1927
1904
1942
1918
1913
1922
1918
1919
1890
1912
1898
1940
1882
1880
1891
1921
1890
1937
1939
1910
1908
1939
1914
1902
1881
1885
1885
1913
1937
1909
1937
1936
1938
1926
1907
1910
1918
1931
1923
1927
1941
1916
1907
1910
1941
1921
1894
1905
1927
1899
1865
1902
1915
1913
1927
1898
1931
1925
1904
1895
1908
1918
1914
1941
1899
1893
1905
1908
1921
1885
1927
1928
1913
1913
1918
1915
1913
1907
1939
1923
1900
1901
1911
1908
1919
1899
1894
1911
1910
1899
1913
1926
1936
1929
1931
1894
1893
1910
1904
1930
1905
1923
1919
1905
1905
1910
1910
1904
1903
1906
1906
1910
1914
1937
1885
1888
1887
1889
1941
1919
1918
1880
1889
1917
1883
1907
1911
1902
1927
1904
1913
1939
1907
1898
1912
1903
1928
1936
1923
1906
1909
1922
1916
1904
1876
1914
1933
1904
1919
1910
1888
1914
1916
1922
