1917
1917
1878
1878
1916
1916
1926
1926
1915
1915
1923
1923
1903
1903
1933
1933
1930
1930
1908
1908
1884
1884
1922
1922
1880
1880
1925
1925
1929
1929
1910
1910
1932
1932
1911
1911
1917
1917
1917
1917
1925
1925
1920
1920
1885
1885
1895
1895
1908
1908
1912
1912
1938
1938
1892
1892
1910
1910
1916
1916
1915
1915
1923
1923
1920
1920
1920
1920
1922
1922
1914
1914
1911
1911
1925
1925
1922
1922
1880
1880
1878
1878
1914
1914
1934
1934
1935
1935
1938
1938
1908
1908
1942
1942
1896
1896
1907
1907
1939
1939
1902
1902
1933
1933
1896
1896
1914
1914
1931
1931
1925
1925
1887
1887
1911
1911
1940
1940
1918
1918
1908
1908
1916
1916
1920
1920
1916
1916
1926
1926
1900
1900
1897
1897
1929
1929
1900
1900
1920
1920
1928
1928
1870
1870
1909
1909
1936
1936
1899
1899
1922
1922
1894
1894
1928
1928
1905
1905
1936
1936
1932
1932
1892
1892
1930
1930
1924
1924
1930
1930
1894
1894
1896
1896
1922
1922
1892
1892
1927
1927
1920
1920
1925
1925
1906
1906
1919
1919
1881
1881
1919
1919
1884
1884
1923
1923
1915
1915
1933
1933
1907
1907
1936
1936
1908
1908
1919
1919
1918
1918
1925
1925
1915
1915
1904
1904
1910
1910
1910
1910
1878
1878
1915
1915
1919
1919
1910
1910
1925
1925
1923
1923
1927
1927
1906
1906
1938
1938
1901
1901
1905
1905
1908
1908
1929
1929
1916
1916
1909
1909
1927
1927
1932
1932
1903
1903
1929
1929
1926
1926
1890
1890
1920
1920
1888
1888
1918
1918
1910
1910
1921
1921
1912
1912
1914
1914
1921
1921
1944
1944
1926
1926
1930
1930
1901
1901
1932
1932
1909
1909
1935
1935
1926
1926
1920
1920
1887
1887
1887
1887
1892
1892
1898
1898
1900
1900
1933
1933
1904
1904
1904
1904
1910
1910
1926
1926
1902
1902
1919
1919
1915
1915
1919
1919
1890
1890
1916
1916
1892
1892
1926
1926
1913
1913
1910
1910
1934
1934
1910
1910
1910
1910
1894
1894
1909
1909
1885
1885
1906
1906
1915
1915
1927
1927
1914
1914
1912
1912
1936
1936
