1914
1880
1921
1927
1928
1919
1919
1920
1912
1859
1897
1871
1914
1915
1920
1918
1899
1874
1914
1926
1923
1927
1915
1903
1927
1922
1904
1916
1919
1903
1902
1907
1927
1926
1921
1933
1926
1929
1909
1921
1914
1924
1918
1910
1923
1924
1934
1928
1926
1923
1927
1919
1913
1925
1902
1869
1928
1935
1905
1928
1926
1907
1927
1919
1924
1929
1900
1895
1917
1908
1923
1917
1907
1882
1925
1922
1923
1925
1919
1925
1919
1926
1924
1900
1922
1898
1862
1909
1909
1919
1911
1915
1927
1919
1908
1909
1916
1913
1912
1885
1922
1927
1909
1904
1909
1867
1926
1928
1918
1922
1860
1909
1856
1897
1928
1925
1907
1927
1918
1917
1913
1898
1924
1896
1893
1912
1928
1926
1911
1919
1874
1928
1926
1919
1920
