1887
1924
1889
1920
1926
1882
1912
1921
1923
1899
1935
1933
1896
1902
1924
1928
1925
1929
1909
1871
1899
1915
1931
1896
1903
1907
1911
1867
1880
1912
1938
1890
1919
1920
1922
1910
1938
1870
1908
1904
1930
1893
1936
1931
1872
1908
1912
1905
1904
1869
1877
1899
1912
1911
1940
1938
1907
1927
1903
1937
1899
1911
1901
1926
1933
1925
1909
1902
1872
1916
1939
1916
1882
1883
1911
1903
1928
1902
1936
1895
1933
1893
1926
1887
1921
1923
1904
1937
1912
1913
1906
1925
1898
1929
1901
1902
1935
1912
1908
1907
1915
1909
1898
1873
1938
1938
1868
1869
1899
1904
1927
1930
1929
1937
1867
1905
