1871
1909
1903
1909
1941
1913
1870
1904
1937
1911
1911
1868
1885
1930
1926
1895
1885
1885
1896
1899
1908
1938
1908
1933
1908
1938
1885
1885
1886
1931
1917
1906
1920
1923
1911
1919
1933
1904
1930
1899
1885
1908
1898
1917
1919
1927
1923
1872
1938
1908
1910
1900
1912
1895
1896
1922
1894
1919
1902
1935
1902
1926
1924
1930
1898
1896
1924
1922
1905
1895
1925
1900
1925
1905
1899
1932
1925
1923
1934
1919
1886
1913
1884
1917
1924
1884
1929
1903
1930
1901
1926
1873
1911
1885
1900
1896
1924
1923
1936
1920
1930
1905
1905
1915
1910
1932
1906
1928
1905
1931
1916
1873
1876
1914
1930
1913
1936
1934
1911
1912
1872
1917
1881
1875
1887
1902
1910
1910
1902
1935
1900
1898
1933
1940
1935
1933
1936
1909
1906
1933
1926
1929
1925
1912
1939
1879
1916
1919
1935
1925
1921
1923
1926
1924
1911
1899
1900
1898
1903
1903
1930
