1899
1914
1899
1883
1912
1901
1911
1918
1887
1901
1898
1904
1907
1915
1896
1908
1909
1893
1907
1899
1891
1915
1921
1888
1907
1896
1910
1904
1891
1884
1905
1896
1906
1891
1891
1891
1890
1894
1899
1908
1897
1920
1905
1890
1898
1898
1904
1912
1892
1918
1895
1891
1898
1905
1907
1887
1907
1907
1909
1907
1906
1881
1899
1889
1892
1900
1899
1886
1892
1898
1914
1900
1898
1899
1899
1904
1909
1913
1920
1901
1886
1902
1899
1920
1920
1889
1904
1903
1907
1897
1896
1908
1907
1894
1898
1905
1905
1889
1903
1892
1906
1901
1896
1901
1880
1910
1920
1895
1922
1904
1907
1890
1899
1891
1901
1891
1900
1891
1901
1896
1907
1900
1907
1902
1906
1907
1913
1911
1899
1899
1906
1899
1901
1902
1906
1902
1898
1908
1909
1902
1896
1890
1912
1892
1907
1895
1900
1910
1897
1902
1902
1905
1920
1901
1896
1918
1908
1899
1899
1921
1905
1905
1901
1906
1901
1901
1897
1881
1881
1899
1896
1908
1899
1914
1920
1882
1892
1895
1915
1906
1906
1909
1907
1912
1899
1900
1904
1907
1904
1895
1888
1911
1903
1907
1907
1896
1896
1909
1910
1920
1897
1908
1902
1887
1914
1886
1905
1913
1886
1920
1920
1889
1910
1902
1890
1897
1887
1902
1904
1915
1920
1920
1903
1909
1897
1899
1898
1918
1906
1908
1884
1902
1903
1914
1914
1899
1894
1900
1902
1888
1920
1901
1904
1905
1922
1900
1896
1908
1899
1896
1885
1892
1898
1897
1897
1905
1909
1909
1921
1923
1909
1922
1897
1886
1911
1885
1913
1904
1889
1885
1903
1905
1909
1902
1903
1907
1896
1920
1922
1908
1908
1895
1905
1906
1903
1901
1905
1888
1901
1899
1912
1912
1920
1903
1903
1901
1921
1903
1914
1922
1896
1910
1897
1908
1889
1898
1904
1912
1902
1906
1867
1893
1887
1907
1905
1903
1906
1911
1898
1922
1921
1905
1910
1879
1884
1897
1899
1905
1904
1896
1899
1912
1901
1913
1922
1905
1898
1898
1900
1883
1908
1900
1908
1894
1889
1896
1900
1897
1904
1899
1906
1899
1913
1916
1917
1917
1892
1900
1903
1912
1904
1905
1903
1917
1894
1902
1900
1894
1899
1909
1898
1907
1888
1886
1907
1883
1912
1911
1912
1891
1881
1896
1910
1915
1902
1888
1903
1903
1908
1919
1920
1911
1910
1907
1910
1910
1906
1898
1889
1886
1879
1905
1901
1906
1906
1888
1906
1920
1903
1898
1910
1919
1911
1890
1907
1901
1893
1876
1911
1887
1922
1894
1897
1917
1915
1891
1920
1906
1913
1896
1900
1912
1900
1899
1886
1921
1916
1908
1886
1909
1908
1920
1892
1921
1907
1899
1883
1917
1919
1906
1904
1896
1917
1901
1892
1912
1920
1884
1895
1913
1913
1911
1922
1905
1901
1903
1905
1904
1888
1901
1877
1878
1892
1906
1906
1906
1907
1912
1898
1902
1890
1902
1906
1895
1896
1904
1910
1902
1895
1903
1921
1900
1912
1900
1899
1914
1911
1904
1911
1894
1923
1896
1899
1913
1900
1896
1906
1908
1905
1908
1895
1923
1889
1890
1891
1890
1906
1901
1898
1909
1903
1899
1888
1905
1901
1907
1896
1913
1910
1908
1907
1884
1897
1895
1904
1900
1896
1911
1914
1895
1885
1915
1898
1910
1913
1908
1891
1914
1910
1911
1891
1909
1913
1896
1896
1900
1902
1900
1904
1882
1884
1900
1899
1907
1922
1889
1897
1908
1907
1915
1894
1901
1886
1906
1891
1909
1906
1904
1912
1892
1917
1903
1895
1892
1900
1904
1904
1905
1921
1904
1897
1898
1920
1904
1907
1907
1881
1901
1894
1904
1899
1882
1908
1912
1900
1908
1908
1923
1909
1907
1893
1889
1900
1909
1893
1890
1899
1909
1906
1921
1885
1922
1902
1913
1915
1877
1906
1915
1905
1880
1908
1900
1906
1916
1914
1919
1890
1920
1902
1884
1905
1879
1906
1897
1893
1900
1909
1892
1900
1901
1900
1906
1911
1885
1912
1888
1893
1893
1899
1901
1901
1890
1891
1908
1900
1911
1904
1912
1905
1896
1911
1906
1906
1919
1902
1901
1896
1920
1913
1910
1884
1901
1898
1901
1921
1892
1909
1895
1887
1895
1891
1898
1907
1915
1898
1909
1901
1909
1900
1906
1891
1913
1905
1904
1911
1886
1904
1922
1912
1907
1907
1915
1902
1902
1896
1920
1896
1905
1903
1901
1910
1911
1909
1887
1908
1889
1899
1907
1904
1908
1900
1887
1894
1908
1907
1895
1884
1908
1893
1898
1895
1896
1901
1904
1887
1922
1907
1892
1914
1896
1909
1901
1896
1894
1896
1899
1910
1902
1909
1894
1910
1898
1921
1921
1920
1887
1900
1892
1920
1917
1900
1897
1906
1908
1913
1908
1897
1907
1921
1897
1908
1913
1913
1909
1914
1902
1897
1897
1905
1891
1916
1887
1900
1901
1893
1896
1913
1905
1919
1900
1899
1901
1900
1901
1896
1905
1909
1918
1899
1919
1917
1891
1882
1899
1886
1897
1897
1906
1901
1903
1915
1907
1910
1910
1899
1909
1893
1905
1886
1907
1893
1890
1912
1891
1892
1909
1911
1905
1907
1908
1894
1902
1901
1921
1915
1881
