1920
1923
1890
1904
1915
1942
1910
1910
1927
1896
1925
1930
1907
1896
1903
1932
1929
1899
1903
1899
1926
1918
1920
1925
1895
1921
1895
1876
1900
1916
1909
1885
1929
1892
1935
1930
1906
1909
1902
1925
1885
1903
1904
1923
1922
1925
1873
1895
1890
1919
1926
1930
1897
1904
1902
1929
1935
1908
1897
1936
1875
1893
1891
1927
1924
1873
1877
1897
1929
1927
1899
1921
1924
1938
1926
1927
1875
1901
1896
1896
1935
1939
1912
1925
1871
1902
1927
1867
1907
1912
1876
1914
1935
1908
1911
1894
1926
1924
1922
1894
1921
1928
1891
1930
1916
1913
1902
1904
1928
1939
1903
1897
1935
1934
1899
1914
1939
1909
1904
1928
1908
1932
1938
1912
1914
1907
1911
1892
1908
1919
1919
1914
1909
1879
1920
1937
1912
1914
1878
1899
1898
1926
1927
1929
1895
1895
1900
1881
1908
1877
1898
1886
1928
1925
1923
1927
1888
1871
1881
1914
1875
1937
1934
1913
1903
1935
1909
1877
1912
1899
1924
1922
1900
1909
1931
1927
1899
1925
1922
1889
1923
1914
1909
1912
1875
1910
1918
1899
1916
1917
1908
1924
1935
1913
1889
1920
1915
1927
1902
1932
1930
1911
1911
1932
1925
1927
1899
1929
1931
1871
1897
1925
1934
1931
1936
1911
1871
1891
1928
1898
1924
1926
1915
1910
1873
1896
1932
1934
1916
1906
1869
1903
1888
1920
1889
1928
1918
1897
1896
1892
1910
1933
1909
1892
1923
1886
1923
1921
1918
1876
1924
1922
1927
1883
1891
1918
1937
1913
1938
1926
1876
1895
1895
