1915
1874
1890
1928
1908
1902
1917
1893
1895
1912
1908
1895
1922
1897
1879
1875
1903
1912
1937
1924
1897
1892
1921
1899
1875
1909
1922
1888
1927
1910
1878
1889
1894
1894
1910
1911
1886
1928
1926
1896
1893
1893
1891
1893
1889
1896
1894
1870
1897
1889
1889
1889
1929
1893
1913
1900
1937
1935
1900
1896
1936
1929
1929
1908
1902
1926
1922
1893
1935
1885
1925
1897
1895
1892
1888
1929
1921
1908
1906
1873
1885
1906
1905
1890
1894
1879
1926
1900
1923
1889
1871
1895
1911
1896
1901
1865
1895
1921
1928
1901
1909
1892
1906
1903
1913
1936
1888
1886
1916
1917
1880
1868
1893
1899
1922
1906
1895
1897
1902
1884
1895
1922
1909
1883
1917
1885
1868
1884
1905
1897
1905
1889
1887
1887
1906
1896
1901
1895
1905
1887
1885
1905
1880
1910
1914
1897
1909
1894
1914
1905
1905
1902
1909
1886
1881
1913
1901
1927
1925
1908
1882
1904
1871
1905
1935
1909
1893
1904
1928
1926
1921
1896
1926
1913
