1879
1932
1938
1921
1907
1906
1918
1940
1903
1934
1903
1933
1872
1903
1903
1930
1932
1940
1933
1899
1929
1937
1926
1909
1878
1913
1862
1921
1864
1939
1909
1913
1869
1925
1913
1920
1899
1901
1929
1934
1925
1924
1926
1900
1923
1927
1923
1885
1879
1914
1923
1886
1903
1871
1878
1938
1902
1937
1899
1929
1902
1932
1904
1927
1936
1938
1886
1913
1922
1924
1894
1905
1900
1934
1900
1900
1933
1906
1930
1899
1908
1913
1921
1895
1892
1924
1927
1931
1912
1904
1892
1888
1923
1923
1911
1938
1877
1909
1912
1914
1918
1909
1939
1893
1902
1928
1925
1901
1932
1935
1903
1925
1933
1928
1896
1938
1934
1869
1900
1867
1925
1923
1900
1920
1908
1909
1913
1887
1925
1934
1895
1899
1927
1916
1915
1875
1906
1906
1920
1912
1921
1892
1924
1884
1920
1894
1905
1932
1904
1902
1896
1928
1936
1927
1896
1888
1886
1913
1935
1910
1908
1911
1881
1911
1913
1940
1935
1901
1904
1938
1938
1918
1917
1925
1922
1891
1920
1916
1889
1919
1888
1920
1884
1924
1900
1926
1904
1930
1882
1923
1915
1902
1895
1927
1931
1932
1928
1920
1913
1919
1923
1880
1878
