1920
1921
1908
1919
1906
1930
1926
1902
1926
1899
1930
1940
1929
1933
1908
1917
1920
1942
1925
1920
1940
1890
1879
1930
1926
1896
1895
1907
1936
1894
1929
1914
1880
1921
1874
1880
1878
1914
1931
1912
1938
1916
1908
1915
1880
1927
1914
1910
1905
1912
1902
1898
1938
1916
1910
1936
1906
1898
1929
1921
1923
1895
1926
1915
1900
1930
1903
1899
1913
1910
1916
1936
1935
1912
1887
1905
1915
1891
1921
1928
1902
1917
1940
1916
1918
1922
1911
1876
1918
1914
1901
1932
1910
1877
1877
1925
1923
1920
1922
1915
1923
1896
1900
1886
1905
1911
1885
1876
1904
1932
1916
1877
1910
1906
1911
1935
1935
1903
1900
1911
1929
1902
1913
1909
1886
1886
1911
1913
1936
1903
1886
1920
1926
1893
1917
1937
1914
1917
1941
1904
1940
1921
1923
1911
1917
1884
1910
1879
1880
1913
1906
1933
1918
1921
1910
1926
