1932
1939
1925
1933
1938
1934
1931
1928
1930
1934
1925
1930
1940
1937
1930
1940
1929
1939
1932
1926
1939
1931
1932
1939
1940
1931
1937
1939
1936
1941
1929
1928
1930
1932
1934
1937
1939
1936
1926
1929
1931
1927
1938
1932
1930
1931
1933
1936
1935
1935
1934
1932
1930
1937
1929
1936
1929
1938
1937
1929
1939
1938
1935
1939
1939
1940
1929
1935
1934
1931
1925
1936
1938
1938
1933
1936
1932
1937
1933
1928
1936
1929
1930
1936
1939
1930
1932
1937
1941
1938
1930
1938
1934
1939
1931
1936
1933
1939
1938
1936
1930
1936
1932
1934
1932
1933
1928
1933
1931
1942
1935
1939
1935
1930
1944
1938
1941
1936
1932
1938
1933
1935
1941
1928
1942
1941
1937
1934
1933
1930
1941
1933
1933
1938
1937
1936
1939
1927
1938
1936
1937
1930
1932
1929
1933
1927
1937
1929
1943
1939
1943
1930
1933
1940
1939
1933
1932
1929
1938
1935
1935
1939
1934
1933
1937
1939
1929
1932
1932
1930
1942
1940
1937
1929
1928
1925
1940
1930
1936
1933
1937
1941
1928
1935
1932
1934
1932
1928
1938
1931
1934
1932
1928
1930
1935
1928
1940
1929
1934
1929
1937
1930
1932
1938
1934
1931
