1892
1939
1913
1914
1888
1884
1926
1916
1920
1917
1922
1906
1939
1903
1854
1909
1914
1924
1896
1900
1933
1903
1898
1929
1894
1927
1922
1885
1881
1879
1913
1872
1871
1904
1920
1917
1922
1898
1929
1892
1914
1895
1935
1885
1869
1875
1872
1917
1920
1883
1845
1926
1883
1927
1923
1927
1921
1929
1892
1891
1929
1886
1877
1894
1925
1907
1938
1893
1929
1925
1927
1891
1931
1894
1922
1914
1913
1890
1915
1911
1926
1900
1900
1924
1916
1919
1883
1926
1928
1894
1905
1930
1903
1900
1934
1882
1892
1887
1925
1891
1893
1880
1910
1909
1896
1913
1885
1907
1937
1932
1918
1911
1939
1916
1907
1939
1930
1907
1878
1923
1889
1914
1920
1926
1889
1886
1903
1909
1906
1936
1905
1899
1903
1917
1902
1935
1887
1896
1919
1870
