1906
1905
1935
1909
1925
1922
1893
1894
1891
1908
1937
1933
1935
1924
1910
1934
1906
1907
1920
1929
1920
1887
1883
1904
1904
1937
1910
1901
1935
1889
1897
1923
1929
1906
1871
1938
1909
1901
1906
1932
1885
1878
1901
1913
1880
1892
1926
1875
1886
1926
1919
1888
1924
1893
1893
1940
1905
1901
1904
1927
1930
1875
1888
1877
1870
1878
1902
1924
1927
1888
1926
1914
1917
1891
1899
1912
1884
1913
1912
1923
1930
1900
1913
1875
1922
1933
1892
1898
1923
1870
1902
1930
1909
1912
1930
1921
1892
1923
1925
1916
1936
1908
1940
1907
