1927
1911
1886
1926
1904
1938
1901
1928
1897
1925
1930
1904
1871
1920
1920
1918
1923
1888
1888
1918
1872
1908
1914
1912
1881
1878
1915
1920
1881
1883
1940
1904
1912
1868
1907
1908
1877
1886
1865
1924
1877
1877
1912
1916
1939
1912
1911
1938
1907
1917
1889
1914
1920
1885
1886
1894
1926
1936
1881
1925
1923
1920
1934
1904
1936
1934
1908
1901
1912
1929
1926
1934
1939
1903
1933
1927
1931
1891
1923
1920
1908
1930
1902
1912
1908
1933
1913
1931
1923
1902
1929
1886
1912
1918
1915
1902
1901
1897
1885
1889
1894
1879
1900
1877
1899
1915
1936
1917
1920
1913
1885
1908
1883
1939
1912
1914
1919
1874
1910
1918
1887
1919
1887
1882
1891
1938
1941
1904
1936
1909
1901
1921
1911
1939
1925
1926
1928
1898
1924
1904
1898
1885
1912
1923
1911
1908
1928
1902
1933
1917
1878
1920
1921
1924
1891
1898
1930
1918
1927
1932
1893
1924
1924
1891
1921
1889
1896
1926
1884
1922
1919
1929
1934
1903
1935
1920
1911
1927
1939
1928
1926
1926
1915
1908
1906
1932
1894
1910
1898
1921
1930
1896
1924
1932
1892
1924
1924
1927
1931
1927
1922
1892
1906
1931
1902
1906
1900
1902
1917
1921
1915
1912
1918
1924
1929
1903
1903
1869
1893
1919
1922
1893
1923
1898
1891
1921
1909
1919
1883
1912
1919
1921
1926
1925
1873
1896
1934
1905
1916
1889
1885
1903
1926
1926
1899
1937
1904
1939
1902
1918
1906
1902
1908
1919
1929
1922
1894
1941
1879
1880
1896
1899
1937
1939
1924
1899
1893
1926
1935
1909
1933
1913
1913
1918
1931
1927
1893
1870
1898
1903
1938
1931
1901
1901
1901
1929
1927
1897
1922
1936
1924
1931
1933
1865
1892
1923
1888
1923
1888
1910
1906
1910
1908
1907
1908
1923
1936
1912
1934
1914
1935
1910
1936
1929
1909
1936
1906
1906
1921
1924
1889
1928
1894
1931
1928
1902
1937
1914
1898
1912
1919
1892
1902
1888
1870
1870
1914
1910
1884
1893
1942
1906
1912
1918
1927
1896
1937
1914
1914
1903
1909
1910
1902
1935
1907
1888
1920
1923
1923
1915
1888
1885
1931
1912
1926
1929
1902
1931
1903
1874
1903
1903
1935
1882
1882
1920
1925
1926
1899
1896
1910
1905
1936
1907
1926
1882
1889
1889
1899
1887
1865
1914
1898
1892
1936
1931
1930
1929
1916
1890
1924
1919
1914
1921
1909
1912
1937
1924
1916
1937
1900
1910
1902
1929
1906
1889
1885
1919
