1865
1934
1910
1881
1915
1912
1921
1892
1914
1935
1931
1889
1925
1892
1942
1917
1887
1924
1912
1887
1925
1934
1920
1891
1890
1887
1885
1921
1884
1921
1882
1922
1929
1888
1916
1926
1924
1920
1883
1885
1921
1891
1895
1924
1907
1876
1883
1899
1926
1888
1928
1927
1906
1910
1916
1920
1883
1910
1918
1907
1874
1923
1919
1915
1916
1911
1905
1892
1921
1912
1937
1939
1919
1890
1924
1904
1888
1925
1921
1930
1917
1924
1932
1888
1914
1939
1938
1909
1909
1910
1935
1934
1939
1885
1918
1914
1890
1923
1889
1909
1883
1921
1897
1890
1927
1870
1907
1908
1933
1901
1930
1930
1931
1924
1922
1885
1884
1881
1931
1888
1925
1887
1904
1906
1924
1891
1896
1925
1879
1896
1895
1917
1926
1910
1886
1920
1921
1884
1941
1911
1879
1926
1917
1918
1920
1915
1924
1886
1933
1910
1915
1887
1878
1921
1892
1920
1912
1915
1917
1922
1924
1898
1925
1928
1933
1931
1905
1875
1908
1939
1906
1921
1925
1894
1926
1923
1896
1921
1915
1926
1904
1906
1920
1895
1932
1920
1893
1923
1922
1886
1899
1909
1940
1871
1872
1927
1898
1925
1892
1927
1930
1929
1895
1934
1917
1930
1899
1929
1880
1921
1877
1875
1899
1925
1885
1914
1896
1907
1933
1898
1903
1929
1908
1910
1911
1890
1923
1938
1924
1925
1932
1932
1921
1887
1929
1892
1915
1904
1919
1907
1914
1915
1938
1893
1903
1889
1913
1909
1884
1934
1871
1874
1914
1913
1923
1921
1888
1897
1929
1893
1916
1864
1910
1936
1912
1907
1915
1889
1905
1938
1906
1905
1894
1925
1881
1915
1932
1905
1931
1872
1908
1917
1873
1898
1926
1929
1904
1925
1925
1900
1878
1871
1907
1940
1871
1903
1868
1916
1911
1901
1910
1911
1932
1931
1939
1909
1909
1870
1908
1885
1880
1918
1936
1901
1924
1894
