1885
1885
1922
1922
1916
1916
1924
1924
1921
1921
1896
1896
1894
1894
1924
1924
1887
1887
1885
1885
1914
1914
1911
1911
1912
1912
1920
1920
1910
1910
1907
1907
1938
1938
1933
1933
1905
1905
1908
1908
1902
1902
1886
1886
1924
1924
1925
1925
1891
1891
1922
1922
1892
1892
1928
1928
1908
1908
1908
1900
1900
1908
1919
1919
1929
1929
1927
1927
1926
1926
1925
1925
1902
1902
1901
1901
1931
1931
1913
1913
1880
1880
1916
1916
1884
1884
1934
1934
1936
1936
1911
1911
1926
1926
1919
1919
1885
1885
1921
1921
1924
1924
1926
1926
1925
1925
1922
1922
1895
1895
1916
1916
1932
1932
1919
1919
1891
1891
1871
1871
1917
1917
1875
1875
1871
1871
1914
1914
1915
1915
1912
1912
1893
1893
1924
1924
1930
1930
1889
1889
1928
1928
1922
1922
1935
1935
1935
1935
1915
1915
1909
1909
1889
1889
1913
1913
1889
1889
1914
1914
1887
1887
1942
1942
1928
1928
1902
1902
1932
1932
1903
1903
1909
1909
1873
1873
1871
1871
1911
1911
