1940
1895
1930
1904
1926
1904
1931
1928
1930
1904
1926
1904
1931
1928
1932
1900
1923
1927
1892
1920
1923
1917
1912
1912
1932
1932
1935
1895
1909
1931
1898
1929
1895
1929
1926
1921
1896
1923
1920
1921
1909
1931
1898
1929
1913
1917
1940
1902
1930
1902
1900
1906
1902
1899
1924
1901
1910
1924
1924
1889
1889
1929
1929
1914
1930
1898
1932
1929
1930
1888
1883
1924
1923
1928
1916
1916
1916
1911
1913
1913
1921
1915
1873
1873
1935
1935
1932
1903
1926
1902
1932
1932
1908
1908
1933
1933
1936
1910
1936
1910
1919
1919
1939
1939
1908
1908
1935
1919
1884
1919
1894
1930
1922
1877
1939
1901
1932
1916
1910
1933
1932
1906
1906
1932
1900
1901
1889
1923
1918
1914
1913
1913
1900
1900
1929
1929
1925
1925
1917
1917
1916
1916
1937
1907
1934
1923
1925
1906
1942
1892
1892
1928
1928
1924
1915
1905
1914
1894
1925
1927
1933
1899
1901
1927
1924
1940
1930
1933
1899
1901
1892
1924
1940
1930
1907
1923
1923
1920
1900
1917
1931
1933
1937
1891
1930
1932
1918
1891
1927
1924
1914
1935
1930
1932
1918
1891
1927
1924
1935
1914
1904
1904
1906
1906
1933
1933
1931
1931
1906
1921
1929
1936
1903
1923
1920
1921
1921
1921
1897
1891
1922
1923
1916
1882
1914
1882
1916
1882
1924
1882
1892
1892
1925
1925
1919
1919
1928
1896
1930
1928
1938
1914
1914
1912
1912
1911
1909
1906
1906
1904
1895
1926
1896
1923
1929
1911
1937
1931
1933
1898
1932
1920
1923
1911
1909
1926
1926
1916
1916
1913
1884
1894
1913
1902
1911
1938
1919
1928
1927
1902
1916
1918
1910
1890
1940
1914
1929
1896
1892
1939
1901
1932
1927
1924
1925
1922
1933
1931
