1921
1908
1894
1903
1918
1900
1910
1908
1886
1920
1898
1903
1899
1925
1917
1896
1898
1913
1903
1919
1918
1908
1923
1927
1921
1890
1913
1922
1910
1890
1900
1907
1925
1925
1921
1879
1917
1922
1919
1895
1902
1924
1893
1913
1907
1922
1899
1924
1905
1907
1908
1919
1904
1907
1893
1897
1907
1909
1903
1892
1907
1922
1918
1886
1914
1925
1920
1915
1924
1909
1906
1912
1907
1896
1899
1918
1923
1914
1909
1899
1923
1920
1924
1879
1913
1899
1919
1901
1894
1894
1925
1920
1922
1925
1916
1925
1892
1907
1884
1910
1902
1924
1914
1921
1914
1907
1913
1912
1905
1896
1913
1889
1894
1900
1918
1904
1926
1922
1905
1918
1917
1908
1902
1906
1886
1908
1889
1922
1917
1903
1922
1924
1908
1905
1911
1918
1922
1910
1911
1904
1911
1926
1924
1890
1900
1886
1920
1917
1912
1921
1909
1903
1910
1908
1924
1903
1896
1893
1919
1907
1903
1912
1912
1911
1922
1909
1920
1887
1922
1919
1920
1910
1898
1911
1917
1907
1926
1919
1922
1903
1898
1904
1913
1903
1915
1907
1923
1891
1919
1917
1903
1914
1926
1904
1922
1889
1913
1918
1902
1913
1917
1928
1915
1907
1910
1925
1922
1905
1922
1923
1921
1899
1899
1905
1908
1920
1924
1922
1908
1910
1917
1913
1924
1913
1895
1920
1912
1922
1914
1924
1924
1921
1923
1925
1923
1904
1915
1887
1922
1909
1916
1923
1892
1919
1902
1908
1902
1925
1916
1920
1927
1891
1914
1912
1922
1910
1916
1896
1893
1905
1892
1916
1920
1914
1914
1897
1888
1901
1919
1901
1920
1889
1892
1922
1921
1924
1925
1901
1918
1917
1903
1910
1913
1903
1902
1902
1927
1914
1910
1919
1895
1926
1912
1922
1922
1898
1919
1925
1887
1910
1901
1888
1920
1899
1921
1908
1905
1901
1923
1926
1926
1908
1925
1912
1916
1923
1902
1922
1903
1925
1906
1917
1923
1912
1926
1909
1887
1894
1902
1920
1911
1923
1925
1926
1918
1908
1893
1898
1912
1897
1898
1911
1902
1907
1926
1901
1913
1904
1913
1904
1924
1927
1920
1895
1921
1888
1918
1909
1877
1894
1892
1920
1898
1916
1907
1914
1912
1889
1908
1921
1896
1908
1911
1919
1894
1893
1908
1901
1913
1920
1905
1919
1894
1923
1920
1920
1901
1916
1923
1922
1916
1922
1898
1887
1923
1888
1911
1912
1917
1915
1900
1911
1911
1899
1904
1898
1925
1902
1911
1922
1914
1908
1920
1903
1907
1917
1924
1923
1891
1916
1904
1899
1922
1889
1911
1924
1896
1919
1919
1916
1910
1921
1915
1910
1924
1909
1905
1920
1913
1897
1894
1912
1898
1923
1921
1913
1914
1919
1917
1912
1900
1925
1910
1898
1904
1918
1892
1917
1887
1923
1908
1908
1912
1915
1902
1916
1881
1916
1907
1918
1922
1897
1897
1922
1915
1919
1893
1885
1920
1923
1898
1911
1917
1895
1924
1922
1876
1905
1912
1884
1925
1901
1914
1919
1904
1910
1887
1921
1915
1906
1906
1886
1895
1900
1921
1921
1915
1903
1918
1902
1892
1906
1914
1904
1888
1900
1924
1895
1915
1920
1913
1905
1907
1893
1913
1920
1889
1923
1903
1913
1922
1903
1925
1916
1903
1904
1909
1894
1920
1905
1924
1913
1923
1892
1921
1914
1920
1901
1911
1924
1898
1921
1924
1901
1902
1892
1888
1892
1899
1909
1924
1895
1919
1923
1898
1916
1916
1891
1901
1884
1919
1895
1913
1900
1917
1902
1898
1910
1890
1925
1923
1904
1908
1908
1886
1915
1904
1897
1897
1923
1919
1910
1891
1918
1900
1921
1884
1907
1894
1894
1897
1922
1901
1897
1920
1911
1909
1919
1902
1903
1924
1910
1908
1918
1912
1920
1902
1907
1919
1908
1890
1905
1910
1911
1922
1923
1921
1910
1891
1907
1896
1910
1890
1907
1909
1925
1921
1912
1927
1897
1913
1922
1897
1912
1920
1901
1907
1910
1910
1919
1898
1894
1907
1908
1908
1880
1921
1925
1893
1909
1899
1925
1903
1921
1891
1927
1890
1922
1919
1886
1915
1920
1924
1894
1906
1920
1908
1910
1926
1925
1898
1920
1888
1894
1923
1908
1896
1906
1913
1920
1903
1905
1899
1896
1909
1892
1920
1887
1915
1913
1910
1905
1906
1905
1905
1899
1900
1910
1923
1919
1902
1894
1907
1905
1911
1910
1909
1922
1925
1896
1917
1924
1917
1899
1923
1923
1919
1900
1924
1924
1908
1905
1902
1915
1903
1902
1914
1907
1922
1900
1926
1924
1905
1922
1919
1914
1916
1903
1895
1903
1925
1911
1914
1924
1892
1923
1926
1920
1895
1909
1910
1904
1907
1903
1919
1911
1902
1919
1908
1915
1919
1926
1894
1905
1912
1889
1914
1921
1889
1891
1922
1900
1908
1910
1922
1906
1895
1915
1908
1890
1909
1923
1917
1925
1903
1915
1910
1923
1926
1908
1897
1897
1924
1888
1918
1918
1900
1912
1903
1906
1908
1923
1909
1916
1915
1882
1911
1907
1919
1928
1917
1906
1898
1903
1912
1920
1910
1922
1886
1924
1908
1920
1925
1925
1917
1891
1885
1915
1909
