1905
1905
1927
1927
1897
1897
1922
1922
1934
1934
1940
1940
1939
1939
1918
1918
1911
1911
1904
1904
1921
1921
1929
1929
1897
1897
1910
1910
1908
1908
1939
1939
1913
1913
1915
1915
1884
1884
1879
1879
1918
1918
1921
1921
1891
1891
1924
1924
1895
1895
1923
1923
1895
1895
1918
1918
1911
1911
1913
1913
1937
1937
1913
1913
1900
1900
1937
1937
1907
1907
1933
1933
1891
1891
1886
1886
1919
1919
1911
1923
1911
1923
1912
1912
1911
1911
1925
1925
1897
1897
1891
1891
1941
1941
1882
1882
1907
1907
1882
1882
1912
1912
1913
1913
1924
1924
1897
1897
1886
1886
1920
1920
1918
1918
1902
1902
1943
1943
1916
1916
1914
1914
1914
1914
1912
1912
1939
1939
1912
1912
1899
1899
1925
1925
1897
1897
1905
1905
1909
1909
1936
1936
1905
1905
1931
1931
1904
1904
1907
1907
1927
1927
1898
1898
1922
1922
1897
1897
1939
1939
1902
1902
1937
1937
1932
1932
1907
1907
1904
1904
1883
1883
1885
1885
1906
1906
1938
1938
1898
1898
1904
1904
1879
1879
1906
1906
1914
1914
1939
1939
1929
1929
1927
1927
1889
1889
1919
1919
1884
1884
1925
1925
1933
1933
1936
1936
1911
1911
1903
1903
1908
1908
1936
1936
1925
1925
1928
1928
1933
1933
1914
1914
1908
1908
1924
1924
1895
1895
1931
1931
1905
1905
1901
1901
1930
1930
1935
1935
1934
1934
1907
1907
1900
1900
1899
1899
1894
1894
1933
1933
1901
1901
1929
1929
1904
1904
1901
1901
1904
1904
1904
1904
1904
1904
1904
1904
1934
1934
1933
1933
1903
1903
1900
1900
1936
1936
1904
1904
1905
1905
1917
1917
1910
1910
1911
1911
1910
1910
1936
1936
1905
1905
1939
1939
1885
1885
1921
1921
1940
1940
1909
1909
1917
1917
1884
1884
1886
1886
1910
1910
1891
1891
1912
1912
1923
1923
1921
1921
1923
1923
1893
1893
1933
1933
1903
1903
1932
1932
1927
1927
1892
1892
1885
1885
1927
1927
1923
1923
1930
1930
1926
1926
1903
1903
1893
1893
1924
1924
1928
1928
1937
1937
1906
1906
1908
1908
1897
1897
1900
1900
1923
1923
1926
1926
1892
1892
1924
1924
1895
1895
1927
1927
1922
1922
1897
1897
1888
1888
1934
1934
1905
1905
1929
1929
1898
1898
1898
1898
1925
1925
1920
1920
1937
1937
1930
1930
1900
1900
1903
1903
1898
1898
1898
1898
1913
1913
1941
1941
1913
1913
1910
1910
1900
1900
1938
1938
1938
1938
1936
1936
1933
1933
1904
1904
1907
1907
1908
1908
1877
1877
1877
1877
1902
1902
1938
1938
1928
1928
1894
1894
1923
1923
1926
1926
1915
1915
1926
1926
1902
1902
1939
1939
1913
1913
1887
1887
1898
1898
