1871
1871
1870
1907
1899
1909
1876
1921
1871
1868
1901
1887
1879
1903
1878
1870
1873
1869
1863
1874
1874
1892
1888
1929
1891
1877
1870
1903
1885
1910
1873
1893
1890
1887
1887
1890
1888
1887
1875
1882
1889
1878
1894
1894
1899
1889
1885
1899
1887
1876
1867
1894
1878
1889
1877
1879
1880
1885
1885
1875
1866
1877
1883
1912
1933
1881
1886
1931
1888
1879
1889
1876
1867
1867
1901
1926
1929
1886
1903
1908
1888
1882
1886
1865
1895
1878
1896
1876
1896
1876
1877
1876
1888
1890
1894
1931
1896
1902
1869
1885
1885
1885
1887
1877
1899
1877
1897
1875
1870
1873
1881
1887
1891
1887
1879
1876
1872
1873
1880
1867
1906
1908
1940
1878
1875
1883
1876
1879
