1908
1918
1908
1918
1892
1892
1907
1907
1914
1914
1914
1914
1902
1902
1910
1910
1941
1941
1916
1916
1910
1910
1893
1893
1893
1893
1927
1927
1923
1923
1903
1903
1927
1927
1924
1924
1906
1906
1912
1912
1902
1902
1902
1902
1900
1900
1920
1920
1927
1927
1924
1924
1924
1924
1905
1905
1906
1906
1911
1911
1915
1915
1915
1915
1912
1912
1922
1922
1883
1883
1940
1940
1907
1907
1932
1932
1912
1912
1944
1944
1944
1944
1934
1934
1918
1918
1892
1892
1892
1892
1921
1921
1921
1921
1898
1898
1914
1914
1914
1914
1929
1929
1929
1929
1903
1903
1903
1903
1914
1914
1901
1901
1925
1925
1930
1930
1928
1928
1904
1904
1899
1899
1899
1899
1906
1906
1906
1906
1927
1927
1927
1927
1930
1930
1930
1930
1934
1934
1934
1934
1932
1932
1932
1932
1937
1937
1937
1937
1941
1941
1941
1941
1886
1886
1889
1889
1913
1913
1934
1934
1928
1928
1898
1898
1932
1932
1898
1898
1926
1926
1909
1909
1928
1928
1926
1926
1895
1895
1890
1890
1922
1922
1917
1917
1924
1924
1918
1918
1890
1890
1895
1895
1921
1921
1925
1925
1940
1940
1940
1940
1909
1909
1937
1937
1908
1908
1907
1907
1930
1930
1927
1927
1928
1928
1917
1917
1899
1899
1910
1910
1902
1902
1912
1912
1909
1909
1907
1907
1937
1937
1872
1872
1924
1924
1913
1913
1914
1914
1908
1908
1932
1932
1903
1903
1907
1907
1939
1939
1908
1908
1941
1941
1906
1906
1918
1918
1909
1909
1942
1942
1884
1884
1884
1884
1913
1913
1913
1913
1909
1909
1909
1909
1937
1937
1934
1934
1906
1906
1932
1932
1902
1902
1930
1930
1904
1904
1934
1934
1903
1903
1930
1930
1936
1936
1928
1928
1926
1926
1891
1891
1896
1896
1923
1923
1927
1927
1921
1921
1903
1903
1938
1938
1908
1908
1910
1910
1907
1907
1938
1938
1918
1918
1922
1922
1922
1922
1881
1881
1919
1919
1885
1885
1926
1926
1895
1895
1895
1895
1922
1922
1878
1878
1907
1907
1905
1905
1914
1914
1905
1905
1902
1902
1902
1902
1925
1925
1892
1892
1921
1921
1894
1894
1918
1918
1939
1939
1939
1939
1931
1931
1931
1931
1911
1911
1902
1902
1916
1916
1916
1916
1916
1916
1912
1912
1910
1910
1910
1910
1942
1942
1936
1936
1910
1910
1908
1908
1908
1908
1934
1934
1909
1909
1940
1940
1892
1892
1909
1909
1910
1910
1911
1911
1899
1899
1932
1932
1932
1932
1932
1932
1930
1930
1930
1930
1936
1936
1936
1936
1934
1934
1934
1934
1913
1913
1911
1911
1913
1913
1921
1921
1933
1933
1925
1925
1923
1923
1919
1919
1893
1893
1927
1927
1912
1912
1938
1938
1913
1913
1906
1906
1905
1905
1924
1924
1905
1905
1902
1902
1931
1931
1894
1894
1894
1894
1927
1927
1929
1929
1914
1914
1924
1924
1940
1940
1937
1937
1943
1943
1910
1910
1910
1910
1902
1902
1909
1909
1909
1909
1918
1918
1899
1899
1899
1899
1928
1928
1928
1928
1926
1926
1926
1926
1924
1924
1924
1924
1930
1930
1909
1909
1922
1922
1909
1909
1937
1937
1908
1908
1908
1908
1937
1937
1937
1937
1910
1910
1925
1925
1894
1894
1920
1920
1902
1902
1919
1919
1919
1919
1917
1917
1880
1880
1924
1924
1895
1895
1920
1920
1927
1927
1893
1893
1917
1917
1922
1922
1908
1908
1934
1934
1928
1928
1898
1898
1923
1923
1897
1897
1880
1880
1922
1922
1891
1891
1915
1915
1915
1915
1915
1915
1909
1909
1907
1907
1907
1907
1939
1939
1939
1939
1933
1933
1933
1933
1920
1920
1930
1930
1913
1913
1923
1923
1923
1923
1907
1907
1906
1906
1919
1919
1897
1897
1931
1931
1903
1903
1927
1927
1905
1905
1936
1936
1902
1902
1910
1910
1923
1923
1921
1921
1924
1924
1924
1924
1918
1918
1912
1912
1909
1909
1909
1909
1917
1917
1929
1929
1894
1894
1918
1918
1918
1918
1909
1909
1928
1928
1910
1910
1910
1910
1923
1923
1923
1923
1923
1923
1918
1918
1929
1929
1894
1894
1924
1924
1920
1920
1920
1920
1884
1884
1922
1922
1922
1922
1912
1912
1943
1943
1943
1943
1919
1919
1900
1900
