1928
1937
1905
1928
1910
1856
1928
1930
1922
1933
1906
1906
1936
1927
1925
1922
1927
1870
1867
1931
1930
1928
1927
1888
1918
1919
1914
1924
1928
1929
1928
1925
1913
1938
1916
1927
1920
1869
1922
1893
1895
1879
1880
1926
1912
1928
1928
1928
1879
1883
1912
1926
1925
1926
1919
1914
1925
1937
1880
1875
1916
1914
1920
1928
1925
1927
1927
1884
1880
1917
1928
1928
1927
1928
1926
1926
1929
1928
1925
1928
1928
1928
1926
1924
1921
1928
1926
1929
1926
1926
1928
1937
1926
1930
1928
1929
1925
1926
1911
1913
1872
1924
1886
1917
1919
1927
1930
1930
1912
1926
1924
1926
