1875
1924
1900
1928
1926
1898
1935
1930
1933
1908
1933
1885
1922
1913
1889
1924
1901
1870
1863
1887
1887
1893
1921
1924
1927
1935
1889
1887
1913
1921
1915
1917
1861
1901
1935
1904
1931
1898
1931
1929
1900
1879
1879
1921
1922
1923
1904
1889
1932
1930
1933
1926
1927
1931
1892
1924
1888
1900
1915
1902
1939
1933
1907
1868
1914
1904
1931
1884
1872
1905
1884
1886
1934
1911
1880
1927
1930
1885
1935
1905
1937
1874
1896
1888
1909
1902
1928
1920
1893
1930
1934
1924
1925
1932
1900
1909
1895
1892
1924
1936
1906
