1906
1930
1908
1861
1934
1905
1932
1907
1876
1921
1927
1913
1885
1906
1905
1913
1918
1926
1883
1881
1922
1885
1927
1908
1923
1924
1907
1927
1867
1927
1928
1887
1888
1925
1923
1921
1928
1890
1913
1915
1923
1935
1930
1928
1900
1897
1881
1879
1911
1934
1936
1910
1885
1926
1877
1926
1896
1873
1914
1883
1900
1929
1857
1923
1882
1885
1914
1890
1914
1917
1939
1920
1883
1874
1919
1923
1887
1906
1877
1909
1911
1918
1941
1890
1890
1942
1913
1919
1922
1935
1910
1880
1873
1879
1874
1904
1925
1922
1880
1890
1936
1909
1881
1913
1916
1885
1930
1905
1931
1915
1936
1933
1887
1874
1904
1904
1936
1930
1939
1870
1910
1934
1934
1887
1924
1911
1890
1933
1877
1915
1938
1870
1910
1941
1935
1922
1908
1919
1921
1877
1869
1935
1897
1942
1881
1876
1902
1937
1881
1915
1879
1905
1875
1930
1919
1910
1892
1901
1906
1904
1874
1903
1874
1924
1883
1913
1914
1906
1895
1933
1906
1935
1879
1900
1928
1931
1925
1921
1922
1925
1918
1891
1926
1923
1911
1885
1938
1909
1922
1880
1909
1912
1926
1895
1924
1929
1901
1926
1915
1906
1862
1874
1872
1908
1894
1929
1932
1919
1889
1932
1879
1908
1938
1913
1942
1907
1932
1885
1914
1885
1921
1921
1919
1897
1904
1905
1900
1907
1932
1940
1878
1915
1900
1904
1927
1892
1931
1933
1930
1910
1896
1911
1910
1939
1875
1908
1884
1911
1917
1919
1924
1926
1884
1914
1914
1905
1872
1908
1938
1936
1911
1940
1883
1892
