1881
1879
1888
1880
1870
1880
1935
1910
1881
1915
1882
1900
1895
1884
1941
1911
1879
1912
1914
1880
1907
1892
1929
1927
1924
1896
1897
1920
1895
1925
1908
1901
1888
1924
1932
1893
1926
1885
1918
1917
1922
1921
1924
1884
1887
1889
1885
1918
1897
1926
1923
1897
1931
1938
1914
1888
1892
1915
1876
1882
1911
1940
1872
1899
1925
1869
1880
1872
1877
1880
1923
1893
1924
1927
1890
1918
1939
1898
1925
1925
1875
1924
1916
1880
1913
1878
1890
1929
1897
1897
1928
1931
1881
1872
1878
1895
1910
1942
1942
1908
1933
1928
1905
1905
1913
1875
1875
1908
1907
1936
1909
1919
1901
1908
1904
1901
1909
1877
1877
1878
1886
1939
1917
1862
1891
1912
1892
1887
1895
1920
1902
1890
1913
1883
1926
1878
1875
1910
1880
1872
1922
1887
1895
1917
1880
1913
1910
1883
1897
1899
1925
1909
1899
1942
1916
1875
1878
1915
1880
1910
1907
1889
1897
1908
1894
1858
1866
1910
1889
1929
