1908
1878
1936
1917
1915
1919
1882
1939
1940
1925
1923
1886
1895
1928
1893
1864
1910
1919
1909
1928
1925
1892
1896
1921
1933
1908
1869
1874
1914
1924
1913
1885
1884
1907
1865
1905
1917
1936
1930
1938
1934
1926
1939
1922
1928
1932
1889
1890
1879
1907
1879
1910
1928
1927
1921
1892
1894
1905
1902
1935
1908
1939
1908
1907
1876
1917
1936
1928
1935
1915
1912
1911
1912
1889
1888
1927
1894
1927
1926
1923
1884
1929
1910
1933
1892
1894
1900
1928
1926
1895
1931
1896
1928
1938
1936
1870
1878
1933
1905
1931
1879
1921
1913
1887
1911
1931
1919
1933
1902
1933
1872
1931
1931
1927
1927
1935
1935
1902
1901
1935
1906
1903
1926
1919
1897
1894
1931
1924
1923
1923
1928
1921
1918
1890
1929
1933
1893
1909
1883
1936
1908
1858
1934
1936
1939
1906
1889
1900
1908
1914
1874
1939
1910
1871
1871
1915
1882
1908
1935
1909
