1898
1932
1928
1924
1930
1898
1885
1900
1900
1918
1891
1911
1923
1898
1927
1900
1918
1913
1913
1915
1880
1880
1900
1905
1877
1900
1873
1932
1897
1923
1929
1893
1926
1918
1884
1930
1913
1908
1912
1909
1900
1866
1899
1902
1930
1902
1885
1889
1914
1911
1938
1924
1920
1887
1863
1913
1914
1907
1930
1895
1928
1893
1890
1918
1900
1921
1921
1914
1927
1907
1919
1891
1904
1938
1908
1908
1928
1924
1893
1902
1906
1906
1930
1904
1907
1937
1919
1873
1902
1933
1928
1926
1901
1930
1914
1906
1893
1870
1901
1931
1930
1925
1898
1900
1928
1869
1924
1934
1905
1906
1923
1897
1926
1927
1904
1934
1872
1885
1905
1937
1900
1868
1940
1937
1908
1910
1914
1922
1904
1908
1923
1905
1912
1895
1922
1920
1893
1874
1923
1921
1882
1900
1873
1893
1934
1927
1897
1918
1885
1912
1900
1928
1908
1930
