1939
1919
1923
1908
1926
1880
1887
1921
1908
1928
1920
1901
1938
1904
1930
1906
1927
1919
1916
1894
1894
1930
1907
1878
1888
1933
1898
1927
1920
1893
1907
1882
1904
1869
1890
1922
1919
1927
1905
1924
1890
1910
1891
1928
1921
1919
1913
1891
1887
1917
1873
1870
1878
1908
1914
1908
1912
1884
1921
1941
1878
1908
1884
1880
1918
1912
1878
1910
1911
1896
1938
1920
1923
1928
1903
1907
1904
1935
1915
1916
1939
1895
1904
1925
1926
1891
1891
1903
1928
1893
1918
1907
1902
1932
1910
1904
1890
1901
1922
1926
1924
1895
1943
1895
1935
1931
1905
1923
1891
1921
1891
1918
1916
1916
1930
1928
1922
1924
1926
1932
1937
1939
1897
1896
1904
1908
1899
1897
1894
1927
1912
1913
1889
1923
1923
1881
1889
1934
1900
1903
1932
1923
1897
1930
1902
1916
1908
1930
1888
1927
1901
1901
1931
1925
1889
1893
1920
1916
1904
1902
1900
1894
1931
1934
1896
1936
1881
1878
1902
1907
1934
1903
1936
1927
1929
1902
1942
1916
1898
1895
1940
1930
1923
1899
1934
1937
1925
1932
1921
1928
1926
1917
1923
1892
1924
1921
1914
1917
1889
1923
1925
1903
1911
1938
1903
1928
1894
1916
1923
1920
1928
1896
1932
1910
1913
1911
1942
1905
1923
1897
1891
1867
1898
1900
1894
1919
1920
1895
1921
1921
1908
1889
1922
1926
1924
1889
1906
1935
1900
1908
1935
1877
1909
1918
1931
1933
1940
1905
1908
1922
1905
1924
1895
1895
1916
1913
1926
1886
1892
1924
1916
1934
1902
1899
1939
1937
1933
1925
1924
1897
1931
1898
1931
1909
1901
1881
1934
1885
1870
1929
1921
1924
1922
1930
1892
