1924
1915
1922
1919
1920
1920
1919
1920
1917
1916
1915
1910
1923
1900
1919
1916
1916
1915
1920
1914
1916
1922
1912
1919
1914
1925
1914
1920
1908
1914
1923
1916
1915
1919
1923
1897
1913
1913
1920
1912
1889
1925
1914
1914
1916
1916
1924
1919
1903
1894
1915
1910
1897
1903
1914
1916
1917
1911
1910
1914
1924
1913
1913
1921
1911
1916
1907
1900
1917
1907
1922
1913
1912
1916
1920
1924
1921
1915
1914
1911
1922
1907
1910
1913
1913
1910
1924
1921
1915
1920
1923
1898
1905
1915
1905
1922
1912
1916
1920
1888
1923
1914
1922
1911
1916
1923
1906
1921
1921
1889
1913
1918
1923
1911
1899
1924
1918
1901
1925
1912
1915
1917
1912
1915
1916
1915
1915
1919
1909
1911
1915
1925
