1863
1896
1894
1878
1926
1890
1938
1910
1906
1880
1903
1885
1913
1913
1900
1904
1899
1868
1923
1885
1919
1890
1910
1882
1879
1900
1874
1926
1928
1925
1891
1863
1880
1921
1928
1926
1899
1901
1903
1879
1882
1890
1916
1892
1897
1916
1891
1895
1904
1935
1892
1870
1864
1911
1938
1899
1864
1883
1912
1880
1929
1926
1893
1896
1900
1897
1896
1884
1885
1902
1902
1894
1901
1870
1893
1889
1920
1881
1923
1885
1894
1903
1922
1867
1922
1894
1866
1896
1891
1896
1892
1936
1903
1929
1921
1890
1899
1905
1878
1900
1937
1889
1926
1895
1897
1911
1879
1920
1894
1878
1915
1872
1894
1927
1934
1904
1904
1886
1910
1884
1914
1889
1924
1889
1887
1930
1893
1877
1924
1898
1886
1925
1891
1923
1893
1926
1934
1901
1892
1937
1926
1894
1897
1870
1873
1929
1888
1893
1920
1906
1906
1925
1890
1921
1889
1885
1907
1885
1873
1903
1906
1868
1880
1881
1912
1910
1922
1891
1900
1928
1897
1894
1935
1886
1915
1932
1903
1884
1903
1904
1906
1891
1892
1905
1875
1893
1924
1888
1920
1913
1922
1885
1886
1882
1923
1888
1895
