1906
1933
1907
1932
1912
1921
1893
1896
1924
1887
1914
1880
1916
1924
1939
1916
1887
1898
1891
1923
1925
1927
1880
1884
1921
1915
1914
1926
1924
1887
1928
1897
1920
1880
1868
1916
1917
1913
1912
1930
1920
1884
1894
1885
1922
1914
1885
1939
1914
1927
1923
1911
1921
1889
1909
1912
1917
1880
1878
1915
1922
1921
1923
1891
1891
1899
1897
1924
1923
1893
1923
1901
1901
1910
1940
1938
1909
1916
1918
1878
1910
1941
1906
1940
1884
1884
1872
1903
1939
1918
1893
1895
1914
1916
1924
1928
1895
1895
1929
1922
1888
1943
1920
1919
1911
1885
1914
1910
1880
1926
1924
1885
1917
1922
1920
1916
1924
1888
1903
1937
1902
