1909
1905
1912
1926
1890
1894
1925
1914
1912
1896
1897
1913
1926
1871
1910
1881
1907
1903
1904
1935
1932
1866
1889
1923
1904
1904
1934
1886
1915
1906
1908
1892
1928
1931
1903
1939
1927
1886
1932
1925
1922
1880
1920
1923
1890
1894
1899
1931
1905
1914
1905
1900
1917
1923
1934
1889
1907
1941
1927
1925
1865
1888
1891
1935
1893
1893
1889
1901
1892
1878
1903
1912
1907
1884
1911
1908
1909
1882
1899
1916
1935
1921
1925
1924
1939
1884
1906
1927
1923
1929
1920
1908
1908
1895
1932
1925
1936
1938
1936
1900
1929
1926
1935
1933
1937
1910
1904
1867
1912
1903
1927
1937
1905
1925
1895
1904
1910
1911
1900
1909
1935
1913
1889
1917
1913
1940
1913
1903
1928
1923
