1911
1910
1924
1927
1939
1928
1926
1923
1923
1925
1922
1891
1914
1925
1900
1923
1910
1900
1919
1905
1907
1905
1913
1907
1907
1922
1922
1920
1920
1895
1909
1906
1917
1908
1927
1910
1906
1906
1917
1920
1918
1912
1906
1910
1906
1910
1920
1892
1923
1932
1927
1878
1925
1916
1922
1910
1914
1915
1922
1912
1916
1915
1920
1918
1908
1908
1923
1912
1919
1914
1924
1940
1915
1925
1920
1941
1924
1899
1923
1918
1908
1918
1911
1907
1927
1922
1924
1920
1909
1926
1924
1916
1921
1919
1938
1914
1900
1911
1926
1923
1932
1910
1925
1938
1913
1928
1902
1916
1913
1926
1914
1925
1920
1908
1919
1928
1928
1916
1925
1923
1909
1925
1923
1918
1921
1916
1914
1917
1909
1909
1920
1925
1925
1920
1914
1912
1921
1903
1917
1916
1920
1926
1913
1928
1910
1932
1921
1919
1924
1915
1904
1920
1915
1910
1922
1922
1925
1896
1927
1916
1908
1905
1923
1923
1921
1914
1926
1920
1913
1917
1912
1927
1926
1924
1922
1897
1927
1914
1918
1916
1925
1923
1928
1922
1920
1909
1922
1924
1903
1923
1923
1914
1920
1912
1915
1924
1920
1924
1916
1910
1912
1910
1941
1924
1909
1919
1903
1912
1901
1936
1926
1914
1914
1910
1917
1924
1927
1906
1921
1910
1919
1925
1912
1913
1894
1909
1905
1931
1922
1910
1910
1900
1900
1927
1885
1904
1924
1926
1920
1916
1909
1907
1926
1900
1911
1926
1897
1890
1929
1923
1897
1905
1902
1909
1916
1926
1913
1919
1920
1922
1922
1910
1920
1904
1914
1922
1926
1922
1912
1926
1917
1924
1919
1923
1919
1928
1925
1918
1913
1901
1928
1925
1928
1930
1912
1909
1906
1918
1914
1916
1924
1924
1925
1925
1911
1918
1900
1903
1920
1909
1918
1920
1912
1923
1919
1927
1909
1910
1886
1931
1917
1913
1918
1926
1904
1924
1926
1921
1909
1920
1917
1913
1921
1912
1920
1922
1892
1894
1926
1918
1926
1925
1923
1925
1929
1916
1923
1919
1907
1923
1915
1926
1909
1918
1917
1925
1926
1898
1913
1916
1922
1887
1923
1927
1923
1909
1912
1901
1907
1921
1915
1923
1898
1894
1925
1906
1913
1892
1897
1926
1928
1916
1922
1902
1917
1914
1918
1923
1918
1921
1919
1924
1926
1902
1914
1922
1899
1910
1925
1918
1927
1924
1912
1917
1915
1919
1924
1918
1899
1903
1922
1894
1893
1925
1930
1910
1899
1924
1926
1926
1890
1890
1931
1907
1920
1909
1918
1921
1907
1909
1934
1928
1909
1909
1900
1904
1922
1926
1914
1908
1917
1912
1914
1903
1924
1922
1917
1904
1909
1924
1918
1914
1904
1910
1908
1920
1906
1919
1921
1924
1925
1903
1913
1897
1914
1898
1907
1936
1925
1912
1930
1912
1930
1913
1905
1925
1925
1919
1915
1923
1906
1905
1930
1898
1926
1917
1896
1888
1923
1924
1918
1906
1928
1928
1913
1922
1917
1926
1921
1923
1907
1925
1899
1925
1911
1910
1922
1923
1907
1914
1925
1913
1923
1928
1904
1910
1924
1906
1935
1908
1920
1923
1925
1915
1919
1917
1910
1915
1913
1916
1932
1920
1892
1901
1924
1922
1915
1915
1920
1908
1939
1905
1916
1914
1908
1926
1919
1917
1910
1927
1925
1923
1910
1923
1908
1918
1936
1916
1937
1919
1912
1922
1919
1921
1909
1915
1918
1916
1907
1900
1928
1905
1925
1925
1917
1924
1923
1913
1914
1913
1909
1917
1926
1922
1922
1919
1922
1922
1906
1915
1923
1917
1911
1922
1921
1916
1917
1923
1911
1919
1939
1917
1908
1909
1909
1911
1911
1907
1909
1913
1914
1921
1895
1908
1929
1930
1918
1921
1925
1919
1908
1912
1912
1904
1920
1924
1919
1906
1917
1911
1924
1917
1921
1898
1925
1916
1926
1924
1918
1918
1926
1881
1921
1904
1901
1917
1905
1910
1901
1924
1915
1924
1910
1922
1920
1902
1938
1934
1935
1906
1935
1923
1927
1942
1888
1911
1942
1923
1916
1889
1928
1918
1915
1901
1914
1918
1917
1919
1922
1927
1905
1902
1919
1904
1886
1922
1914
1896
1926
1940
1918
1921
1923
1922
1924
1908
1924
1924
1922
1918
1905
1925
1924
1937
1901
1923
1893
1929
1929
1901
1908
1924
1929
1927
1920
1920
1910
1922
1915
1929
1920
1922
1905
1910
1914
1910
1921
1917
1920
1922
1922
1900
1918
1917
1917
1914
1920
1924
1919
1909
1881
1945
1945
1907
1916
1919
1916
1922
1906
1914
1891
1915
1911
1911
1908
1923
1918
1913
1922
1881
1915
1924
1913
1912
1912
1920
1920
1920
1912
1909
1925
1926
1924
1915
1921
1919
1917
1905
1914
1920
1920
1917
1928
1938
1925
1914
1939
1927
1892
1892
1920
1922
1924
1921
1916
1917
1881
1925
1914
1922
1919
1910
1925
1919
1923
1918
1910
1920
1920
1918
1915
1910
1903
1927
1927
1924
1910
1920
1918
1924
1917
1905
1903
1905
1938
1931
1919
1919
1894
1916
1910
1909
1916
1925
1898
1900
1913
1917
1917
1924
1927
1927
1917
1919
1920
1924
1926
1924
1909
1925
1923
1899
1921
1924
1899
1901
1926
1920
1909
1922
1918
1916
1916
1917
1898
1924
1909
1917
1920
1925
1905
1914
1920
1909
1919
1915
1922
1905
1922
1910
1936
1919
1927
1905
1922
1918
1915
1915
1914
1925
1925
1904
1927
1912
1918
1922
1934
1904
1907
1926
1902
1927
1927
1917
1908
1913
1916
1912
1904
1898
1911
1925
1921
1922
1919
1921
1900
1923
1921
1921
1904
1926
1912
1916
1914
1924
1924
1920
1917
1903
1908
1908
1914
1920
1916
1905
1918
1919
1915
1922
1897
1908
1908
1908
1900
1926
1910
1925
1916
1915
1915
1920
1923
1923
1918
1913
1914
1923
1924
1910
1904
1914
1909
1917
1920
1922
1923
1916
1917
1907
1920
1900
1919
1928
1929
1914
1919
1919
1913
1912
1909
1923
1895
1925
1927
1920
1925
1936
1936
1917
1915
1904
1905
1924
1907
1914
1909
1915
1920
1914
1931
1929
1938
1923
1892
1928
1928
1925
1891
1922
1925
1920
1930
1908
1913
1916
1912
1910
1921
1914
1922
1918
1927
1912
1914
1893
1924
1927
1918
1925
1908
1905
1920
1923
1923
1905
1919
1903
1916
1914
1929
1911
1909
1918
1913
1924
1922
1925
1926
1902
1881
1921
1937
1924
1920
1918
1918
1913
1918
1922
1917
1924
1927
1929
1913
1921
1922
1937
1925
1927
1929
1929
1910
1936
1909
1917
1916
1921
1915
1900
1925
1914
1927
1927
1934
1915
1934
1910
1916
1924
1897
1902
1926
1897
1902
1912
1914
1910
1915
1920
1924
1904
1923
1915
1915
1908
1919
1919
1924
1911
1916
1929
1924
1923
1922
1907
1902
1912
1897
1902
1919
1927
1918
1923
1900
1911
1908
1914
1914
1906
1904
1905
1927
1912
1920
1917
1927
1913
1909
1920
1905
1908
1934
1909
1934
1937
1906
1918
1921
1894
1938
1914
1926
1938
1932
1910
1938
1917
1921
1910
1902
1895
1931
1917
1916
1916
1929
1890
1919
1907
1931
1903
1907
1907
1908
1914
1918
1924
1922
1927
1936
1909
1926
1902
1914
1925
1926
1904
1917
1915
1901
1910
1926
1889
1919
1904
1936
1925
1926
1914
1926
1912
1912
1925
1925
1941
1910
1919
1910
1941
1913
1930
1909
1921
1919
1909
1919
1919
1890
1918
1911
1924
1926
1907
1880
1907
1918
1916
1903
1919
1889
1922
1918
1905
1920
1910
1905
1915
1911
1921
1919
1913
1919
1913
1907
1926
1896
1909
1922
1919
1910
1910
1924
1914
1901
1921
1924
1909
1926
1925
1917
1890
1923
1916
1927
1914
1918
1926
1920
1924
1913
1905
1908
1921
1925
1918
1914
1919
1924
1939
1912
1927
1923
1898
1917
1923
1917
1924
1895
1927
1909
1914
1907
1910
1921
1902
1914
1932
1914
1899
1926
1926
1921
1928
1897
1915
1930
1930
1923
1923
1926
1925
1912
1923
1916
1914
1908
1925
1913
1914
1914
1924
1915
1923
1918
1921
1912
1928
1927
1916
1910
1927
1896
1928
1924
1897
1923
1912
1910
1908
1932
1919
1909
1916
1899
1930
1911
1916
1924
1918
1920
1926
1922
1925
1925
1918
1920
1921
1920
1919
1923
1925
1913
1927
1917
1911
1914
1911
1908
1929
1920
1918
1925
1894
1911
1915
1925
1923
1919
1908
1909
1920
1922
1921
1925
1926
1926
1940
1894
1928
1921
1927
1904
1924
1921
1910
1922
1910
1930
1898
1922
1901
1924
1924
1904
1922
1914
1898
1923
1918
1888
1886
1902
1928
1900
1902
1918
1919
1925
1921
1924
1922
1921
1920
1915
1921
1913
1914
1920
1926
1920
1919
1914
1918
1928
1914
1922
1927
1912
1920
1916
1925
1915
1925
1909
1920
1929
1925
1925
1925
1898
1910
1919
1919
1910
1905
1893
1909
1927
1896
1925
1916
1933
1926
1924
1923
1901
1931
1919
1944
1918
1912
1926
1925
1884
1912
1920
1890
1917
1916
1899
1923
1908
1907
1918
1921
1922
1924
1909
1919
1924
1926
1900
1923
1918
1923
1921
1919
1905
1926
1896
1918
1919
1925
1908
1924
1925
1929
1922
1919
1919
1885
1930
1930
1900
1915
1906
1920
1917
1917
1904
1938
1916
1918
1914
1915
1922
1913
1919
1916
1914
1893
1931
1919
1916
1915
1900
1902
1909
1902
1905
1922
1915
1912
1923
1915
1925
1918
1926
1909
1924
1910
1929
1927
1920
1884
1903
1925
1920
1916
1923
1915
1909
1919
1919
1918
1917
1916
1912
1910
1914
1996
1916
1938
1926
1926
1939
1919
1922
1919
1928
1907
1922
1908
1914
1908
1898
1914
1928
1928
1920
1920
1910
1910
1905
1904
1915
1927
1921
1915
1913
1919
1921
1922
1922
1927
1927
1900
1920
1931
1923
1922
1918
1907
1926
1921
1929
1922
1913
1925
1915
1920
1923
1905
1926
1904
1893
1915
1907
1898
1911
1916
1912
1914
1896
1920
1920
1910
1910
1926
1926
1913
1913
1925
1922
1901
1920
1922
1923
1888
1912
1914
1913
1913
1912
1923
1923
1918
1923
1919
1929
1925
1918
1925
1910
1922
1919
1914
1910
1897
1911
1914
1935
1912
1904
1917
1911
1930
1930
1910
1932
1932
1919
1922
1895
1918
1924
1894
1922
1887
1923
1907
1927
1920
1915
1911
1907
1924
1904
1911
1916
1922
1919
1904
1907
1935
1894
1908
1912
1932
1901
1924
1885
1886
1910
1920
1925
1923
1895
1914
1915
1908
1930
1925
1928
1919
1922
1906
1923
1922
1910
1927
1907
1926
1925
1930
1916
1912
1922
1918
1917
1892
1922
1920
1919
1924
1928
1924
1910
1917
1923
1921
1910
1926
1910
1914
1911
1926
1898
1925
1930
1932
1909
1930
1899
1907
1920
1908
1892
1908
1924
1918
1907
1924
1925
1925
1917
1912
1914
1916
1900
1913
1910
1917
1930
1888
1909
1925
1906
1915
1911
1916
1906
1902
1885
1919
1915
1936
1915
1938
1932
1939
1910
1907
1937
1906
1925
1923
1916
1915
1924
1915
1910
1924
1923
1912
1920
1926
1896
1927
1910
1907
1921
1919
1917
1929
1929
1911
1926
1917
1919
1895
1917
1910
1908
1922
1904
1910
1911
1910
1912
1906
1919
1921
1910
1927
1925
1922
1919
1922
1912
1919
1916
1909
1919
1921
1924
1931
1920
1912
1911
1907
1915
1919
1914
1907
1927
1924
1920
1923
1926
1922
1939
1919
1910
1922
1926
1917
1920
1920
1922
1920
1920
1908
1945
1905
1904
1918
1906
1922
1914
1923
1928
1925
1902
1910
1920
1928
1916
1898
1913
1929
1904
1921
1910
1922
1914
1915
1915
1918
1926
1931
1928
1912
1925
1934
1909
1918
1915
1927
1920
1918
1915
1942
1924
1913
1913
1918
1917
1928
1915
1915
1909
1915
1926
1918
1924
1924
1908
1924
1908
1915
1925
1919
1924
1918
1908
1916
1925
1923
1910
1916
1920
1922
1928
1907
1925
1907
1926
1897
1924
1927
1903
1931
1929
1906
1916
1923
1907
1909
1923
1923
1944
1908
1914
1871
1879
1921
1919
1921
1895
1927
1936
1919
1906
1924
1900
1911
1919
1913
1909
1918
1918
1915
1926
1909
1910
1908
1885
1903
1921
1917
1916
1919
1921
1912
1887
1915
1890
1915
1916
1908
1917
1918
1910
1925
1925
1915
1939
1912
1914
1924
1904
1916
1920
1914
1919
1918
1918
1924
1927
1914
1898
1909
1927
1922
1922
1907
1922
1918
1912
1911
1920
1923
1913
1916
1914
1915
1911
1927
1937
1911
1915
1907
1915
1922
1919
1926
1924
1921
1916
1913
1918
1926
1929
1926
1925
1902
1910
1920
1915
1915
1919
1914
1918
1938
1916
1924
1924
1921
1923
1924
1926
1916
1918
1924
1926
1923
1926
1915
1914
1918
1925
1925
1925
1927
1919
1916
1925
1903
1913
1907
1912
1896
1931
1905
1916
1917
1921
1915
1915
1910
1922
1921
1926
1927
1910
1920
1908
1926
1926
1916
1930
1902
1899
1902
1912
1926
1926
1913
1927
1908
1927
1915
1918
1916
1925
1923
1909
1903
1921
1914
1914
1910
1921
1926
1926
1904
1911
1918
1915
1920
1910
1916
1917
1924
1918
1924
1913
1924
1924
1919
1907
1925
1889
1889
1910
1902
1930
1928
1905
1901
1902
1912
1917
1922
1917
1913
1905
1925
1925
1923
1919
1924
1919
1918
1920
1914
1939
1894
1916
1926
1920
1926
1926
1925
1921
1907
1907
1939
1907
1903
1919
1925
1930
1912
1903
1944
1917
1920
1928
1928
1922
1922
1924
1905
1917
1885
1914
1904
1914
1926
1923
1925
1918
1914
1918
1925
1927
1919
1923
1915
1916
1929
1911
1909
1918
1909
1924
1918
1887
1910
1910
1910
1903
1900
1924
1907
1909
1925
1912
1923
1925
1908
1915
1917
1869
1911
1921
1906
1922
1922
1923
1905
1910
1919
1904
1926
1940
1920
1917
1917
1902
1921
1930
1928
1919
1918
1914
1919
1924
1918
1927
1927
1924
1897
1910
1918
1916
1899
1904
1924
1917
1917
1920
1920
1920
1922
1930
1927
1912
1923
1910
1920
1945
1925
1916
1910
1921
1931
1922
1896
1928
1920
1919
1916
1923
1913
1913
1945
1922
1925
1925
1922
1922
1914
1904
1907
1903
1894
1931
1904
1919
1914
1920
