1912
1932
1906
1937
1933
1913
1936
1939
1907
1886
1906
1915
1917
1913
1935
1938
1909
1920
1900
1905
1870
1914
1869
1915
1925
1882
1914
1922
1918
1938
1910
1907
1938
1910
1937
1911
1914
1914
1929
1908
1883
1883
1916
1923
1906
1928
1901
1920
1882
1878
1919
1918
1923
1940
1907
1908
1882
1881
1888
1887
1882
1909
1906
1917
1924
1913
1872
1933
1934
1941
1903
1908
1884
1908
1930
1942
1910
1872
1902
1900
1868
1917
1925
1898
1899
1907
1920
1910
1880
1914
1882
1907
1879
1933
1909
1918
1929
1925
1899
1904
1910
1890
1902
