1889
1889
1921
1902
1917
1891
1920
1920
1919
1940
1876
1903
1920
1898
1897
1904
1909
1930
1930
1926
1888
1932
1931
1937
1934
1930
1911
1940
1914
1902
1901
1928
1905
1935
1894
1916
1927
1908
1936
1910
1935
1920
1930
1926
1901
1930
1926
1931
1905
1903
1934
1895
1932
1933
1922
1904
1916
1922
1936
1904
1919
1923
1921
1919
1938
1908
1923
1908
1918
1934
1908
1901
1910
1923
1932
1932
1904
1894
1928
1939
1930
1891
1916
1923
1901
1920
1932
1905
1937
1923
1894
1906
1937
1912
1933
1938
1930
1925
1926
1932
1910
1935
1930
1914
1902
1928
1920
1924
1892
1928
1926
1885
1913
1896
1932
1925
1924
1920
1925
1906
1907
1900
1920
1912
1909
1905
1910
1924
1924
1900
1897
1895
1905
1924
1925
1930
1932
1889
1935
1897
1913
1924
1891
1935
1917
1862
1897
1883
1885
1902
1936
1939
1902
1905
1873
1880
1914
1936
1925
1927
1930
1901
1909
1911
1936
1895
1890
1926
1894
1911
1917
1921
1924
1926
1894
1923
1895
1930
1923
1916
1919
1931
1934
1913
1939
1907
1940
1938
1895
1907
1928
1931
1904
1904
1928
1917
1917
1938
1931
1907
1907
1889
1919
1928
1912
1926
1888
1923
1916
1923
1925
1931
1927
1926
1895
1933
1896
1919
1937
1885
1885
1911
1916
1909
1922
1927
1900
1924
1940
1872
1935
1928
1937
1933
1913
1905
1926
1924
1919
1887
1922
1883
1920
1926
1923
1941
1930
1928
1878
1922
1932
1908
1938
1906
1911
1913
1879
1916
1924
1925
1933
1914
1886
1910
