1905
1899
1930
1930
1934
1898
1898
1918
1918
1882
1882
1884
1907
1898
1904
1936
1904
1903
1927
1903
1925
1929
1931
1929
1906
1907
1934
1937
1930
1921
1898
1927
1900
1936
1909
1934
1941
1909
1939
1929
1934
1899
1938
1900
1870
1870
1888
1886
1928
1921
1924
1916
1907
1907
1899
1899
1932
1930
1904
1917
1912
1912
1889
1889
1925
1925
1899
1899
1929
1898
1926
1924
1900
1929
1926
1924
1900
1912
1912
1867
1893
1893
1895
1895
1919
1919
1924
1924
1921
1921
1895
1911
1911
1911
1911
1938
1938
1933
1933
1934
1937
1937
1871
1871
1889
1899
1867
1902
1902
1921
1880
1883
1926
1904
1921
1926
1904
1916
1906
1906
1910
1910
1906
1906
1876
1876
1902
1902
1902
1902
1908
1908
1928
1928
1892
1892
1922
1922
1893
1893
1925
1925
1927
1892
1923
1921
1929
1919
1918
1908
1880
1938
1891
1927
1892
1923
1921
1929
1919
1918
1891
1887
1912
1906
1878
1878
1889
1889
1880
1923
1926
1942
1942
1909
1910
1934
1908
1908
1876
1876
1908
1911
1923
1921
1883
1908
1936
1901
1930
1932
1914
1924
1931
1911
1879
1927
1907
1918
1882
1904
1934
1931
1908
1926
1911
1910
1887
1913
1923
1884
1934
1914
1914
1938
1938
1914
1914
1929
1929
1937
1937
1902
1902
1927
1927
1910
1910
1877
1877
1907
1907
1937
1903
1914
1878
1878
1904
1933
1903
1931
1891
1938
1933
1903
1931
1891
1938
1911
1909
1901
1914
1868
1868
1914
1942
1934
1929
1927
1938
1904
1931
1900
1893
1907
1886
1886
1928
1928
1928
1920
1927
1924
1884
1889
1912
