1932
1905
1909
1910
1905
1869
1865
1874
1926
1899
1903
1877
1924
1884
1926
1896
1897
1938
1920
1899
1869
1914
1886
1908
1913
1916
1893
1921
1917
1926
1885
1877
1893
1865
1905
1911
1914
1914
1903
1928
1888
1899
1922
1925
1865
1875
1877
1934
1899
1908
1907
1932
1889
1927
1936
1929
1931
1933
1896
1915
1926
1899
1937
1900
1930
1932
1929
1899
1902
1926
1894
1920
1918
1922
1926
1894
1929
1926
1927
1896
1913
1917
1919
1883
1905
1884
1933
1860
1865
1896
1884
1915
1866
1932
1937
1904
1923
1899
1929
1875
1887
1921
1891
1937
1912
1919
1926
1884
1916
1923
1933
1925
1931
1903
1927
1906
1878
1894
1923
1890
1914
1887
1878
1890
1921
1924
1874
1909
1871
1936
1897
1897
1912
1940
1909
1934
1907
1908
1934
1939
1930
1904
1889
1914
1921
1885
1905
1914
1914
1922
1890
1916
1884
1920
1925
1914
1939
1910
1912
1908
1923
1896
1898
1923
1864
1933
1933
1876
1909
1877
1876
1901
1901
1927
1912
1938
1933
1909
1935
1904
1877
1905
1877
1913
1890
1929
1898
1893
1923
1884
1927
1901
1870
1929
1893
1888
1924
1868
1931
1910
1900
1908
1907
1935
1933
1920
1891
1916
1925
1923
1920
1895
1885
1914
1897
1900
1927
1929
1925
1902
1931
1892
1917
1891
1927
