1930
1930
1927
1927
1900
1900
1929
1929
1878
1878
1881
1881
1897
1897
1890
1890
1928
1928
1920
1920
1907
1907
1896
1896
1875
1875
1901
1901
1938
1938
1905
1905
1904
1904
1926
1926
1890
1890
1897
1897
1928
1928
1924
1924
1922
1922
1920
1920
1918
1918
1914
1914
1923
1923
1917
1917
1912
1912
1933
1933
1867
1867
1902
1902
1894
1894
1876
1876
1902
1902
1910
1910
1936
1936
1934
1934
1901
1901
1917
1917
1894
1894
1868
1868
1938
1938
1908
1908
1909
1909
1938
1938
1888
1888
1925
1925
1880
1880
1939
1939
1885
1885
1918
1918
1903
1903
1935
1935
1903
1903
1938
1938
1904
1904
1916
1916
1914
1914
1907
1907
1911
1911
1940
1940
1904
1904
1907
1907
1934
1934
1907
1907
1938
1938
1902
1902
1911
1911
1913
1913
1919
1919
1879
1879
1879
1879
1880
1880
1905
1905
1915
1915
1936
1936
1922
1922
1898
1898
1937
1937
1899
1899
1933
1933
1892
1892
1924
1924
1929
1929
1925
1925
1895
1895
1933
1933
1926
1926
1932
1932
1936
1936
1903
1903
1899
1899
1929
1929
1932
1932
1924
1924
1894
1894
1903
1903
1930
1930
1911
1911
1894
1894
1900
1900
1924
1924
1937
1937
1923
1923
1908
1908
1927
1927
1898
1898
1900
1900
1927
1927
1938
1938
1901
1901
1931
1931
1925
1925
1925
1925
1921
1921
1918
1918
1888
1888
1914
1914
1892
1892
1884
1884
1914
1914
1920
1920
1884
1884
1919
1919
1912
1912
1904
1904
1939
1939
1869
1869
1898
1898
1906
1906
1937
1937
1898
1898
1931
1931
1897
1897
1902
1902
1897
1897
1896
1896
1904
1904
1919
1919
1915
1915
1870
1870
1904
1904
1937
1937
1907
1907
1867
1867
1860
1860
1923
1923
1868
1868
1916
1916
1926
1926
1895
1895
1894
1894
1902
1902
1903
1903
1897
1897
1913
1913
1934
1934
1933
1933
1906
1906
1911
1911
1894
1894
1927
1927
1921
1921
1888
1888
1923
1923
1903
1903
1870
1870
1910
1910
1910
1910
1865
1865
1907
1907
1934
1934
1895
1895
1900
1900
1897
1897
1906
1906
1876
1876
1877
1877
1887
1887
1930
1930
1893
1893
1914
1914
1912
1912
1928
1928
1925
1925
1939
1939
1907
1907
1905
1905
1915
1915
1940
1940
1873
1873
1910
1910
1870
1870
1907
1907
1931
1931
1902
1902
1929
1929
1933
1933
1918
1918
1895
1895
1921
1921
1900
1900
1924
1924
1929
1929
1926
1926
1919
1919
1921
1921
1879
1879
1892
1892
1913
1913
1934
1934
1891
1891
1925
1925
1922
1922
1894
1894
1930
1930
1874
1874
1900
1900
1924
1924
1937
1937
1913
1913
1884
1884
1925
1925
1899
1899
1914
1914
1912
1912
1931
1931
1924
1924
1907
1907
1929
1929
1902
1902
1903
1903
1931
1931
1914
1914
1908
1908
1937
1937
1937
1937
1910
1910
1940
1940
1904
1904
1921
1921
1940
1940
1923
1923
1893
1893
1938
1938
1913
1913
1892
1892
1925
1925
1922
1922
1934
1934
1920
1920
1896
1896
1905
1905
1923
1923
1888
1888
1929
1929
1920
1920
1904
1904
1880
1880
1879
1879
1917
1917
1916
1916
1880
1880
1879
1879
1919
1919
1912
1912
1921
1921
1878
1878
1908
1908
1928
1928
1901
1901
1914
1914
1910
1910
1892
1892
1890
1890
1909
1909
1877
1877
1913
1913
1937
1937
1921
1921
1893
1893
1893
1893
1913
1913
1923
1923
1882
1882
1918
1918
1912
1912
1880
1880
1905
1905
1929
1929
1906
1906
1933
1933
1912
1912
1875
1875
1887
1887
1918
1918
1924
1924
1898
1898
1907
1907
1871
1871
1901
1901
1938
1938
1922
1922
1927
1927
1924
1924
1895
1895
1926
1926
1898
1898
1910
1910
1908
1908
1923
1923
1898
1898
1931
1931
1920
1920
1925
1925
1921
1921
1935
1935
1876
1876
1908
1908
1922
1922
1895
1895
1914
1914
1933
1933
1880
1880
1882
1882
1921
1921
1883
1883
1926
1926
1858
1858
1889
1889
1886
1886
1923
1923
1922
1922
1931
1931
1925
1925
1920
1920
1917
1917
1928
1928
1913
1913
1890
1890
1902
1902
1938
1938
1878
1878
1900
1900
1917
1917
1914
1914
1911
1911
1880
1880
1897
1897
1899
1899
1929
1929
1918
1918
1932
1932
1931
1931
1937
1937
1901
1901
1904
1904
1910
1910
1937
1937
1906
1906
1868
1868
1897
1897
1920
1920
1925
1925
1927
1927
1900
1900
1939
1939
1923
1923
1924
1924
1920
1920
1894
1894
1928
1928
1926
1926
1885
1885
1925
1925
1924
1924
1902
1902
1927
1927
1897
1897
1903
1903
1906
1906
1933
1933
