1902
1925
1925
1927
1927
1898
1937
1897
1897
1917
1917
1915
1915
1888
1888
1885
1885
1914
1914
1920
1920
1900
1914
1925
1931
1923
1925
1914
1914
1899
1901
1901
1901
1901
1917
1917
1890
1890
1938
1938
1927
1927
1925
1925
1883
1883
1906
1906
1939
1939
1911
1911
1888
1888
1928
1928
1893
1893
1925
1925
1891
1891
1920
1920
1918
1918
1929
1929
1898
1898
1923
1909
1903
1895
1905
1875
1875
1884
1884
1921
1921
1911
1911
1917
1917
1883
1883
1915
1915
1885
1885
1907
1920
1907
1907
1922
1911
1911
1910
1907
1937
1912
1928
1930
1906
1932
1934
1937
1905
1917
1910
1908
1908
1937
1937
1900
1942
1870
1926
1926
1939
1939
1928
1928
1922
1922
1897
1897
1930
1930
1935
1935
1924
1924
1933
1933
1897
1933
1934
1937
1910
1939
