1885
1866
1870
1888
1874
1879
1877
1864
1872
1893
1901
1870
1895
1887
1892
1871
1894
1891
1922
1876
1921
1927
1889
1886
1894
1864
1884
1858
1879
1870
1873
1879
1894
1904
1875
1875
1880
1868
1877
1872
1905
1895
1928
1869
1859
1872
1895
1887
1886
1876
1889
1869
1885
1901
1890
1894
1889
1873
1890
1879
1887
1931
1883
1928
1927
1879
1884
1921
1869
1867
1893
1897
1892
1873
1932
1892
1886
1884
1892
1879
1900
1920
1892
1884
1873
1871
1882
1890
1879
1887
1875
1874
1902
1882
1896
1879
1868
1874
1921
1903
1877
1884
1877
1875
1879
1910
1923
1873
1889
1886
1892
1876
1909
1906
1885
1880
1904
1880
1888
1900
1896
