1914
1912
1891
1904
1898
1894
1891
1886
1926
1927
1931
1897
1898
1930
1888
1891
1922
1920
1894
1890
1892
1931
1889
1910
1916
1905
1924
1892
1893
1995
1900
1896
1911
1895
1914
1886
1891
1903
1887
1907
1918
1895
1890
1895
1890
1902
1897
1902
1892
1882
1908
1885
1888
1881
1887
1886
1905
1911
1923
1924
1898
1894
1916
1890
1902
1906
1889
1895
1913
1898
1902
1897
1904
1926
1921
1924
1907
1904
1907
1905
1925
1896
1894
1895
1921
1913
1891
1885
1896
1883
1906
1892
1913
1920
1902
1904
1900
1910
1903
1885
1888
1896
1893
1896
1897
1902
1909
1915
1897
1891
1898
1913
1897
1887
1875
1900
1903
1888
1913
1905
1883
1896
1905
1892
1915
1880
1902
1894
1902
1901
1894
1880
1902
1890
1893
1907
1901
1899
1889
1906
1897
1897
1900
1883
1904
1921
1892
1891
1903
1898
1905
1909
1900
1891
1894
1901
1900
1896
1896
1896
1899
1892
1923
1892
1888
1890
1905
1910
1894
1882
1906
1883
1890
1907
1898
1897
1893
1895
1904
1913
1905
1906
1898
1896
1893
1894
1914
1900
1888
1888
1896
1888
1893
1912
1906
1885
1909
1909
1899
1892
1894
1906
1885
1908
1907
1913
1917
1900
1898
1901
1910
1899
1924
1899
1899
1894
1923
1910
1884
1882
1883
1889
1890
1894
1905
1907
1922
1890
1898
1923
1893
1902
1900
1896
1902
1894
1914
1907
1906
1899
1884
1897
1897
1892
1872
1897
1903
1888
1900
1898
1902
1895
1910
1884
1884
1880
1880
1905
1881
1889
1910
2892
1885
1893
1894
1890
1901
1906
1894
1902
1913
1898
1903
1900
1906
1920
1907
1896
1914
1912
1901
1887
1902
1904
1908
1890
1894
1901
1905
1901
1882
1900
1891
1899
1884
1902
1902
1908
1903
1893
1905
1893
1901
1910
1895
1896
1890
1893
1896
1894
1903
1904
1891
1904
1900
1888
1817
1924
1914
1922
1900
1892
1887
1878
1906
1902
1903
1886
1876
1903
1912
1894
1888
1907
1902
1886
1898
1915
1906
1909
1911
1899
1899
1890
1912
1910
1881
1893
1890
1894
1912
1902
1912
1882
1887
1908
1895
1897
1900
1897
1892
1890
1907
1890
1916
1894
1902
1896
1889
1899
1903
1892
1878
1912
1901
1900
1906
1895
1893
1930
1887
1893
1896
1895
1906
1896
1897
1890
1898
1908
1910
1896
1903
1905
1898
1887
1818
1900
1878
1906
1927
1888
1899
1903
1890
1896
1900
1889
1907
1891
1885
1897
1903
1893
1906
1902
1890
1918
1910
1905
1904
1899
1883
1902
1902
1917
1891
1917
2887
1901
1908
1895
1904
1909
1890
1881
1893
1919
1896
1905
1888
1893
1900
1895
1902
1890
1888
1911
1923
1917
1879
1906
1899
1884
1887
1812
1893
1900
1908
1887
1902
1900
1889
1884
1912
1893
1903
1900
1896
1884
1899
1902
1891
1897
1911
1915
1904
1897
1902
1887
1916
1896
1905
1893
1907
1908
1913
1915
1895
1902
1907
1898
1876
1904
1893
1909
1897
1891
1902
1903
1889
1886
1900
1901
1909
1908
1910
1912
1889
1901
1904
1909
1909
1887
1896
1904
1891
1898
1903
1899
1893
1898
1900
1903
1886
1891
1900
1899
1898
1913
1881
1905
1870
1891
1901
1900
1899
1910
1904
1893
1891
1910
1801
1903
1893
1919
1897
1887
1908
1895
1905
1894
1897
1884
1898
0507
1904
1912
1909
1896
1995
1897
1903
1900
1895
1897
1923
1901
1886
1891
1898
1904
1912
1925
1899
1898
1895
1900
1890
1902
1894
1898
1893
1895
1911
1926
1901
1906
1915
1893
1916
1897
1895
1909
1911
1888
1908
1898
1892
1896
1885
1889
1889
1909
1892
1906
1902
1894
1897
1807
1919
1902
1870
1900
1900
1900
1889
1902
1909
1897
1899
1887
1903
1881
1899
1904
1909
1897
1906
1911
1888
1904
1913
1901
1897
1902
1904
1914
1886
1908
1900
1888
1915
1885
1869
1902
1899
1902
1892
1898
1892
1910
1898
1927
1901
1905
1900
1887
1895
1886
1902
1887
1888
1896
1899
1912
1909
1920
1904
1902
1905
1889
1927
1898
1892
1901
1905
1885
1919
1923
1905
1908
1887
1893
1883
1901
1900
1901
1900
1894
1899
1909
1899
1905
1882
1920
1896
1921
1927
1885
1898
1896
1909
1920
1890
1877
1899
1918
1897
1899
1915
1899
1910
1897
1901
1901
1898
1906
1891
1901
1926
