1881
1911
1910
1908
1915
1905
1928
1921
1893
1926
1919
1925
1905
1905
1897
1897
1925
1930
1926
1908
1903
1931
1930
1925
1903
1927
1944
1903
1912
1922
1906
1929
1932
1919
1920
1918
1924
1890
1916
1914
1880
1894
1926
1917
1919
1924
1922
1898
1924
1896
1890
1898
1927
1914
1922
1925
1893
1923
1897
1925
1912
1917
1924
1891
1898
1913
1893
1894
1924
1928
1923
1916
1887
1893
1928
1908
1908
1937
1904
1924
1923
1911
1906
1914
1882
1913
1902
1915
1901
1928
1928
1882
1915
1917
1910
1911
1934
1904
1913
1925
1905
1914
1919
1910
1885
1944
1917
1916
1927
1906
1939
1909
1940
1936
1887
1919
1921
1923
1909
1938
1908
1905
1914
1914
1928
1925
1886
1910
1933
1915
1886
1908
1886
1910
1931
1910
1915
1907
1907
