1867
1895
1897
1892
1895
1924
1898
1865
1922
1893
1927
1890
1905
1904
1888
1936
1875
1875
1881
1875
1882
1922
1894
1884
1935
1876
1893
1886
1870
1930
1846
1880
1878
1869
1883
1876
1875
1883
1873
1902
1872
1922
1886
1859
1885
1894
1870
1878
1880
1925
1889
1918
1855
1892
1862
1922
1875
1881
1865
1885
1862
1883
1884
1884
1922
1930
1929
1883
1939
1860
1904
1876
1877
1884
1882
1851
1877
1910
1884
1854
1932
1876
1849
1852
1869
1921
1893
1866
1862
1869
1872
1872
1901
1899
1883
1880
1887
1877
1876
1882
1885
1910
1882
1882
1860
1857
1868
1892
1877
1879
1874
1889
1872
1866
1870
1874
1862
1861
1859
1882
1890
1877
1854
1891
1864
1870
1885
1867
1879
1864
1857
1927
1922
1883
1875
1875
1874
1860
1905
1878
1894
1867
1869
1866
1867
1856
1856
1863
1863
1902
1867
1874
1896
1915
1895
1917
1884
1899
1881
1880
1883
1883
1862
1871
1857
1861
1878
1881
1878
1873
1874
1864
1878
1877
1868
1876
1883
1855
1874
1893
1882
1872
1875
1880
1878
1923
1887
1867
1915
1881
1874
1873
1926
1866
1868
1883
1892
1870
1853
1895
1892
1869
1869
1860
1922
1859
1925
1878
1900
1891
1864
1865
1890
1898
1895
1855
1878
1897
1874
1918
1887
1891
1919
1906
1908
1886
1869
1870
1904
1876
1869
1901
1920
1892
1927
1923
1878
1863
1894
1867
1865
1883
1860
1871
1868
1877
1877
1928
1894
1881
1879
1893
1878
1882
1929
1930
1889
1887
1916
1896
1871
1875
1897
1862
1869
1857
1866
1875
1874
1884
1899
1903
1894
1892
1866
1869
1883
1871
1857
1862
1888
1873
1878
1866
1924
1870
1859
1880
1879
1873
1869
1859
1861
1862
1857
1882
1882
1862
1883
1854
1880
1866
1858
1934
1913
1878
1906
1883
1903
1888
1874
1874
1871
1904
1922
1896
1881
1874
1920
1909
1865
1858
1872
1882
1888
1859
1888
1886
1900
1858
1872
1865
1874
1869
1857
1879
1888
1862
1871
1883
1867
1892
1850
1882
1885
1895
1883
1871
1882
1887
1876
1899
1891
1886
1856
1919
1883
1860
1856
1885
1860
1856
1860
1872
1924
1873
1897
1880
1872
1882
1901
1873
1873
1919
1930
1898
1905
1866
1871
1878
1857
1903
1911
1881
1856
1863
1863
1880
1874
1882
1872
1891
1885
1906
1890
1873
1930
1891
1896
1873
1870
1878
1874
1912
1862
1889
1875
1895
1865
1876
1880
1881
1897
1923
1865
1889
1864
1874
1889
1885
1854
1893
1854
1876
1912
1866
1876
1866
1851
1892
1859
1891
1887
1877
1885
1881
1886
1874
1859
1870
1868
1868
1883
1900
1887
1894
1922
1865
1864
1866
1933
1894
1921
1880
1899
1856
1920
1884
1862
1922
1895
1862
1892
1921
1881
1926
1888
1886
1886
1867
1888
1877
1875
1869
1879
1879
1920
1873
1883
1859
1860
1870
1863
1880
1868
1878
1880
1882
1877
1890
1880
1871
1921
1860
1859
1892
1887
1897
1899
1925
1864
1886
1864
1894
1861
1921
1883
1940
1867
1882
1872
1896
1865
1900
1900
1881
1880
1878
1873
1877
1908
1876
1864
1863
1903
1869
1889
1861
1868
1867
1868
1872
1852
1926
1869
1882
1877
1868
1884
1873
1890
1863
1867
1895
1903
1880
1901
1926
1868
1866
1877
1874
1879
1930
1873
1859
1854
1849
1891
1872
1915
1886
1881
1916
1891
1882
1872
1875
1877
1888
1892
1873
1923
1874
1866
1858
1847
1865
1875
1871
1863
1887
1880
1858
1874
1855
1915
1879
1883
1876
1887
1899
1879
1870
1877
1885
1875
1878
1883
1871
1855
1873
1883
1870
1875
1859
1860
1873
1870
1876
1865
1875
1903
1888
1928
1931
1894
1886
1902
1853
1897
1870
1874
1867
1871
1884
1909
1865
1853
1886
1879
1877
1884
1879
1875
1870
1883
1886
1871
1885
1910
1866
1854
1859
1861
1868
1857
1857
1885
1889
1939
1887
1875
1873
1880
1879
1871
1879
1872
1876
1923
1925
1888
1893
1869
1858
1853
1873
1896
1868
1903
1937
1868
1868
1859
1884
1865
1885
1875
1919
1894
1857
1870
1897
1875
1902
1895
1926
1922
1899
1863
1878
1862
1902
1882
1881
1872
1873
1862
1886
1876
1865
1871
1901
1894
1891
1886
1884
1848
1878
1893
1883
1923
1864
1872
1909
1895
1888
1925
1878
1902
1904
1891
1859
1871
1869
1882
1866
1879
1863
1863
1926
1849
1894
1863
1928
1868
1861
1885
1897
1881
1864
1913
1900
1914
1895
1874
1852
1880
1876
1865
1885
1861
1887
1879
1883
1859
1874
1892
1881
1882
1877
1905
1893
1929
1924
1886
1887
1880
1913
1904
1877
1874
1874
1889
1867
1861
1880
1873
1891
1878
1889
1862
1887
1869
1855
1859
1874
1911
1898
1881
1871
1864
1868
1882
1875
1906
1866
1868
1861
1878
1876
1877
1878
1934
1933
1894
1888
1862
1888
1895
1924
1882
1895
1874
1887
1871
1895
1939
1905
1896
1890
1874
1871
1868
1895
1879
1860
1868
1893
1862
1877
1868
1903
1867
1878
1862
1869
1857
1873
1868
1871
1879
1919
1856
1888
1925
1873
1886
1862
1878
1897
1892
1879
1857
1859
1884
1875
1877
1888
1871
1879
1856
1870
1860
1882
1877
1889
1877
1876
1870
1863
1886
1892
1890
1864
1895
1926
1895
1871
1873
1880
1876
1913
1877
1872
1890
1868
1879
1869
1881
1897
1873
1863
1889
1853
1880
1902
1863
1873
1900
1890
1891
1857
1880
1887
1893
1879
1889
1879
1895
1878
1877
1898
1912
1881
1883
1863
1872
1874
1865
1872
1876
1883
1883
1919
1882
1893
1876
1867
1871
1892
1888
1877
1859
1855
1888
1854
1876
1874
1866
1857
1879
1882
1877
1868
1875
1864
1929
1871
1936
1907
1936
1932
1901
1882
1877
1865
1875
1898
1873
1866
1881
1930
1891
1869
1856
1901
1875
1868
1880
1868
1867
1875
1899
1884
1894
1918
1862
1917
1872
1874
1875
1923
1898
1851
1871
1893
1897
1886
1862
1892
1856
1892
1879
1893
1868
1862
1874
1864
1884
1879
1862
1874
1927
1863
1858
1887
1891
1863
1863
1868
1895
1869
1926
1883
1890
1871
1871
1855
1861
1877
1895
1861
1872
1876
1875
1876
1890
1863
1851
1876
1919
1861
1922
1874
1890
1890
1923
1869
1871
1851
1885
1869
1867
1880
1898
1869
1870
1905
1880
1874
1857
1870
1876
1880
1862
1901
1887
1877
1862
1860
1880
1886
1880
1868
1880
1867
1859
1870
1903
1917
1886
1886
1870
1875
1876
1907
1849
1875
1861
1880
1892
1876
1877
1891
1883
1871
1876
1873
1886
1891
1884
1883
1854
1871
1873
1889
1884
1862
1856
1910
1884
1890
1878
1929
1895
1896
1923
1878
1885
1877
1859
1902
1889
1864
1871
1852
1892
1887
1878
1908
1882
1873
1921
1875
1887
1880
1878
1876
1907
1874
1923
1879
1860
1877
1886
1939
1888
1866
1881
1870
1876
1884
1878
1887
1854
1898
1887
1872
1874
1857
1854
1884
1869
1880
1898
1868
1925
1899
1885
1870
1883
1891
1878
1881
1885
1874
1887
1856
1894
1863
1876
1869
1899
1887
1873
1874
1878
1867
1861
1872
1883
1861
1864
1889
1864
1888
1895
1877
1882
1864
1877
1863
1884
1929
1898
1891
1878
1860
1852
1896
1866
1871
1857
1892
1870
1891
1873
1858
1901
1884
1875
1882
1873
1887
1890
1919
1856
1907
1922
1874
1849
1872
1923
1852
1880
1865
1875
1876
1848
1860
1860
1882
1879
1884
1925
1874
1866
1855
1876
1889
1878
1889
1885
1857
1880
1873
1863
1856
1866
1858
1880
1861
1865
1927
1898
1870
1871
1870
1892
1878
1870
1878
1895
1860
1896
1880
1886
1850
1851
1861
1879
1870
1887
1890
1877
1884
1876
1872
1875
1872
1875
1879
1877
1879
1889
1880
1883
1875
1874
1874
1875
1875
1871
1890
1859
1882
1869
1893
1849
1865
1883
1855
1879
1881
1874
1882
1892
1883
1870
1913
1856
1901
1880
1853
1872
1898
1876
1855
1871
1900
1865
1894
1884
1890
1885
1863
1866
1873
1857
1870
1895
1899
1866
1867
1854
1915
1885
1874
1890
1869
1915
1873
1869
1860
1866
1878
1905
1891
1927
1867
1854
1883
1860
1862
1872
1879
1871
1906
1872
1876
1878
1924
1860
1868
1859
1852
1895
1888
1863
1871
1863
1869
1923
1865
1854
1856
1894
1898
1884
1934
1890
1852
1913
1903
1872
1878
1884
1902
1903
1862
1908
1860
1886
1895
1899
1888
1909
1895
1884
1880
1886
1887
1874
1896
1851
1881
1892
1885
1870
1901
1926
1875
1856
1888
1883
1928
1875
1882
1879
1869
1878
1864
1854
1877
1891
1897
1856
1874
1929
1927
1880
1856
1871
1935
1865
1876
1864
1880
1871
1873
1876
1888
1864
1903
1895
1932
1876
1861
1858
1863
1876
1872
1885
1879
1888
1872
1868
1926
1907
1912
1939
1907
1878
1897
1870
1888
1933
1875
1880
1876
1871
1873
1880
1867
1869
1869
1902
1879
1890
1865
1895
1897
1877
1880
1868
1929
1871
1873
1891
1883
1887
1871
1849
1868
1870
1877
1870
1875
1861
1865
1868
1867
1876
1887
1877
1898
1875
1885
1873
1860
1892
1861
1883
1865
1856
1880
1873
1885
1874
1860
1867
1906
1872
1868
1867
1883
1861
1869
1855
1889
1860
1860
1866
1893
1889
1889
1918
1869
1871
1875
1880
1879
1880
1878
1878
1878
1885
1859
1933
1889
1863
1907
1904
1867
1901
1926
1877
1906
1897
1896
1874
1866
1893
1872
1907
1909
1869
1897
1874
1913
1878
1873
1880
1884
1865
1866
1871
1884
1866
1858
1866
1865
1932
1876
1868
1875
1886
1878
1876
1874
1882
1901
1881
1878
1860
1888
1889
1867
1885
1926
1895
1878
1873
1879
1878
1889
1853
1867
1875
1888
1869
1880
1875
1883
1902
1857
1871
1902
1890
1910
1882
1883
1885
1865
1865
1861
1874
1889
1889
1873
1880
1916
1921
1892
1891
1868
1867
1874
1897
1868
1886
1885
1899
1884
1900
1868
1856
1862
1862
1880
1863
1863
1861
1878
1861
1926
1869
1876
1894
1870
1888
1872
1875
1881
1876
1869
1861
1873
1855
1854
1873
1876
1887
1846
1921
1885
1893
1883
1866
1887
1885
1939
1901
1866
1894
1880
1871
1880
1868
1900
1876
1925
1873
1896
1888
1910
1938
1865
1878
1881
1873
1873
1871
1871
1869
1853
1871
1903
1920
1913
1896
1865
1850
1868
1876
1889
1884
1865
1862
1890
1882
1890
1876
1871
1894
1887
1853
1881
1872
1858
1877
1871
1876
1883
1855
1883
1860
1877
1852
1887
1850
1876
1865
1874
1881
1883
1881
1876
1879
1889
1867
1937
1936
1934
1898
1897
1940
1867
1862
1881
1897
1886
1880
1857
1862
1871
1850
1931
1891
1927
1908
1894
1932
1840
1876
1894
1880
1875
1885
1873
1885
1884
1888
1869
1881
1888
1858
1870
1870
1875
1883
1880
1873
1886
1884
1888
1879
1860
1878
1888
1876
1860
1875
1930
1873
1934
1903
1884
1871
1848
1867
1875
1867
1895
1872
1869
1879
1865
1868
1874
1862
1869
1892
1858
1865
1861
1853
1892
1889
1866
1868
1872
1902
1863
1873
1898
1884
1895
1852
1881
1866
1860
1891
1886
1896
1904
1866
1871
1880
1856
1878
1884
1885
1862
1855
1875
1880
1894
1880
1865
1899
1862
1925
1895
1924
1936
1939
1903
1899
1937
1865
1906
1895
1892
1932
1899
1868
1908
1868
1922
1867
1884
1877
1872
1885
1852
1881
1874
1870
1895
1871
1864
1867
1885
1892
1923
1885
1868
1869
1862
1862
1863
1907
1874
1852
1853
1867
1864
1859
1855
1860
1888
1873
1853
1861
1866
1866
1884
1863
1874
1886
1859
1867
1853
1868
1869
1877
1869
1866
1929
1872
1900
1877
1873
1878
1931
1866
1896
1890
1857
1871
1887
1860
1885
1912
1887
1891
1878
1887
1876
1860
1891
1873
1874
1866
1869
1869
1879
1861
1902
1900
1866
1889
1848
1882
1873
1858
1902
1878
1870
1867
1881
1870
1839
1887
1910
1858
1891
1885
1867
1868
1894
1852
1876
1853
1869
1872
1891
1873
1894
1923
1884
1881
1879
1862
1886
1895
1883
1872
1866
1905
1880
1878
1879
1904
1873
1880
1878
1878
1883
1874
1861
1857
1904
1856
1885
1874
1872
1858
1878
1868
1876
1875
1910
1873
1875
1882
1864
1882
1878
1880
1876
1886
1871
1885
1856
1859
1880
1876
1872
1874
1875
1878
1879
1923
1893
1859
1888
1865
1896
1888
1868
1866
1878
1882
1883
1887
1881
1884
1878
1885
1857
1905
1888
1874
1867
1925
1934
1897
1884
1863
1874
1909
1889
1871
1899
1878
1922
1901
1891
1923
1890
1900
1887
1909
1924
1935
1872
1862
1883
1893
1867
1898
1870
1867
1851
1857
1855
1888
1877
1908
1885
1877
1905
1872
1880
1903
1873
1876
1900
1878
1900
1874
1873
1891
1910
1869
1882
1870
1862
1874
1860
1874
1870
1889
1911
1935
1879
1926
1896
1890
1888
1870
1938
1862
1870
1913
1940
1900
1873
1901
1917
1895
1852
1877
1892
1865
1869
1878
1881
1878
1881
1883
1886
1890
1926
1902
1896
1896
1879
1933
1862
1868
1863
1871
1855
1874
1868
1862
1856
1877
1902
1875
1878
1882
1879
1873
1862
1862
1869
1872
1889
1859
1867
1869
1924
1857
1867
1863
1886
1873
1857
1857
1888
1859
1871
1883
1902
1875
1890
1875
1863
1873
1879
1855
1872
1871
1879
1876
1882
1860
1912
1895
1904
1890
1878
1873
1882
1859
1865
1883
1850
1888
1938
1869
1877
1878
1853
1884
1859
1871
1884
1864
1882
1875
1887
1873
1859
1856
1865
1883
1887
1872
1921
1889
1893
1877
1864
1888
1857
1926
1888
1878
1879
1861
1871
1881
1853
1854
1866
1886
1894
1855
1848
1890
1874
1880
1909
1878
1881
1859
1888
1875
1910
1895
1882
1880
1867
1922
1897
1875
1887
1910
1886
1892
1891
1875
1910
1886
1872
1876
1875
1857
1894
1850
1884
1875
1854
1867
1876
1873
1902
1875
1874
1875
1861
1880
1889
1914
1890
1876
1895
1879
1925
1864
1860
1903
1869
1895
1870
1881
1869
1901
1922
1885
1867
1870
1876
1865
1876
1887
1886
1858
1889
1910
1876
1890
1875
1869
1880
1871
1925
1877
1871
1875
1879
1862
1858
1889
1890
1874
1859
1874
1937
1900
1919
1894
1873
1860
1892
1896
1852
1879
1932
1919
1877
1873
1939
1863
1899
1885
1886
1893
1923
1875
1896
1863
1861
1867
1861
1888
1894
1874
1891
1883
1882
1881
1899
1860
1887
1886
1881
1919
1853
1898
1904
1888
1885
1922
1865
1871
1922
1895
1871
1873
1881
1901
1882
1855
1867
1856
1864
1873
1897
1865
1863
1890
1892
1879
1878
1877
1874
1887
1874
1862
1893
1892
1893
1894
1926
1884
1870
1878
1868
1871
1869
1887
1894
1861
1903
1880
1878
1868
1871
1895
1920
1854
1930
1893
1925
1894
1903
1872
1896
1901
1872
1899
1865
1873
1886
1904
1868
1902
1883
1876
1897
1883
1865
1881
1873
1875
1876
1905
1900
1904
1896
1871
1915
1921
1870
1862
1867
1883
1862
1857
1870
1883
1869
1878
1897
1868
1869
1857
1876
1868
1878
1901
1859
1880
1885
1879
1858
1877
1895
1903
1881
1867
1846
1870
1872
1892
1885
1860
1883
1880
1890
1878
1876
1874
1882
1925
1891
1867
1867
1862
1915
1882
1898
1859
1862
1865
1858
1866
1869
1858
1899
1895
1896
1919
1901
1854
1871
1890
1875
1865
1891
1882
1844
1867
1900
1889
1872
1875
1881
1920
1891
1887
1875
1883
1880
1880
1874
1876
1888
1893
1852
1881
1883
1856
1882
1887
1913
1875
1873
1857
1863
1888
1896
1201
1863
1859
1919
1890
1874
1851
1923
1894
1891
1883
1891
1879
1880
1864
1862
1883
1872
1918
1893
1920
1890
1859
1881
1880
1867
1924
1862
1882
1874
1877
1871
1882
1871
1875
1874
1867
1870
1891
1898
1871
1898
1926
1873
1900
1861
1854
1861
1882
1868
1881
1875
1866
1858
1883
1874
1867
1854
1868
1867
1873
1883
1862
1884
1896
1883
1896
1870
1905
1904
1933
1859
1851
1876
1888
1863
1885
1887
1869
1864
1867
1858
1865
1904
1894
1897
1866
1871
1872
1895
1872
1884
1875
1881
1879
1885
1925
1895
1881
1882
1866
1887
1850
1878
1889
1866
1888
1847
1924
1877
1021
1885
1878
1885
1872
1924
1870
1883
1879
1869
1871
1887
1888
1887
1869
1885
1872
1856
1913
1893
1917
1873
1874
1876
1862
1857
1852
1859
1885
1902
1900
1880
1885
1883
1882
1886
1873
1906
1876
1913
1866
1877
1855
1878
1866
1872
1868
1927
1893
1899
1859
1927
1896
1886
1869
1875
1867
1871
1884
1879
1887
1865
1912
1888
1885
1916
1855
1862
1869
1864
1874
1867
1867
1871
1897
1894
1895
1864
1890
1873
1885
1868
1873
1867
1888
1845
1925
1855
1922
1865
1881
1895
1868
1870
1865
1923
1863
1901
1871
1897
1871
1871
1894
1876
1901
1874
1888
1907
1878
1909
1870
1869
1872
1882
1863
1865
1859
1905
1877
1874
1891
1864
1863
1883
1904
1893
1871
1910
1877
1860
1882
1870
1883
1885
1867
1930
1888
1878
1876
1924
1880
1872
1854
1864
1866
1889
1897
1885
1870
1848
1865
1861
1872
1878
1904
1871
1869
1870
1877
1871
1880
1878
1874
1885
1855
1875
1876
1872
1870
1873
1868
1880
1863
1876
1895
1906
1861
1865
1874
1905
1883
1887
1897
1920
1916
1883
1869
1887
1874
1878
1881
1871
1906
1880
1909
1874
1926
1869
1860
1855
1928
1866
1881
1873
1867
1864
1889
1861
1872
1924
1921
1887
1883
1883
1894
1866
1911
1852
1905
1876
1881
1890
1883
1859
1860
1887
1884
1876
1860
1860
1856
1862
1895
1868
1891
1886
1854
1896
1893
1863
1882
1867
1874
1922
1903
1875
1871
1896
1882
1864
1863
1869
1880
1894
1877
1869
1874
1867
1863
1872
1911
1876
1868
1888
1925
1851
1859
1872
1897
1868
1885
1878
1879
1870
1866
1856
1871
1895
1879
1882
1901
1871
1864
1857
1878
1889
1890
1866
1862
1866
1889
1894
1870
1861
1892
1880
1890
1866
1870
1932
1860
1881
1873
1869
1923
1859
1905
1878
1855
1898
1861
1883
1872
1858
1886
1906
1865
1861
1860
1866
1883
1874
1877
1869
1882
1874
1887
1921
1857
1924
1877
1857
1857
1898
1862
1877
1895
1936
1898
1872
1892
1874
1908
1913
1894
1870
1859
1864
1861
1899
1901
1868
1874
1897
1855
1864
1928
1908
1865
1901
1854
1888
1922
1872
1880
1882
1859
1914
1879
1866
1880
1860
1852
1866
1864
1880
1859
1939
1913
1865
1900
1932
1870
1936
1934
1925
1891
1869
1884
1862
1928
1886
1922
1932
1874
1881
1877
1878
1857
1862
1865
1883
1879
1879
1869
1857
1877
1883
1864
1866
1880
1893
1855
1867
1877
1861
1869
1871
1873
1924
1880
1869
1866
1875
1875
1864
1872
1865
1884
1869
1889
1870
1863
1899
1874
1887
1910
1882
1882
1854
1868
1883
1881
1870
1889
1869
1876
1855
1874
1847
1874
1906
1898
1891
1860
1887
1882
1870
1890
1885
1877
1880
1881
1868
1871
1891
1857
1867
1876
1887
1887
1921
1867
1880
1897
1923
1876
1868
1892
1882
1889
1855
1922
1875
1925
1852
1867
1890
1914
1889
1886
1879
1898
1880
1867
1871
1876
1874
1886
1880
1871
1870
1860
1874
1880
1882
1928
1928
1890
1874
1860
1870
1877
1857
1891
1919
1921
1923
1890
1858
1855
1894
1933
1890
1891
1875
1880
1904
1906
1897
1877
1925
1884
1889
1896
1903
1864
1868
1881
1873
1897
1871
1865
1889
1895
1921
1878
1864
1882
1927
1878
1869
1866
1887
1877
1885
1862
1928
1905
1929
1894
1885
1888
1858
1864
1857
1899
1866
1856
1850
1881
1889
1898
1884
1876
1883
1882
1871
1885
1896
1866
1891
1885
1924
1903
1903
1931
1909
1887
1884
1859
1867
1861
1874
1877
1889
1927
1887
1928
1880
1886
1927
1897
1931
1883
1921
1893
1885
1863
1859
1868
1870
1872
1862
1878
1918
1887
1869
1893
1880
1870
1875
1902
1904
1934
1869
1870
1868
1880
1878
1863
1903
1884
1894
1911
1876
1901
1871
1865
1876
1864
1923
1895
1896
1883
1887
1880
1884
1862
1898
1871
1859
1890
1856
1927
1898
1883
1880
1930
1933
1861
1920
1878
1911
1883
1878
1923
1888
1892
1867
1881
1881
1872
1860
1875
1878
1884
1892
1880
1889
1926
1896
1874
1879
1860
1860
1872
1861
1880
1892
1863
1874
1896
1877
1891
1862
1886
1895
1926
1861
1921
1850
1877
1880
1926
1873
1872
1861
1923
1888
1923
1888
1877
1891
1882
1894
1895
1923
1881
1883
1859
1872
1872
1871
1879
1890
1877
1865
1874
1864
1889
1875
1863
1890
1925
1879
1890
1885
1885
1884
1873
1865
1879
1852
1856
1886
1877
1899
1887
1894
1858
1884
1889
1880
1885
1878
1916
1880
1862
1879
1875
1876
1863
1937
1897
1869
1871
1875
1861
1907
1863
1885
1880
1884
1881
1866
1857
1875
1881
1859
1874
1869
1867
1880
1863
1925
1891
1888
1919
1858
1854
1859
1867
1898
1884
1858
1875
1863
1900
1868
1899
1879
1879
1869
1868
1872
1859
1856
1882
1879
1875
1887
1876
1865
1881
1887
1881
1890
1886
1863
1890
1879
1885
1886
1853
1855
1904
1890
1913
1881
1856
1863
1871
1869
1860
1858
1856
1922
1860
1896
1857
1850
1852
1901
1863
1895
1896
1888
1895
1864
1925
1875
1890
1891
1881
1868
1867
1901
1872
1868
1919
1877
1851
1895
1870
1867
1892
1862
1861
1870
1873
1872
1882
1883
1881
1881
1872
1912
1884
1882
1885
1930
1937
1863
1883
1884
1893
1884
1877
1866
1922
1856
1878
1877
1886
1921
1881
1889
1898
1893
1863
1878
1869
1923
1862
1872
1857
1899
1891
1893
1891
1889
1868
1870
1870
1893
1875
1897
1882
1860
1872
1888
1893
1902
1894
1884
1896
1922
1883
1925
1868
1887
1889
1881
1877
1877
1912
1868
1897
1892
1861
1863
1879
1878
1869
1871
1889
1879
1879
1923
1920
1909
1877
1877
1892
1867
1870
1899
1868
1872
1871
1882
1890
1897
1895
1925
1889
1885
1882
1895
1881
1879
1880
1922
1923
1898
1889
1890
1878
1887
1924
1888
1890
1874
1877
1866
1875
1913
1883
1892
1890
1864
1910
1932
1881
1885
1890
1889
1879
1881
1862
1874
1880
1920
1882
1892
1888
1869
1887
1900
1880
1889
1878
1882
1890
1871
1893
1858
1876
1859
1873
1884
1872
1911
1881
1882
1895
1884
1892
1924
1926
1863
1855
1896
1867
1865
1854
1853
1927
1897
1893
1873
1918
1896
1885
1890
1892
1876
1877
1880
1931
1864
1886
1866
1854
1869
1905
1908
1866
1909
1930
1884
1930
1896
1894
1936
1874
1867
1887
1894
1887
1893
1869
1856
1867
1909
1884
1902
1873
1925
1894
1923
1927
1903
1870
1872
1912
1877
1878
1905
1867
1895
1869
1885
1878
1884
1875
1875
1878
1897
1885
1880
1902
1921
1863
1891
1861
1923
1854
1873
1875
1897
1896
1881
1882
1886
1898
1892
1915
1887
1880
1877
1885
1875
1871
1888
1872
1883
1895
1864
1875
1876
1873
1881
1888
1881
1883
1894
1876
1871
1870
1857
1858
1876
1872
1880
1887
1867
1883
1880
1869
1894
1880
1853
1874
1877
1885
1923
1896
1891
1894
1865
1868
1873
1859
1180
1871
1862
1881
1852
1884
1895
1880
1921
1925
1848
1929
1887
1864
1866
1895
1888
1878
1881
1878
1867
1853
1863
1859
1887
1888
1865
1881
1884
1884
1854
1881
1858
1860
1848
1875
1882
1878
1892
1867
1936
1908
1931
1904
1869
1891
1880
1856
1882
1869
1877
1858
1923
1894
1869
1886
1899
1850
1875
1867
1876
1884
1852
1888
1927
1870
1890
1896
1873
1870
1893
1914
1871
1861
1861
1875
1881
1867
1890
1864
1861
1860
1933
1857
1890
1870
1890
1860
1864
1921
1926
1870
1876
1908
1928
1872
1894
1925
1880
1886
1909
1893
1911
1890
1866
1861
1889
1878
1875
1852
1869
1898
1903
1901
1875
1871
1882
1906
1896
1896
1873
1879
1871
1886
1880
1875
1881
1880
1925
1893
1889
1878
1857
1857
1879
1879
1867
1908
1878
1905
1854
1890
1881
1878
1920
1864
1891
1922
1892
1858
1871
1909
1869
1892
1878
1875
1894
1857
1855
1863
1867
1869
1867
1901
1874
1849
1921
1879
1883
1891
1926
1919
1883
1924
1893
1854
1887
1865
1884
1872
1876
1874
1924
1887
1890
1876
1877
1916
1905
1874
1867
1863
1892
1868
1908
1914
1882
1872
1869
1881
1850
1878
1882
1860
1898
1898
1861
1875
1870
1860
1908
1890
1880
1887
1875
1878
1878
1896
1897
1880
1866
1876
1901
1863
1861
1882
1866
1876
1886
1878
1883
1875
1853
1902
1879
1882
1869
1856
1874
1854
1879
1867
1904
1876
1854
1874
1882
1882
1852
1900
1869
1878
1884
1899
1900
1871
1904
1878
1857
1873
1919
1887
1883
1861
1874
1879
1904
1875
1871
1867
1899
1904
1899
1879
1851
1857
1858
1849
1861
1884
1884
1881
1866
1873
1877
1887
1908
1858
1869
1873
1867
1878
1881
1922
1926
1896
1901
1882
1883
1894
1867
1870
1860
1881
1904
1853
1877
1865
1907
1871
1923
1894
1901
1899
1881
1859
1878
1872
1900
1865
1871
1884
1886
1894
1939
1900
1879
1877
1888
1875
1892
1881
1873
1878
1869
1892
1897
1893
1899
1856
1879
1891
1923
1893
1887
1865
1898
1898
1867
1885
1891
1872
1923
1870
1857
1874
1905
1873
1881
1874
1856
1868
1868
1869
1890
1920
1889
1874
1893
1865
1892
1899
1936
1905
1899
1905
1889
1936
1935
1873
1934
1856
1930
1908
1881
1888
1852
1863
1901
1867
1919
1882
1853
1862
1868
1879
1890
1872
1858
1885
1902
1918
1924
1885
1909
1881
1874
1874
1868
1875
1871
1884
1882
1872
1905
1873
1903
1899
1872
1884
1899
1897
1872
1886
1858
1885
1878
1863
1878
1880
1878
1870
1893
1871
1896
1901
1939
1882
1900
1903
1871
1893
1892
1859
1863
1897
1874
1862
1895
1873
1850
1874
1869
1885
1885
1866
1862
1872
1863
1897
1888
1890
1862
1848
1859
1883
1885
1864
1869
1891
1884
1863
1870
1864
1888
1925
1896
1868
1872
1890
1894
1928
1929
1859
1880
1864
1928
1898
1859
1930
1896
1902
1557
1875
