1924
1929
1928
1933
1896
1869
1875
1861
1919
1916
1883
1877
1917
1875
1875
1906
1939
1940
1932
1902
1912
1900
1935
1919
1889
1891
1926
1866
1923
1865
1919
1895
1922
1927
1929
1903
1931
1908
1910
1900
1899
1888
1925
1871
1877
1874
1913
1937
1863
1885
1922
1920
1927
1888
1926
1890
1920
1907
1884
1921
1891
1916
1938
1923
1912
1934
1930
1922
1920
1891
1939
1892
1926
1917
1915
1884
1892
1922
1931
1926
1913
1897
1926
1930
1894
1925
1935
1875
1872
1896
1892
1891
1932
1916
1922
1925
1919
1931
1886
1895
1931
1936
1908
1929
1927
1901
