1901
1932
1928
1894
1929
1888
1883
1933
1936
1904
1907
1930
1927
1862
1876
1914
1919
1932
1925
1921
1928
1912
1887
1925
1917
1921
1915
1888
1919
1935
1905
1930
1895
1925
1927
1884
1894
1897
1870
1933
1934
1930
1931
1888
1886
1894
1930
1928
1936
1902
1923
1917
1919
1928
1892
1891
1894
1924
1932
1893
1891
1921
1917
1929
1921
1879
1874
1906
1915
1887
1925
1923
1906
1907
1911
1878
1878
1888
1899
1881
1925
1917
1885
1878
1859
1899
1888
1925
1890
1881
1889
1862
1867
1879
1867
1865
1905
1898
1890
1887
1895
1925
1922
1929
1933
1887
1883
1888
1924
1876
1921
1886
1883
1888
1885
1924
