1879
1883
1905
1935
1939
1905
1908
1873
1873
1913
1917
1902
1913
1893
1893
1926
1927
1924
1929
1929
1909
1933
1934
1931
1900
1921
1923
1888
1875
1877
1885
1880
1900
1925
1932
1937
1927
1895
1898
1907
1911
1911
1932
1924
1937
1922
1922
1932
1935
1937
1905
1910
1913
1894
1904
1878
1905
1916
1896
1932
1899
1927
1899
1923
1925
1907
1939
1922
1904
1910
1910
1918
1889
1924
1940
1905
1889
1909
1910
1937
1900
1900
1866
1868
1879
1877
1942
1919
1911
1915
1901
1911
1921
1900
1900
1922
1932
1937
1908
1900
1930
1910
1885
1899
1919
1912
1922
1890
1920
1884
1908
1877
1888
1900
1900
1895
1900
1900
1921
1923
1887
1922
1919
1912
1882
1907
1916
1878
1900
1907
1908
1904
1936
1888
1888
1929
1897
1898
1928
1900
1938
1907
1924
1928
1930
1919
1899
1875
1940
1939
1914
1904
1912
1938
1918
1903
1903
1931
1891
1931
1927
1925
1921
1904
1925
1927
1925
1884
1894
1909
1921
1919
1904
1924
1924
1891
1926
1895
1897
1918
1920
1923
1891
1925
1933
1928
1914
1940
1915
1909
1924
1921
1919
1910
1917
1912
1902
1930
1927
1914
1927
1883
1942
1900
1900
1925
1926
1897
1895
1919
1887
1919
1939
1905
1907
1900
1924
1888
1923
1916
1878
1893
1919
1893
1935
1905
1916
1926
1926
1903
1870
1905
1900
1929
1926
1897
1924
1896
1932
1926
1891
1910
1910
1940
1936
