1920
1884
1891
1927
1879
1901
1940
1938
1916
1909
1894
1937
1905
1902
1898
1879
1908
1924
1929
1896
1922
1904
1936
1911
1915
1896
1916
1918
1919
1913
1915
1925
1884
1904
1902
1931
1934
1928
1906
1925
1868
1897
1890
1885
1883
1889
1911
1912
1912
1912
1938
1877
1877
1883
1888
1882
1935
1929
1903
1934
1938
1903
1930
1937
1900
1935
1925
1894
1908
1917
1891
1881
1905
1937
1905
1931
1889
1905
1904
1921
1906
1897
1923
1892
1930
1924
1902
1902
1928
1884
1908
1885
1895
1861
1912
1938
1910
1896
1893
1923
1866
1894
1919
1894
1921
1923
1910
1866
1918
1927
1890
1925
1900
1900
1885
1871
1871
1895
1926
1921
1890
1890
1882
1940
1935
1934
1911
1931
1898
1890
1882
1923
1920
1876
1884
1886
1882
1887
1900
1885
1908
1906
1879
1882
1878
1899
1906
1910
1918
1925
1921
1892
1924
1890
1917
1876
1909
1879
1873
1897
1932
1902
1939
1927
1933
1889
1889
1900
1884
1914
1889
1884
1869
1887
1883
1930
1880
1889
1877
1872
1877
1872
1902
1928
1901
1923
1891
1927
1900
1877
1923
1926
1893
1933
1884
1882
1897
1904
1932
1929
1929
1896
1912
1926
1878
1923
1922
1893
1909
1910
1909
1880
1940
1913
1935
1876
1937
1935
1902
1900
1930
1926
1897
1898
1928
