1923
1886
1901
1869
1888
1911
1886
1888
1926
1921
1934
1932
1906
1866
1930
1903
1901
1916
1878
1920
1922
1880
1897
1879
1913
1887
1930
1933
1928
1909
1934
1902
1939
1903
1912
1937
1927
1897
1896
1931
1906
1894
1918
1880
1875
1922
1914
1909
1899
1887
1931
1931
1889
1923
1891
1904
1929
1904
1926
1878
1901
1911
1874
1876
1914
1928
1902
1891
1895
1935
1922
1915
1911
1903
1933
1907
1876
1904
1913
1922
1925
1884
1881
1892
1885
1937
1908
1912
1880
1894
1934
1928
1893
1923
1892
1918
1923
1891
1885
1929
1888
1923
1925
1913
1930
1905
1931
1899
1912
1922
1916
1914
1917
1884
1920
1913
1923
1924
1921
1888
1919
1933
1904
1930
1915
1937
1910
1893
1907
1937
1912
1884
1913
1923
1921
1886
1892
1928
1926
1931
1934
1891
1891
1908
1902
1904
1899
1892
1897
1928
1878
1906
1921
1893
1898
1924
1897
1930
1898
1923
