1910
1910
1861
1861
1918
1918
1880
1880
1921
1921
1882
1882
1874
1874
1866
1866
1894
1894
1937
1937
1910
1910
1905
1905
1885
1885
1880
1880
1925
1925
1938
1938
1896
1896
1934
1934
1923
1923
1911
1911
1937
1937
1879
1879
1909
1909
1910
1910
1926
1926
1927
1927
1924
1924
1897
1897
1900
1900
1913
1913
1871
1871
1878
1878
1920
1920
1925
1925
1923
1923
1885
1885
1888
1888
1869
1869
1876
1876
1880
1880
1890
1890
1889
1889
1922
1922
1914
1914
1923
1923
1865
1865
1928
1928
1938
1938
1907
1907
1871
1871
1873
1873
1876
1876
1938
1938
1915
1915
1940
1940
1930
1930
1927
1927
1893
1893
1914
1914
1887
1887
1898
1898
1928
1928
1932
1932
1896
1896
1926
1926
1921
1921
1920
1920
1923
1923
1888
1888
1891
1891
1916
1916
1933
1933
1895
1895
1896
1896
1926
1926
1928
1928
1931
1931
1938
1938
1932
1932
