1922
1922
1927
1927
1893
1893
1889
1889
1937
1937
1906
1906
1896
1896
1932
1932
1923
1923
1923
1923
1927
1927
1903
1932
1882
1884
1902
1903
1932
1882
1884
1902
1907
1907
1937
1937
1898
1898
1925
1925
1897
1897
1925
1925
1912
1912
1920
1920
1889
1889
1890
1890
1890
1890
1923
1923
1896
1896
1901
1901
1928
1928
1911
1911
1910
1910
1898
1898
1936
1936
1904
1904
1930
1930
1909
1909
1912
1912
1907
1907
1910
1910
1910
1910
1923
1923
1900
1900
1902
1902
1931
1931
1907
1907
1908
1908
1910
1910
1922
1922
1909
1909
1911
1911
1884
1884
1907
1907
1913
1913
1880
1880
1911
1911
1910
1910
1908
1908
1926
1926
1932
1932
1927
1927
1896
1896
1924
1924
1911
1911
1910
1910
