1875
1912
1881
1905
1923
1904
1894
1906
1894
1935
1910
1908
1898
1896
1923
1915
1886
1921
1885
1924
1926
1934
1926
1892
1893
1917
1876
1913
1924
1894
1920
1913
1910
1937
1902
1902
1923
1897
1880
1882
1903
1929
1929
1926
1887
1911
1923
1917
1909
1901
1935
1938
1889
1878
1910
1884
1920
1892
1903
1875
1889
1920
1899
1901
1934
1932
1911
1899
1875
1877
1931
1921
1935
1902
1905
1920
1915
1937
1902
1927
1937
1912
1906
1904
1912
1915
1904
1918
1918
1892
1892
1868
1818
1873
1910
1915
1939
1922
1883
1940
1911
1881
1921
1921
1925
1917
1889
1913
1914
1905
1905
1885
1884
1930
1932
1926
1917
1891
1920
1884
1912
1882
1905
1904
1937
1902
1934
1893
1915
1899
1886
1898
1909
1911
1894
1897
1882
1934
1932
1900
1926
1891
1903
1902
1938
1908
1940
1900
1913
1901
1876
1927
1925
1926
1913
1910
1909
1900
1884
1875
1914
1920
1926
1893
1892
1872
1908
1905
1931
1929
1903
1919
1886
1914
1928
1912
1908
1905
1884
1909
1923
1895
1923
1914
1892
1921
1924
1889
1913
1919
1909
1922
1890
1893
1892
1913
1913
1915
1899
1934
1938
1894
1890
1923
1934
1902
1929
1936
1907
1925
1919
1905
1912
1876
1938
1901
1937
1927
1932
1905
1935
1913
1909
1934
1936
1907
1888
1917
1882
1923
1928
1891
1918
1923
1895
1923
1894
1906
1904
1939
1930
1886
1928
1922
1915
1900
1932
1930
1901
1928
1899
1930
1933
1906
1928
1903
1905
1892
1899
1933
1901
1926
1935
1929
1888
1903
1908
1936
1934
1889
1878
1878
1904
1924
1930
1928
1900
1929
1908
1882
1929
1923
1921
1884
1919
1914
1925
1891
1884
1884
1920
1903
1938
1932
1908
1912
1920
1915
1921
1926
1927
1924
1887
1932
1925
1894
1937
1922
1907
1939
1940
1927
1923
1888
1906
1933
1913
1900
1924
1929
1932
1922
1920
1918
1890
1926
1909
1910
1877
1892
1902
1907
1910
1903
1901
1901
1925
1927
1923
1926
1910
1905
1902
1910
1919
1899
1890
1922
1926
1912
