1921
1921
1906
1906
1906
1906
1907
1907
1935
1935
1895
1895
1924
1924
1935
1935
1903
1903
1906
1906
1929
1929
1931
1931
1902
1902
1914
1914
1912
1912
1909
1909
1914
1914
1920
1920
1893
1893
1913
1913
1919
1919
1918
1918
1905
1905
1913
1913
1913
1913
1932
1932
1914
1914
1914
1914
1906
1906
1888
1888
1912
1912
1912
1912
1910
1910
1940
1940
1936
1936
1909
1909
1917
1917
1919
1919
1893
1893
1917
1917
1900
1900
1926
1926
1900
1900
1901
1901
1931
1931
1928
1928
1907
1907
1933
1933
1928
1928
1929
1929
1903
1903
1905
1905
