1926
1926
1899
1899
1906
1906
1898
1898
1906
1906
1912
1912
1923
1923
1918
1918
1917
1917
1901
1901
1923
1923
1919
1919
1929
1929
1928
1928
1925
1925
1934
1934
1897
1897
1904
1904
1897
1897
1904
1904
1908
1908
1928
1928
1912
1912
1929
1905
1905
1899
1899
1895
1895
1902
1902
1916
1916
1916
1916
1938
1938
1912
1912
1909
1909
1913
1913
1905
1905
1930
1930
1906
1906
1933
1933
1923
1923
1926
1926
1911
1911
1925
1925
1924
1924
1918
1918
1926
1926
1919
1919
1915
1915
1904
1904
1921
1921
1922
1922
1913
1913
1924
1924
1926
1926
1926
1926
1903
1903
1888
1888
1926
1926
1927
1927
1890
1890
1920
1920
1923
1923
1896
1896
1900
1900
1928
1928
1925
1925
1898
1898
1910
1910
1910
1910
1883
1883
1923
1880
1880
1916
1916
1913
1905
1905
1908
1905
1905
1903
1903
1915
1915
1913
1913
1907
1907
1928
1928
1904
1904
1903
1903
1909
1909
1906
1906
1910
1910
1944
1944
1909
1909
1898
1898
1906
1906
1918
1918
1925
1925
1889
1889
1916
1916
1923
1923
1913
1913
1924
1924
1903
1903
1920
1920
1910
1910
1897
1897
1938
1938
1910
1910
1924
1924
1928
1928
1939
1939
1917
1917
1913
1913
1921
1921
