1909
1936
1939
1904
1922
1913
1884
1925
1928
1931
1901
1939
1903
1930
1909
1867
1909
1897
1921
1918
1892
1922
1894
1896
1877
1886
1924
1884
1911
1913
1909
1921
1909
1882
1915
1907
1909
1939
1931
1904
1901
1938
1907
1935
1931
1926
1920
1890
1930
1928
1888
1898
1895
1890
1907
1903
1923
1919
1879
1902
1898
1927
1934
1901
1902
1929
1914
1912
1940
1913
1929
1931
1923
1919
1888
1921
1895
1926
1939
1915
1923
1924
1902
1923
1890
1892
1892
1921
1892
1919
1871
1915
1878
1868
1912
1915
1895
1917
1897
1897
1923
1893
1925
1890
1902
1940
1925
1902
1926
1923
1891
1888
1924
1921
1873
1926
1924
1922
1920
1924
1882
1914
1876
1920
1907
1909
1913
1898
1937
1892
1910
1864
1935
1932
1809
1909
1904
1914
1882
1865
1922
1894
1910
1918
1928
1935
1907
1932
