1902
1889
1895
1909
1899
1897
1901
1890
1896
1897
1922
1900
1892
1912
1894
1908
1894
1894
1908
1903
1909
1907
1898
1888
1886
1900
1909
1906
1912
1909
1905
1917
1903
1916
1897
1893
1910
1905
1915
1886
1902
1906
1897
1910
1895
1886
1902
1909
1895
1893
1893
1910
1905
1899
1910
1902
1912
1902
1883
1898
1902
1902
1904
1905
1896
1882
1905
1897
1902
1912
1884
1892
1899
1912
1899
1913
1907
1893
1905
1893
1907
1904
1896
1915
1903
1909
1909
1910
1883
1909
1885
1908
1888
1890
1886
1899
1913
1901
1912
1902
1909
1884
1913
1894
1910
1896
1908
1893
1892
1892
1902
1891
1882
1898
1899
1909
1900
1891
1901
1920
1903
1908
1896
1901
1893
1913
1900
1912
1882
1887
1895
1903
1898
1907
1904
1910
1906
1907
1901
1897
1893
1908
1904
1903
1897
1897
1892
1887
1908
1918
1895
1901
1888
1906
1904
1902
1893
1894
1911
1903
1900
1900
1907
1892
1902
1905
1895
1882
1902
1895
1901
1922
1911
1886
1901
1910
1899
1897
1892
1899
1894
1900
1902
1901
1896
1915
1882
1910
1914
1892
1901
1897
1897
1911
1907
1909
1906
1905
1910
1887
1894
1906
1914
1888
1897
1906
1898
1904
1899
1886
1912
1889
1883
1905
1892
1884
1910
1900
1896
1891
1895
1899
1906
1897
1886
1898
1900
1907
1883
1913
1909
1883
1904
1899
1902
1895
1899
1901
1909
1890
1896
1901
1919
1902
1893
1914
1907
1912
1915
1884
1906
1889
1918
1919
1907
1893
1904
1893
1913
1883
1899
1904
1910
1882
1909
1904
1900
1897
1903
1899
1896
1895
1899
1889
1908
1889
1906
1888
1897
1904
1900
1902
1891
1922
1919
1911
1913
1899
1901
1909
1894
1900
1895
1897
1889
1901
1913
1897
1906
1899
1919
1899
1895
1890
1896
1900
1897
1867
1898
1878
1895
1911
1894
1907
1909
1910
1888
1867
1908
1901
1904
1888
1870
1889
1909
1906
1911
1901
1887
1894
1894
1903
1906
1897
1913
1901
1894
1906
1910
1921
1904
1897
1912
1894
1914
1886
1885
1888
1903
1905
1903
1894
1894
1902
1898
1907
1893
1916
1905
1912
1895
1887
1894
1908
1914
1894
1921
1893
1891
1910
1888
1898
1900
1914
1916
1894
1912
1903
1907
1905
1900
1903
1897
1900
1884
1892
1893
1898
1895
1897
1892
1920
1891
1886
1908
1885
1904
1894
1891
1906
1912
1895
1900
1908
1901
1918
1888
1901
1896
1910
1906
1907
1908
1898
1911
1897
1901
1895
1890
1891
1892
1892
1891
1911
1917
1886
1909
1916
1899
1906
1902
1905
1919
1900
1905
1893
1893
1902
1912
1907
1904
1906
1922
1908
1895
1900
1900
1908
1912
1897
1914
1900
1911
1894
1895
1877
1907
1902
1904
1888
1913
1901
1891
1908
1905
1909
1912
1888
1896
1910
1895
1894
1895
1898
1905
1908
1912
1914
1907
1906
1904
1909
1902
1918
1895
1897
1894
1906
1875
1912
1887
1899
1899
1886
1894
1911
1899
1899
1908
1891
1903
1898
1923
1904
1899
1915
1918
1901
1904
1905
1905
1899
1894
1896
1910
1906
1910
1912
1895
1904
1891
1901
1886
1903
1913
1893
1893
1884
1906
1912
1915
1908
1906
1902
1899
1884
1888
1893
1880
1914
1911
1887
1911
1905
1911
1913
1897
1895
1907
1903
1908
1915
1890
1909
1910
1890
1909
1893
1901
1890
1893
1907
1906
1879
1903
1900
1912
1914
1891
1911
1890
1902
1911
1903
1881
1906
1897
1888
1904
1917
1908
1906
1922
1901
1918
1890
1904
1897
1908
1895
1906
1891
1906
1901
1884
1906
1910
1914
1894
1906
1901
1921
1896
1897
1898
1885
1909
1904
1912
1901
1905
1882
1894
1913
1883
1903
1911
1913
1877
1905
1903
1897
1899
1889
1916
1902
1907
1906
1887
1910
1910
1887
1910
1914
1911
1895
1895
1904
1905
1910
1909
1908
1903
1902
1895
1904
1906
1901
1915
1903
1903
1905
1911
1916
1909
1911
1895
1913
1899
1896
1910
1891
1905
1891
1907
1895
1908
1912
1904
1900
1910
1892
1890
1879
1905
1901
1903
1893
1895
1889
1892
1909
1907
1897
1898
1894
1904
1905
1901
1907
1906
1901
1910
1909
1906
1890
1897
1887
1896
1896
1898
1898
1912
1893
1892
1885
1908
1905
1898
1910
1898
1905
1903
1896
1906
1887
1899
1908
1915
1908
1907
1891
1906
1897
1895
1912
