1920
1922
1918
1904
1919
1922
1919
1910
1922
1903
1922
1907
1900
1921
1921
1908
1913
1914
1913
1917
1915
1920
1914
1915
1912
1912
1923
1922
1919
1925
1919
1922
1913
1908
1922
1918
1923
1924
1924
1911
1924
1900
1919
1909
1920
1910
1917
1908
1910
1919
1912
1924
1907
1921
1924
1922
1924
1922
1900
1923
1923
1920
1910
1923
1921
1923
1922
1922
1906
1922
1912
1922
1913
1910
1921
1920
1921
1922
1910
1922
1919
1917
1917
1922
1923
1924
1898
1913
1920
1923
1922
1923
1920
1920
1913
1910
1919
1908
1920
1921
1920
1913
1922
1926
1884
1924
1909
1919
1920
1905
1914
1913
1924
1914
1923
1914
1918
1917
1919
1921
1908
1915
1909
1921
1921
1920
1920
1921
1921
1921
1922
1910
1901
1923
1910
1909
1922
1922
1903
1923
1904
1916
1920
1924
1903
1923
1920
1919
1919
1914
1918
1912
1914
1922
1917
1910
1922
1904
1923
1921
1924
1912
1923
1920
1913
1923
1924
1923
1907
1921
1922
1924
1921
1907
1924
1919
1920
1903
1913
1920
1921
1921
1922
1911
1911
1923
1918
1921
1918
1920
1923
1924
1913
1921
1919
1922
