1898
1898
1899
1899
1922
1922
1901
1901
1935
1935
1909
1909
1917
1917
1891
1891
1914
1914
1915
1915
1939
1939
1936
1936
1895
1895
1879
1879
1923
1923
1916
1916
1935
1935
1929
1929
1903
1903
1925
1925
1921
1921
1901
1901
1915
1915
1919
1919
1915
1915
1923
1923
1923
1923
1930
1930
1919
1919
1923
1923
1925
1925
1923
1923
1900
1900
1913
1913
1927
1927
1885
1885
1914
1914
1914
1914
1884
1884
1911
1911
1901
1901
1896
1896
1922
1922
1907
1907
1923
1923
1935
1935
1905
1905
1908
1908
1935
1935
1898
1898
1893
1893
1907
1907
1940
1940
1906
1906
1908
1908
1884
1884
1921
1921
1894
1894
1927
1927
1923
1923
1869
1869
1912
1912
1941
1941
1914
1914
1908
1908
1910
1910
1895
1895
1909
1909
1929
1929
1934
1934
1912
1912
1875
1875
1915
1915
1918
1918
1908
1908
1902
1902
1937
1937
1926
1926
1914
1914
1925
1925
1931
1931
1906
1906
1884
1884
1909
1909
1918
1918
1920
1920
1906
1906
1928
1928
1891
1891
1864
1864
1921
1921
1910
1910
1934
1934
1908
1908
1929
1929
1923
1923
1926
1926
1897
1897
1909
1909
1898
1898
1888
1888
1920
1920
1925
1925
1878
1878
1918
1918
1906
1906
1926
1926
1890
1890
1920
1920
1918
1918
1923
1923
1882
1882
1910
1910
1906
1906
1895
1895
1895
1895
1889
1889
1880
1880
1895
1895
1896
1896
1927
1927
1923
1923
1907
1907
1932
1932
1930
1930
1898
1898
1886
1886
1871
1871
1884
1884
1904
1904
1919
1919
1925
1925
1891
1891
1923
1923
1921
1921
1926
1926
1929
1929
1937
1937
1904
1904
1904
1904
1910
1910
1925
1925
1922
1922
1923
1923
1938
1938
1910
1910
1911
1911
1930
1930
1928
1928
1924
1924
1935
1935
1924
1924
1921
1921
1921
1921
1926
1926
1893
1893
1889
1889
1929
1929
1931
1931
1890
1890
1922
1922
1891
1891
1910
1910
1922
1922
1913
1913
1907
1907
1917
1917
1905
1905
1907
1907
1930
1930
1896
1896
1923
1923
1898
1898
1928
1928
1899
1899
1902
1902
1898
1898
1931
1931
1898
1898
1894
1894
1908
1908
1903
1903
1879
1879
1868
1868
1916
1916
1938
1938
1906
1906
1925
1925
1939
1939
1910
1910
1937
1937
1911
1911
1903
1903
1932
1932
1904
1904
1913
1913
1879
1879
1877
1877
1922
1922
1908
1908
1902
1902
1902
1902
1902
1902
1922
1922
1893
1893
1926
1926
1935
1935
1907
1907
1933
1933
1912
1912
1912
1912
1915
1915
1921
1921
1937
1937
1922
1922
1942
1942
1907
1907
1878
1878
1880
1880
1914
1914
1914
1914
1889
1889
1912
1912
1909
1909
1909
1909
1937
1937
1889
1889
1923
1923
1889
1889
1920
1920
1910
1910
1916
1916
1900
1900
1901
1901
1904
1904
1918
1918
1929
1929
1934
1934
1900
1900
1937
1937
1927
1927
1925
1925
1904
1904
1882
1882
