1909
1896
1883
1894
1882
1880
1938
1911
1911
1927
1912
1908
1938
1904
1924
1905
1902
1937
1934
1900
1926
1928
1932
1923
1923
1919
1932
1936
1930
1928
1906
1904
1897
1915
1890
1930
1925
1926
1904
1873
1873
1920
1898
1900
1918
1886
1904
1919
1934
1907
1926
1886
1907
1886
1897
1896
1917
1939
1913
1931
1903
1938
1908
1938
1942
1911
1908
1921
1915
1924
1895
1902
1908
1904
1916
1892
1934
1926
1928
1932
1912
1898
1893
1938
1902
1884
1923
1918
1906
1928
1893
1920
1928
1918
1924
1893
1921
1904
1902
1930
1928
1895
1924
1900
1866
1919
1921
1904
1893
1930
1923
1908
1932
1926
1929
1916
1895
1897
1912
1906
1873
1904
1919
1893
1897
1928
1891
1883
1917
1919
1915
1884
1925
1886
1928
1938
1886
1919
1910
1912
1918
1926
1921
1926
1932
1902
1936
1934
1911
1916
1905
1905
1877
1904
1877
1923
1922
1909
1912
1927
1925
1923
1888
1911
1927
1930
1902
1924
1932
1896
1896
1928
1930
1923
1932
1930
1925
1923
1928
1911
1873
1934
1909
1905
1933
1864
1933
1906
1905
1923
1920
1890
1884
1915
1921
1918
1891
1919
1923
1906
1904
1931
1924
1922
1925
1929
1887
1893
1920
1934
1925
1927
1935
1891
1892
1916
1916
1908
1910
1880
1882
1916
1911
1914
1926
1896
1900
1925
1882
1907
1911
1920
1875
1915
1907
1898
1930
1874
1874
1874
1914
1864
1888
1880
1890
1913
1914
1924
1880
1901
1901
1896
1920
1903
1922
1924
1914
1907
1898
1880
1920
1901
1924
1920
1918
1919
1905
