1902
1929
1892
1875
1909
1927
1931
1897
1923
1919
1914
1913
1873
1912
1926
1922
1915
1911
1883
1888
1930
1926
1929
1917
1882
1879
1909
1879
1906
1891
1927
1924
1928
1920
1911
1884
1929
1918
1929
1892
1903
1891
1885
1913
1919
1929
1899
1906
1911
1923
1927
1916
1901
1905
1931
1920
1930
1905
1923
1888
1897
1932
1929
1906
1926
1943
1897
1896
1924
1928
1919
1925
1907
1912
1936
1905
1882
1915
1920
1888
1925
1909
1908
1937
1927
1924
1870
1892
1898
1890
1926
1938
1907
1929
1898
1925
1921
1916
1924
1914
1936
1931
1912
1901
1910
1900
1930
1931
1907
1928
1926
1907
1923
1903
1939
1903
1943
1907
1904
1931
1932
1934
1934
1912
1894
1903
1924
1927
1927
1911
1901
1938
1932
1905
1900
1896
1894
1923
1926
1893
1912
1920
1884
1908
1908
1936
1917
1919
1917
1903
1915
1908
