1916
1916
1867
1867
1920
1920
1897
1897
1907
1907
1890
1890
1867
1867
1902
1902
1930
1930
1879
1879
1932
1932
1901
1901
1936
1936
1931
1931
1905
1905
1874
1874
1881
1881
1910
1910
1915
1915
1924
1924
1914
1914
1925
1925
1922
1922
1923
1923
1897
1897
1905
1905
1928
1928
1940
1940
1938
1938
1905
1905
1881
1881
1872
1872
1913
1913
1920
1920
1917
1917
1928
1928
1885
1885
1886
1886
1923
1923
1918
1918
1938
1938
1914
1914
1900
1900
1934
1934
1936
1936
1913
1913
1909
1909
1900
1900
1921
1921
1929
1929
1902
1902
1900
1900
1927
1927
1935
1935
1900
1900
1904
1904
1907
1907
1887
1887
1916
1916
1917
1917
1889
1889
1923
1923
1893
1893
1920
1920
1925
1925
1922
1922
1925
1925
1930
1930
1890
1890
1923
1923
1904
1904
1920
1920
1880
1880
1891
1891
1871
1871
1880
1880
1928
1928
1926
1926
1883
1883
1886
1886
1908
1908
1904
1904
1935
1935
1905
1905
1930
1930
1904
1904
1904
1904
1932
1932
1904
1904
1910
1910
1887
1887
1883
1883
1897
1897
1868
1868
1893
1893
1885
1885
1914
1914
1869
1869
1940
1940
1912
1912
1910
1910
1909
1909
1924
1924
1936
1936
1909
1909
1918
1918
1886
1886
1896
1896
1896
1896
1918
1918
1883
1883
1880
1880
1890
1890
1889
1889
1864
1864
1874
1874
1868
1868
1900
1900
1881
1881
1888
1888
1894
1894
1935
1935
1933
1933
1928
1928
1923
1923
1925
1925
1929
1929
1919
1919
1894
1894
1892
1892
1885
1885
1886
1886
1868
1868
1875
1875
1904
1904
1895
1895
1938
1938
1907
1907
1907
1907
1934
1934
1906
1906
1902
1902
1929
1929
1881
1881
1906
1906
1908
1908
1892
1892
1918
1918
1910
1910
1908
1908
1936
1936
1871
1871
1917
1917
1897
1897
1940
1940
1907
1907
1911
1911
1919
1919
1888
1888
1923
1923
1885
1885
1917
1917
