1911
1898
1899
1901
1899
1909
1899
1899
1898
1893
1906
1907
1907
1889
1891
1888
1910
1904
1913
1905
1896
1891
1900
1905
1894
1897
1890
1898
1905
1912
1892
1894
1891
1898
1905
1907
1874
1887
1908
1909
1907
1906
1889
1873
1904
1906
1909
1898
1922
1898
1899
1899
1907
1909
1920
1886
1908
1892
1920
1907
1895
1889
1910
1910
1904
1900
1889
1907
1897
1908
1906
1910
1920
1895
1904
1907
1922
1901
1890
1891
1891
1896
1894
1908
1902
1907
1907
1913
1924
1887
1888
1911
1899
1901
1902
1906
1897
1898
1915
1923
1892
1909
1896
1890
1912
1892
1914
1900
1887
1903
1905
1905
1901
1920
1901
1891
1908
1921
1920
1895
1905
1901
1891
1892
1897
1909
1908
1895
1916
1897
1906
1908
1909
1900
1895
1910
1888
1887
1911
1904
1907
1896
1910
1905
1920
1900
1897
1902
1925
1908
1895
1886
1905
1908
1920
1889
1902
1902
1891
1910
1904
1902
1915
1920
1903
1904
1902
1903
1909
1897
1920
1894
1888
1888
1901
1905
1884
1900
1886
1908
1895
1885
1899
1909
1895
1909
1918
1910
1914
1887
1886
1924
1908
1907
1905
1902
1909
1902
1907
1924
1901
1893
1905
1912
1906
1906
1910
1902
1903
1904
1888
1908
1912
1892
1915
1908
1903
1903
1901
1921
1910
1908
1889
1898
1909
1904
1912
1902
1908
1906
1897
1887
1893
1897
1922
1903
1887
1905
1903
1899
1906
1898
1902
1922
1913
1921
1905
1895
1904
1899
1901
1913
1895
1899
1900
1890
1905
1883
1908
1910
1897
1900
1920
1896
1904
1899
1901
1895
1907
1906
1918
1902
1904
1905
1899
1925
1909
1898
1906
1888
1898
1883
1896
1902
1903
1894
1920
1910
1907
1897
1901
1884
1898
1917
1905
1886
1905
1909
1901
1879
1923
1884
1910
1901
1882
1895
1901
1899
1910
1903
1908
1906
1898
1885
1911
1900
1883
1888
1922
1904
1884
1920
1896
1920
1906
1910
1913
1900
1898
1899
1901
1895
1910
1903
1881
1886
1892
1900
1921
1906
1889
1883
1909
1897
1906
1907
1904
1902
1892
1912
1907
1884
1895
1884
1913
1901
1922
1910
1893
1903
1905
1888
1901
1877
1878
1906
1906
1879
1912
1902
1898
1890
1902
1906
1895
1896
1888
1894
1883
1895
1908
1902
1903
1915
1921
1900
1902
1902
1919
1902
1897
1904
1903
1904
1911
1915
1909
1895
1923
1896
1899
1913
1887
1895
1904
1923
1912
1899
1915
1899
1890
1906
1900
1906
1901
1920
1911
1898
1903
1889
1887
1905
1896
1913
1910
1907
1884
1899
1897
1904
1893
1918
1921
1900
1896
1914
1885
1915
1902
1898
1915
1900
1920
1910
1891
1911
1915
1910
1911
1891
1906
1913
1896
1896
1900
1907
1908
1902
1901
1898
1901
1898
1904
1899
1884
1891
1925
1897
1907
1908
1891
1901
1906
1909
1912
1902
1873
1905
1895
1892
1900
1904
1899
1880
1900
1904
1921
1921
1909
1895
1897
1920
1904
1907
1894
1904
1898
1885
1895
1881
1912
1906
1908
1898
1907
1920
1893
1909
1906
1897
1885
1922
1902
1913
1911
1877
1924
1880
1896
1900
1892
1914
1905
1905
1888
1879
1907
1897
1893
1909
1925
1903
1919
1890
1920
1901
1900
1901
1911
1885
1914
1912
1888
1893
1899
1904
1901
1890
1891
1910
1895
1913
1902
1873
1905
1896
1913
1911
1922
1906
1906
1891
1902
1896
1903
1913
1910
1884
1901
1890
1895
1901
1892
1903
1904
1887
1892
1895
1891
1898
1875
1915
1898
1898
1907
1892
1887
1899
1901
1887
1900
1877
1900
1905
1891
1908
1898
1905
1889
1911
1886
1904
1912
1897
1902
1901
1896
1898
1903
1882
1901
1905
1910
1910
1911
1887
1892
1899
1901
1889
1893
1898
1908
1914
1884
1876
1908
1893
1892
1898
1883
1885
1927
1896
1909
1887
1901
1907
1909
1896
1899
1915
1920
1909
1894
1888
1899
1894
1892
1902
1908
1907
1909
1908
1910
1906
1913
1913
1893
1901
1900
1902
1897
1925
1897
1905
1887
1888
1900
1902
1909
1890
1905
1908
1899
1900
1901
1901
1916
1896
1899
1905
1900
1895
1919
1883
1912
1882
1910
1886
1899
1904
1897
1906
1900
1903
1886
1917
1921
1904
1912
1922
1892
1909
1911
1905
1904
1894
1912
1904
1899
1905
1884
