1896
1896
1932
1932
1934
1934
1908
1908
1910
1910
1939
1939
1908
1908
1926
1926
1898
1898
1920
1920
1924
1924
1886
1886
1922
1922
1926
1926
1898
1898
1925
1925
1901
1901
1906
1906
1904
1904
1906
1906
1925
1925
1924
1924
1915
1915
1921
1921
1930
1930
1896
1896
1907
1907
1886
1886
1923
1923
1927
1927
1895
1895
1895
1895
1910
1910
1922
1922
1927
1927
1924
1924
1903
1903
1911
1911
1908
1908
1911
1911
1884
1884
1876
1876
1892
1892
1892
1892
1900
1900
1926
1926
1925
1925
1938
1938
1915
1915
1903
1903
1921
1921
1909
1909
1914
1914
1923
1923
1913
1913
1896
1896
1908
1908
1914
1914
1910
1910
1915
1915
1911
1911
1936
1936
1905
1905
1938
1938
1931
1931
1906
1906
1933
1933
1932
1932
1902
1902
1922
1922
1913
1913
1936
1936
1919
1919
1897
1897
1897
1897
1938
1938
1909
1909
1911
1911
1941
1941
1911
1911
1919
1919
1922
1922
1913
1913
1912
1912
1887
1887
1925
1925
1925
1925
1920
1920
1918
1918
1930
1930
1890
1890
1932
1932
1907
1907
1896
1896
1922
1922
1905
1905
1904
1904
1914
1914
1908
1908
1894
1894
1923
1923
1886
1886
1886
1886
1926
1926
1916
1916
1923
1923
1922
1922
1920
1920
1924
1924
1919
1919
1921
1921
1898
1898
1906
1906
1896
1896
1909
1909
1939
1939
1937
1937
1920
1920
1922
1922
1920
1920
1924
1924
1913
1913
1931
1931
1932
1932
1897
1897
1934
1934
1924
1924
1928
1928
1890
1890
1937
1937
1929
1929
1931
1931
1903
1903
1917
1917
1932
1932
1922
1922
1922
1922
1899
1899
1914
1914
1898
1898
1923
1923
1923
1923
1901
1901
1898
1898
1910
1910
1897
1897
1917
1917
1917
1917
1922
1922
1922
1922
1890
1890
1890
1890
1924
1924
1924
1924
1906
1906
1898
1898
1875
1875
1924
1924
1909
1909
1908
1908
1910
1910
1910
1910
1909
1909
1925
1925
1920
1920
1918
1918
1911
1911
1908
1908
1892
1892
1899
1899
1914
1914
1915
1915
1903
1903
1891
1891
1888
1888
1928
1928
