1899
1933
1935
1905
1929
1934
1904
1909
1871
1874
1902
1914
1938
1911
1911
1907
1935
1938
1931
1904
1906
1930
1909
1937
1931
1894
1905
1927
1906
1908
1892
1916
1934
1905
1936
1939
1898
1928
1926
1927
1930
1900
1900
1904
1922
1928
1898
1889
1925
1888
1929
1933
1910
1928
1909
1915
1916
1870
1920
1914
1928
1884
1922
1911
1893
1927
1897
1915
1875
1925
1893
1939
1929
1933
1893
1929
1921
1892
1917
1919
1906
1918
1915
1889
1920
1885
1919
1924
1879
1922
1912
1921
1914
1926
1925
1883
1883
1936
1937
1904
1939
1897
1931
1934
1929
1926
1922
1883
