1910
1910
1913
1913
1887
1887
1883
1883
1916
1916
1924
1924
1919
1919
1877
1877
1922
1922
1921
1921
1918
1918
1907
1907
1890
1890
1858
1858
1893
1893
1922
1922
1915
1915
1928
1928
1925
1925
1919
1919
1890
1890
1930
1930
1891
1891
1926
1926
1903
1903
1936
1936
1893
1893
1908
1908
1928
1928
1872
1872
1902
1902
1870
1870
1910
1910
1940
1940
1937
1937
1908
1908
1917
1917
1885
1885
1921
1921
1871
1871
1914
1914
1900
1900
1906
1906
1940
1940
1910
1910
1916
1916
1938
1938
1917
1917
1911
1911
1883
1883
1900
1900
1884
1884
1923
1923
1921
1921
1929
1929
1898
1898
1898
1898
1917
1917
1895
1895
1933
1933
1926
1926
1927
1927
1923
1923
1930
1930
1918
1918
1922
1922
1888
1888
1878
1878
1916
1916
1918
1918
1906
1906
1908
1908
1934
1934
1903
1903
1904
1904
1931
1931
1906
1906
