1917
1894
1898
1889
1903
1906
1906
1938
1938
1885
1911
1896
1899
1906
1928
1925
1927
1906
1924
1916
1907
1884
1903
1925
1909
1930
1914
1914
1886
1930
1897
1906
1871
1918
1908
1901
1893
1890
1921
1902
1916
1914
1914
1886
1886
1916
1921
1918
1924
1879
1921
1902
1901
1909
1906
1931
1934
1934
1929
1929
1900
1900
1943
1917
1925
1924
1916
1914
1907
1938
1899
1899
1895
1895
1921
1921
1908
1908
1913
1913
1894
1886
1890
1899
1912
1882
1880
1903
1923
1899
1908
1883
1908
1908
1934
1934
1936
1936
1906
1906
1915
1929
1932
1900
1905
1923
1877
1877
1912
1912
1934
1920
1928
1919
1899
1922
1930
1896
1901
1930
1932
1904
1901
1930
1899
1919
1922
1924
1893
1900
1921
1923
1927
1924
1908
1930
1907
1931
1915
1916
1923
1916
1920
1886
1914
1909
1932
1944
1912
1915
1932
1920
1914
1890
1913
1937
1916
