1884
1881
1884
1913
1916
1925
1914
1898
1927
1933
1924
1898
1902
1907
1928
1904
1914
1909
1910
1887
1876
1908
1889
1934
1937
1926
1920
1892
1931
1918
1872
1870
1926
1895
1930
1932
1890
1896
1891
1940
1915
1940
1901
1926
1918
1924
1882
1888
1936
1932
1908
1900
1868
1903
1937
1932
1907
1914
1910
1895
1895
1926
1924
1895
1929
1922
1925
1894
1927
1888
1931
1875
1934
1906
1924
1893
1923
1918
1925
1888
1929
1894
1921
1895
1880
1881
1903
1889
1914
1924
1882
1914
1884
1932
1938
1907
1907
1874
1939
1878
1910
1924
1917
1922
1890
1921
1924
1930
1927
1894
1875
1926
1925
1928
1886
1886
1921
1902
1903
1927
1931
1933
1936
1926
1929
1926
1869
1874
1932
1877
1924
1936
1917
1926
1928
1896
1922
1932
1935
1901
