1868
1868
1900
1900
1906
1906
1905
1905
1878
1878
1888
1888
1887
1887
1888
1888
1895
1895
1929
1929
1918
1918
1891
1891
1928
1928
1891
1891
1917
1917
1882
1882
1917
1917
1885
1885
1900
1900
1927
1927
1934
1934
1925
1925
1901
1901
1896
1896
1939
1939
1929
1929
1896
1896
1921
1921
1895
1895
1927
1927
1934
1934
1942
1942
1911
1911
1915
1915
1927
1927
1900
1900
1907
1907
1882
1882
1913
1913
1888
1888
1894
1894
1900
1900
1900
1900
1897
1897
1900
1900
1929
1929
1895
1895
1903
1903
1929
1929
1896
1896
1932
1932
1927
1927
1894
1894
1898
1898
1876
1876
1934
1934
1900
1900
1896
1896
1890
1890
1923
1923
1928
1928
1900
1900
1881
1881
1900
1900
1885
1885
1900
1900
1900
1900
1913
1913
1900
1900
1939
1939
1899
1899
1901
1901
1901
1901
1925
1925
1938
1938
1909
1909
1900
1901
1900
1901
1900
1900
1922
1922
1920
1920
1891
1891
1891
1891
1895
1895
1911
1911
1916
1916
1894
1894
1922
1922
1880
1880
1884
1884
1914
1914
1867
1867
1915
1915
1942
1942
1919
1919
1890
1890
1929
1929
1899
1899
1930
1930
1926
1926
1929
1929
1938
1938
1933
1933
1900
1900
1908
1908
1923
1923
1902
1902
1895
1895
1905
1905
1899
1899
1929
1929
1890
1890
1924
1924
1923
1923
1886
1886
1911
1911
1923
1923
1923
1923
1898
1898
1887
1887
1922
1922
1915
1915
1917
1917
1888
1888
1880
1880
1909
1909
1937
1937
1909
1909
1893
1893
1929
1929
1895
1895
1895
1895
1927
1927
1924
1924
1921
1921
1923
1923
1929
1929
1898
1898
1895
1895
1886
1886
1906
1906
1935
1935
1904
1904
1939
1939
1892
1892
1896
1896
1930
1930
1928
1928
1910
1910
1902
1902
1923
1923
1925
1925
1909
1909
1894
1894
1922
1922
1876
1876
1933
1933
1927
1927
1926
1926
1904
1904
1921
1921
1888
1888
1938
1938
1911
1911
1910
1910
1905
1905
1901
1901
1931
1931
1936
1936
1913
1913
1919
1919
1882
1882
1932
1932
1925
1925
1897
1897
1936
1936
1923
1923
1907
1907
1929
1929
1925
1925
1898
1898
1924
1924
1933
1933
1903
1903
1895
1895
1928
1928
1914
1914
1886
1886
1890
1890
1914
1914
1920
1920
1919
1919
1876
1876
1908
1908
1901
1900
1900
1901
1932
1932
1925
1925
1903
1903
1897
1897
1923
1923
1900
1900
1939
1939
1892
1892
1931
1931
1891
1891
1936
1936
1902
1902
1861
1861
1898
1898
1880
1880
1887
1887
1917
1917
