1885
1881
1942
1923
1919
1887
1892
1913
1890
1919
1942
1886
1883
1886
1903
1938
1938
1938
1905
1905
1905
1908
1908
1908
1935
1935
1935
1928
1928
1928
1877
1879
1879
1882
1880
1911
1908
1873
1910
1934
1936
1873
1900
1879
1914
1909
1900
1900
1900
1940
1931
1932
1938
1902
1904
1929
1933
1885
1904
1926
1905
1938
1927
1910
1897
1897
1897
1909
1891
1891
1913
1913
1900
1935
1898
1923
1896
1889
1881
1899
1898
1911
1911
1907
1908
1910
1935
1938
1938
1938
1905
1905
1905
1907
1907
1907
1904
1904
1877
1877
1877
1866
1866
1866
1938
1906
1904
1935
1916
1905
1938
1905
1908
1938
1915
1900
1887
1925
1889
1913
1909
1918
1900
1928
1909
1910
1925
1927
1930
1923
1912
1910
1930
1898
1900
1900
1894
1900
1882
1886
1922
1918
1918
1900
1872
1872
1927
1927
1903
1903
1938
1938
1897
1897
1933
1933
1929
1929
1926
1926
1931
1931
1904
1904
1879
1933
1907
1908
1908
1911
1911
1911
1885
1889
1925
1916
1915
1909
1913
1931
1942
1927
1900
1896
1896
1906
1906
1933
1933
1906
1906
1937
1937
1939
1939
1908
1908
1935
1935
1907
1907
1901
1927
1936
1936
1936
1896
1932
1932
1932
1932
1925
1925
1925
1897
1897
1897
1903
1914
1914
1917
1917
1919
1919
1880
1880
1904
1904
1908
1908
1870
1906
1906
1913
1913
1900
1912
1937
1900
1922
1938
1938
1938
1912
1918
1887
1930
1919
1900
1905
1916
1917
1935
1932
1910
1919
1886
1885
1919
1894
1926
1906
1906
1935
1935
1933
1933
1907
1907
1931
1910
1900
1930
1891
1903
1936
1904
1932
1928
1929
1930
1895
1904
1920
1907
1907
1911
1882
1879
1920
1927
1902
1900
1920
1904
1911
1882
1879
1908
1938
1904
1904
1906
1908
1904
1908
1909
1911
1886
1919
1922
1891
1925
1892
1897
1907
1907
1900
1906
1893
1893
1933
1933
1909
1909
1939
1939
1909
1909
1881
1881
1907
1907
1910
1938
1925
1896
1896
1927
1927
1895
1898
1898
1909
1909
1901
1901
1883
1925
1911
1911
1880
1879
1879
1930
1904
1901
1933
1898
1898
1892
1892
1925
1936
1911
1941
1914
1902
1902
1930
1930
1932
1932
1902
1902
1887
1877
1877
1888
1888
1888
1920
1920
1920
1908
1908
1908
1912
1908
1909
1911
1936
1909
1878
1919
1919
1921
1921
1907
1916
1905
1936
1903
1940
1900
1900
1926
1894
1929
1911
1908
1910
1925
1894
1925
1912
1917
1899
1929
1899
1938
1900
1909
1900
1904
1904
1935
1935
1911
1886
1888
1902
1900
1900
1900
1888
1888
1888
1927
1899
1930
1903
1934
1905
1914
1931
1931
1923
1923
1925
1925
1900
1900
1910
1929
1929
1903
1903
1932
1932
1893
1893
1925
1925
1905
1897
1925
1892
1922
1923
1893
1911
1896
1914
1906
1933
1933
1933
1909
1909
1909
1911
1911
1911
1929
1929
1929
