1921
1913
1888
1915
1929
1890
1917
1925
1927
1887
1881
1885
1874
1898
1871
1868
1910
1896
1873
1898
1927
1928
1926
1883
1895
1926
1919
1881
1882
1911
1913
1910
1936
1908
1907
1884
1921
1895
1898
1918
1928
1924
1897
1930
1927
1889
1874
1869
1927
1884
1926
1901
1929
1920
1886
1873
1917
1917
1874
1877
1908
1919
1908
1938
1933
1905
1899
1932
1895
1926
1925
1869
1869
1889
1889
1926
1926
1886
1889
1886
1926
1911
1877
1876
1885
1887
1904
1898
1929
1897
1926
1897
1932
1929
1908
1902
1906
1930
1922
1888
1890
1879
1902
1888
1888
1922
1918
1929
1898
1887
1921
1915
1918
1921
1902
1917
1900
1922
1886
1927
1900
1935
1877
1880
1922
1918
1885
1881
1917
1913
1873
1885
1882
1918
1908
1913
1910
1915
1920
1886
1883
1873
1897
1889
1887
1917
1924
1886
1875
1880
1907
1919
1900
1901
1937
1939
1902
1876
1893
1935
1865
1933
1939
1910
1917
1864
1920
1905
1899
1935
1937
1924
1935
1926
1929
1897
1858
1910
1916
1916
1922
1869
1936
1914
1904
1902
1931
1898
1940
1894
1918
1915
1916
1892
1884
1934
1903
1939
1920
1887
1916
1878
1883
1920
1934
1925
1927
1935
1892
1916
1883
1921
1923
1925
1913
1922
1884
1892
1928
1898
1932
1923
1880
1887
1897
1911
1916
1915
1919
1876
1921
1919
1885
1925
1917
1885
1915
1923
1902
1892
1870
1908
1882
1879
1910
1915
1905
1896
1919
1914
1900
1914
1912
1925
1881
1915
1921
1932
1935
1908
1916
1908
1939
1920
1930
1891
1895
1925
1921
1929
1875
1892
1888
1888
1895
1923
1888
1912
1881
1910
1940
1880
1877
1871
1875
1941
1906
1906
1928
1932
1902
1902
1895
1929
1872
1916
1920
1887
1915
1878
