1884
1933
1926
1912
1887
1900
1895
1935
1926
1929
1927
1931
1909
1909
1937
1904
1910
1935
1895
1939
1901
1929
1895
1934
1923
1897
1925
1910
1893
1893
1893
1932
1926
1900
1929
1904
1920
1934
1929
1912
1926
1892
1916
1882
1921
1922
1928
1888
1898
1924
1907
1904
1930
1930
1929
1932
1937
1894
1925
1924
1893
1923
1917
1925
1927
1897
1930
1894
1921
1922
1876
1875
1922
1920
1878
1868
1913
1918
1921
1912
1874
1874
1895
1902
1936
1931
1904
1905
1933
1936
1901
1925
1907
1907
1935
1938
1910
1898
1924
1899
1931
1917
1906
1912
1928
1923
1899
1897
1916
1890
1920
1923
1925
1920
1893
1927
1866
1905
