1904
1901
1939
1923
1920
1875
1919
1903
1918
1922
1924
1914
1920
1882
1882
1923
1924
1912
1924
1904
1911
1914
1873
1909
1909
1904
1944
1914
1934
1908
1906
1930
1901
1902
1935
1909
1936
1911
1937
1940
1919
1914
1914
1923
1916
1929
1878
1898
1917
1931
1915
1922
1906
1924
1939
1903
1919
1907
1927
1922
1920
1939
1894
1906
1935
1931
1899
1897
1913
1877
1904
1920
1933
1939
1908
1931
1937
1907
1931
1901
1904
1929
1926
1911
1907
1910
1930
1925
1927
1918
1925
1897
1919
1898
1902
1928
1931
1898
1900
1925
1928
1933
1903
1923
1926
1893
1923
1895
1904
1912
1924
1921
1919
1918
1924
1885
1913
1914
1938
1889
1919
1920
1929
1922
1925
1920
1908
1936
1934
1922
1915
1914
1904
1904
1930
1931
1913
1913
1891
1911
1913
1915
1927
1883
1923
1928
1890
1895
1938
1903
1934
1933
1931
1904
1905
1912
1919
1919
1926
1890
1915
1880
1931
1928
1900
1912
