1900
1900
1885
1885
1923
1923
1892
1892
1913
1913
1919
1919
1888
1888
1938
1938
1905
1905
1935
1935
1928
1928
1911
1911
1934
1934
1936
1936
1908
1908
1879
1879
1914
1914
1909
1909
1940
1940
1940
1940
1915
1915
1913
1913
1926
1926
1905
1905
1938
1938
1919
1919
1897
1897
1909
1909
1923
1923
1889
1889
1911
1911
1907
1907
1908
1908
1910
1910
1935
1935
1938
1938
1905
1905
1879
1879
1907
1907
1904
1904
1905
1905
1918
1918
1900
1900
1928
1928
1909
1909
1925
1925
1927
1927
1930
1930
1923
1923
1912
1912
1910
1910
1886
1886
1922
1922
1879
1879
1933
1933
1907
1907
1911
1911
1885
1885
1944
1944
1925
1925
1909
1909
1931
1931
1914
1914
1927
1927
1933
1933
1906
1906
1906
1906
1937
1937
1914
1914
1917
1917
1919
1919
1880
1880
1937
1937
1938
1938
1919
1919
1887
1887
1930
1930
1929
1929
1900
1900
1916
1916
1932
1932
1919
1919
1894
1894
1926
1926
1910
1910
1902
1902
1900
1900
1920
1920
1940
1940
1911
1911
1911
1911
1882
1882
1904
1904
1906
1906
1908
1908
1904
1904
1908
1908
1909
1909
1911
1911
1886
1886
1919
1919
1922
1922
1891
1891
1925
1925
1907
1907
1906
1906
1925
1925
1896
1896
1927
1927
1911
1911
1911
1911
1925
1925
1936
1936
1911
1911
1941
1941
1902
1902
1930
1930
1932
1932
1902
1902
1888
1888
1920
1920
1908
1908
1912
1912
1909
1909
1911
1911
1878
1878
1936
1936
1905
1905
1936
1936
1903
1903
1940
1940
1926
1926
1911
1911
1894
1894
1929
1929
1929
1929
1899
1899
1899
1899
1936
1936
1919
1919
1911
1911
1886
1886
1888
1888
1925
1925
1884
1884
1880
1880
1927
1927
1899
1899
1910
1910
1903
1903
1932
1932
1929
1929
1899
1899
1925
1925
1925
1925
1892
1892
1922
1922
1923
1923
1893
1893
1914
1914
1912
1912
