1908
1908
1872
1872
1937
1937
1940
1940
1890
1890
1894
1894
1920
1920
1910
1910
1935
1935
1879
1879
1904
1904
1887
1887
1902
1902
1930
1930
1938
1938
1899
1899
1938
1938
1873
1873
1871
1871
1906
1906
1935
1935
1934
1934
1909
1909
1907
1907
1912
1912
1923
1923
1924
1924
1925
1925
1919
1919
1915
1915
1917
1917
1890
1890
1889
1889
1923
1923
1929
1929
1917
1917
1919
1919
1927
1927
1922
1922
1882
1882
1885
1885
1918
1918
1916
1925
1916
1925
1925
1925
1889
1889
1931
1931
1918
1918
1920
1920
1923
1923
1897
1897
1922
1922
1905
1905
1879
1879
1910
1910
1938
1938
1899
1899
1930
1930
1935
1935
1910
1910
1929
1929
1890
1890
1932
1932
1895
1895
1935
1935
1910
1910
1850
1850
1934
1934
1908
1908
1937
1937
1900
1900
1939
1939
1881
1881
1914
1914
1872
1872
1875
1875
1913
1913
1899
1899
1894
1894
1929
1929
1902
1902
1899
1899
1861
1861
1912
1912
1927
1927
1862
1862
1902
1902
1924
1924
1900
1900
1888
1888
1923
1923
1885
1885
1917
1917
1921
1921
1914
1914
