1929
1923
1892
1921
1896
1919
1927
1863
1887
1879
1889
1921
1925
1892
1884
1902
1904
1933
1933
1904
1931
1911
1881
1926
1894
1927
1898
1893
1922
1924
1931
1900
1901
1893
1901
1930
1889
1895
1925
1879
1913
1898
1931
1890
1924
1862
1918
1926
1890
1916
1923
1892
1907
1893
1899
1900
1887
1920
1877
1922
1886
1894
1924
1915
1926
1875
1889
1870
1920
1931
1917
1920
1881
1919
1859
1884
1919
1886
1922
1926
1881
1919
1919
1868
1892
1903
1901
1931
1896
1928
1936
1885
1919
1924
1882
1898
1929
1889
1908
1887
1931
1893
1913
1911
1906
1879
1935
1933
1904
1939
1936
1916
1940
1908
1909
1877
1926
1903
1923
1897
1922
1925
1886
1928
1911
1891
1908
1890
1930
1934
1899
1904
1937
