1929
1888
1924
1895
1925
1879
1920
1924
1930
1928
1886
1915
1922
1906
1936
1920
1884
1914
1938
1922
1935
1898
1867
1925
1902
1896
1930
1933
1935
1925
1921
1879
1922
1884
1901
1931
1901
1929
1924
1910
1880
1890
1925
1907
1897
1897
1902
1914
1924
1889
1898
1929
1929
1897
1926
1900
1936
1903
1913
1918
1902
1904
1936
1927
1933
1929
1903
1930
1928
1925
1894
1894
1922
1915
1896
1925
1885
1916
1891
1919
1916
1920
1896
1897
1899
1937
1901
1931
1930
1880
1918
1925
1902
1939
1910
1895
1893
1869
1925
1886
1917
1911
1895
1940
1932
1900
1929
1906
1901
1902
1929
1905
1910
1905
1917
1917
1934
1908
1939
1936
1939
1889
1913
1938
1933
1887
1912
1918
1914
1929
1907
1929
1890
1921
1892
1889
1930
1932
1899
1935
1896
1924
1930
1899
1931
1913
1919
1892
1923
1925
1897
1927
1933
1906
1906
1926
1888
1908
1900
1934
1909
1883
1925
1914
1879
1917
1913
1921
1928
1923
1897
1925
1899
1874
1882
1900
1918
1941
1922
1920
1924
1882
1882
1927
1932
1913
1930
1925
1912
1913
1913
1925
1939
1896
1916
1922
1891
1931
1919
1912
1933
1930
1905
1912
1894
1908
1921
1895
1923
1887
1915
1874
1919
1879
1914
1894
1941
1916
1913
1910
1919
1914
1924
1925
1912
1917
1893
1940
1912
1935
1893
1931
1914
1925
1883
1881
1923
1908
1938
1913
1885
1940
1901
1914
1900
1926
1901
1932
1906
1920
1924
1900
1929
1943
1910
1893
1892
1914
1923
1915
1876
1904
1931
1899
1933
1868
1928
1935
1921
1897
1924
1893
1913
