1879
1879
1889
1889
1935
1935
1910
1910
1938
1938
1898
1898
1873
1873
1873
1873
1920
1920
1917
1917
1904
1904
1913
1913
1904
1904
1908
1908
1875
1875
1877
1877
1907
1907
1926
1926
1931
1931
1880
1880
1924
1924
1935
1935
1922
1922
1932
1932
1905
1905
1880
1880
1906
1906
1937
1937
1912
1912
1897
1897
1913
1913
1904
1904
1880
1880
1910
1910
1897
1897
1932
1932
1927
1927
1900
1900
1900
1900
1923
1923
1925
1925
1908
1908
1939
1939
1890
1890
1922
1922
1904
1904
1918
1918
1890
1890
1924
1924
1940
1940
1906
1906
1911
1911
1910
1910
1909
1909
1937
1937
1877
1877
1877
1877
1901
1901
1910
1910
1932
1932
1936
1936
1908
1908
1900
1900
1930
1930
1877
1877
1910
1910
1877
1877
1888
1888
1928
1928
1901
1901
1898
1898
1910
1910
1888
1888
1914
1914
1888
1888
1923
1923
1921
1921
1907
1907
1916
1916
1878
1878
1938
1938
1910
1910
1908
1908
1929
1929
1898
1898
1927
1927
1924
1924
1928
1928
1919
1919
1917
1917
1931
1931
1894
1894
1939
1939
1909
1909
1925
1925
1898
1898
1894
1894
1927
1927
1879
1879
1921
1921
1889
1889
1919
1919
1910
1910
1903
1903
1931
1931
1927
1927
1925
1925
1908
1908
1884
1884
1875
1875
1895
1895
1925
1925
1933
1933
1918
1918
1920
1920
1923
1923
1928
1928
1891
1891
1875
1875
1880
1880
1914
1914
1930
1930
1923
1923
1913
1913
1890
1890
1927
1927
1883
1883
1932
1932
1937
1937
1900
1900
1934
1934
1924
1924
1891
1891
1922
1922
1926
1926
1895
1895
1925
1925
1926
1926
1894
1894
1895
1895
1940
1940
1915
1915
1939
1939
1909
1909
1907
1907
1915
1915
1905
1905
1910
1910
1888
1888
1924
1924
1880
1880
1916
1916
1878
1878
1919
1919
1934
1934
1935
1935
1937
1937
1905
1905
1916
1916
1886
1886
1887
1887
1896
1896
1894
1894
1872
1872
1906
1906
1904
1904
1897
1897
1929
1929
1926
1926
1920
1920
1924
1924
1896
1896
1933
1933
1926
1926
1892
1892
