1907
1907
1934
1934
1936
1936
1915
1915
1919
1919
1938
1938
1930
1930
1908
1908
1938
1938
1935
1935
1906
1906
1888
1888
1921
1921
1894
1894
1908
1908
1929
1929
1878
1878
1900
1900
1883
1883
1925
1925
1905
1905
1902
1902
1885
1885
1894
1894
1859
1859
1884
1884
1914
1914
1907
1907
1922
1922
1927
1927
1921
1921
1910
1910
1929
1929
1924
1924
1923
1923
1898
1898
1885
1885
1887
1887
1917
1917
1920
1920
1925
1925
1886
1886
1922
1922
1901
1901
1897
1897
1939
1939
1862
1862
1899
1899
1938
1938
1929
1929
1879
1879
1886
1886
1924
1924
1895
1895
1927
1927
1930
1930
1905
1905
1906
1906
1893
1893
1915
1915
1927
1927
1918
1925
1925
1918
1896
1896
1930
1930
1922
1927
1922
1927
1893
1893
1898
1898
1924
1924
1928
1928
1913
1913
1904
1904
1911
1911
1906
1906
1872
1872
1866
1866
1922
1922
1924
1924
1894
1894
1891
1891
1900
1900
1930
1930
1926
1926
1897
1897
1903
1903
1902
1902
1934
1934
1927
1927
1860
1860
1872
1872
1916
1916
1939
1939
