1936
1944
1945
1938
1922
1944
1944
1942
1915
1912
1914
1914
1903
1931
1908
1909
1911
1925
1928
1892
1931
1917
1945
1910
1937
1944
1944
1942
1913
1912
1941
1901
1900
1901
1936
1904
1910
1933
1897
1940
1943
1913
1930
1933
1893
1943
1915
1911
1943
1922
1909
1913
1914
1945
1904
1892
1893
1923
1944
1943
1915
1918
1943
1901
1930
1913
1943
1890
1890
1944
1916
1919
1907
1943
1919
1914
1922
1914
1920
1912
1919
1893
1905
1941
1937
1911
1915
1939
1905
1902
1916
1912
1912
1914
1934
1911
1935
1934
1933
1938
1943
1906
1906
1913
1944
1917
1907
1905
1904
1911
1907
1925
1918
1924
1924
1944
1923
1892
1945
1942
1922
1918
1879
1912
1902
1944
1906
1939
1883
1922
1921
1945
1922
1917
1919
1918
1944
1944
1942
1918
1934
1907
1930
1902
1945
1941
1920
1920
1911
1913
1923
1901
1896
1902
1912
1940
1914
1927
1920
1920
1945
1945
1906
1875
1918
1897
1940
1940
1940
1940
1914
1914
1891
1924
1921
1906
1921
1913
1911
1924
1889
1893
1902
1923
1896
1895
1895
1937
1889
1908
1934
1934
1914
1904
1909
1925
1920
1908
1930
1910
1909
1909
1886
1904
1892
1943
1912
1923
1901
1921
1892
1888
1925
1920
1902
1903
1929
1901
1944
1940
1913
1904
1912
1944
1924
1913
1872
1935
1896
1914
1944
1916
1899
1923
1909
1943
1915
1905
1914
1911
1944
1918
1938
1904
1891
1891
1900
1899
1926
1915
1921
1943
1919
1888
1898
1905
1915
1911
1892
1898
1905
1916
1916
1918
1911
1905
1921
1907
1944
1913
1898
1926
1920
1920
1928
1890
1921
1899
1906
1883
1913
1919
1899
1911
1941
1904
1921
1913
1897
1921
1904
1908
1913
1944
1925
1905
1928
1933
1888
1903
1944
1921
1925
1904
1917
1944
1888
1888
1912
1920
1923
1902
1913
1894
1928
1917
1942
1893
1898
1919
1912
1914
1919
1892
1930
1943
1906
1924
1914
1919
1916
1895
1923
1912
1912
1896
1900
1922
1944
1914
1896
1925
1926
1902
1871
1945
1943
1895
1920
1922
1934
1922
1916
1921
1943
1935
1944
1940
1911
1943
1914
1944
1942
1912
1891
1904
1902
1942
1944
1944
1918
1926
1941
1943
1901
1913
1868
1913
1912
1944
1925
1908
1929
1931
1894
1943
1922
1899
1918
1921
1923
1887
1925
1900
1900
1920
1920
1910
1899
1920
1885
1921
1941
1902
1921
1906
1920
1903
1917
1913
1917
1907
1943
1945
1911
1909
1945
1922
1911
1936
1944
1915
1913
1906
1944
1893
1900
1898
1902
1892
1944
1942
1914
1944
1925
1913
1915
1909
1919
1907
1903
1883
1943
1912
1903
1901
1905
1903
1903
1944
1921
1942
1921
1898
1944
1924
1927
1890
1907
1913
1920
1915
1917
1897
1897
1915
1942
1919
1915
1915
1944
1897
1917
1914
1912
1940
1882
1928
1899
1934
1892
1920
1906
1928
1916
1907
1940
1944
1934
1940
1933
1941
1912
1908
1945
1917
1903
1922
1900
1886
1901
1928
1931
1906
1942
1912
1904
1941
1919
1928
1913
1939
1908
1902
1893
1912
1937
1892
1904
1898
1922
1894
1899
1909
1912
1887
1891
1914
1907
1901
1900
1921
1909
1944
1925
1910
1943
1912
1903
1920
1909
1920
1945
1940
1912
1945
1942
1939
1921
1872
1943
1908
1909
1902
1892
1923
1908
1938
1899
1929
1928
1932
1899
1887
1920
1913
1944
1905
1887
1908
1891
1911
1893
1883
1928
1934
1927
1913
1942
1918
1914
1945
1905
1915
1943
1943
1902
1920
1917
1913
1921
1922
1895
1923
1905
1918
1922
1920
1905
1929
1942
1914
1912
1942
1920
1915
1891
1942
1909
1923
1944
1928
1919
1944
1942
1916
1904
1905
1888
1919
1913
1944
1927
1921
1943
1887
1942
1920
1910
1910
1889
1888
1921
1943
1912
1896
1920
1926
1944
1905
1910
1912
1910
1944
1944
1914
1921
1899
1900
1886
1904
1889
1942
1889
1921
1913
1913
1944
1944
1917
1915
1915
1938
1914
1942
1922
1901
1944
1919
1929
1916
1943
1905
1914
1941
1936
1908
1938
1912
1943
1918
1944
1921
1945
1905
1901
1924
1902
1890
1886
1883
1938
1913
1919
1911
1913
1916
1915
1943
1925
1920
1911
1919
1940
1898
1906
1902
1900
1922
1944
1922
1942
1922
1895
1921
1920
1944
1905
1929
1914
1943
1910
1942
1890
1920
1925
1942
1945
1922
1901
1938
1935
1931
1908
1937
1914
1924
1913
1896
1920
1916
1926
1930
1901
1935
1932
1940
1909
1942
1914
1924
1903
1916
1944
1920
1904
1909
1915
1942
1921
1911
1898
1942
1915
1892
1897
1918
1904
1901
1920
1888
1910
1944
1901
1921
1922
1886
1900
1914
1888
1895
1897
1920
1914
1943
1920
1920
1942
1892
1942
1914
1904
1889
1889
1891
1900
1892
1905
1944
1914
1943
1915
1940
1943
1919
1896
1921
1921
