1895
1900
1925
1885
1875
1917
1930
1909
1899
1894
1878
1923
1910
1876
1888
1880
1857
1912
1918
1869
1883
1936
1908
1930
1908
1931
1919
1903
1940
1930
1901
1923
1924
1928
1904
1914
1873
1913
1912
1917
1910
1926
1881
1929
1893
1878
1901
1925
1926
1867
1931
1894
1891
1894
1913
1900
1919
1903
1901
1930
1878
1913
1881
1890
1921
1896
1888
1927
1930
1914
1908
1913
1915
1900
1902
1929
1932
1929
1895
1925
1900
1913
1907
1916
1915
1890
1923
1922
1920
1925
1877
1888
1936
1900
1911
1900
1914
1889
1927
1937
1907
1877
1878
1896
1928
1910
1927
1898
1873
1925
1925
1927
1917
1912
1892
1889
1889
1892
1926
1926
1887
1914
1874
1878
1908
1928
1907
1912
1885
1921
1911
1902
1864
1917
1930
1886
1885
1880
1885
1893
1929
1925
1872
1890
1900
1930
1907
1906
1897
1873
1928
1895
1897
1872
1913
1911
1890
1928
1893
1908
1897
1868
1865
1896
1928
1933
1907
1936
1938
1907
1907
1907
1908
1877
1902
1878
1869
1931
1927
1894
1925
1922
1889
1923
1908
1882
1913
1940
1910
1900
1905
1883
1896
1905
1935
1932
1897
1922
1928
1924
1932
1898
1926
1924
1900
1884
1912
1903
1933
1903
1903
1903
1937
1915
1914
1882
1872
1899
1933
1929
1905
1912
1888
1897
1935
1897
1884
1879
1872
1876
1877
1929
1919
1916
1895
1896
1897
1923
1877
1869
1869
1913
1903
1901
1934
1933
1939
1904
1905
1921
1880
1908
1903
1933
1905
1930
1918
1899
1895
1925
1893
1931
1889
1921
1884
1879
1904
1906
1929
1940
1916
1914
1910
1935
1937
1913
1895
1897
1935
1932
1912
1920
1878
1914
1911
1892
1883
1881
1926
1878
1914
1881
1889
1934
1897
1927
1930
1927
