1879
1912
1916
1920
1881
1909
1893
1886
1891
1859
1907
1856
1889
1847
1895
1880
1901
1892
1898
1883
1905
1885
1905
1904
1885
1881
1870
1920
1906
1886
1924
1909
1916
1877
1907
1872
1901
1922
1935
1904
1877
1922
1895
1909
1883
1886
1925
1899
1895
1890
1883
1914
1893
1925
1900
1885
1871
1870
1892
1896
1887
1902
1909
1903
1911
1897
1856
1907
1872
1884
1932
1907
1887
1891
1884
1919
1904
1936
1888
1873
1898
1902
1864
1924
1872
1887
1899
1914
1892
1893
1896
1916
1902
1909
1877
1904
1905
1900
1908
1894
1921
1874
1907
1924
1934
1915
1865
1921
1883
1915
1892
1900
1865
1885
1909
1937
1889
1896
1888
1887
1910
1912
1910
1871
1904
1903
1882
1895
1934
1911
1933
1905
1871
1926
1900
1885
1906
1909
1893
1891
1933
1880
1904
1872
1899
1902
1906
1937
1896
1888
1897
1884
1907
1904
1921
1913
1923
1874
1905
1907
1921
1889
1904
1918
1893
1875
1904
1905
1911
1912
1865
1877
1898
1901
1892
1888
1892
1906
1904
1898
1885
1910
1875
1875
1915
1903
1918
1908
1935
1875
1917
1891
1919
1931
1910
1889
1908
1924
1892
1916
1874
1870
1889
1897
1856
1888
1894
1904
1898
1936
1901
1905
1896
1890
1899
1893
1914
1877
1910
1904
1881
1873
1885
1884
1912
1908
1932
1915
1928
1881
1894
1889
1914
1919
1898
1924
1901
1895
1913
1935
1873
1880
1914
1857
1916
1884
1874
1897
1897
1887
1902
1908
1909
1906
1902
1911
1934
1879
1894
1892
1908
1904
1910
1866
1899
1911
1899
1897
1876
1911
1901
1922
1916
1896
1884
1902
1927
1928
1906
1903
1893
1923
1896
1873
1885
1906
1907
1908
1889
1914
1901
1919
1891
1867
1921
1938
1913
1873
1902
1902
1898
1893
1879
1899
1892
1908
1891
1894
1905
1891
1914
1923
1889
1910
1888
1896
1925
1889
1893
1888
1887
1891
1895
1899
1895
1907
1875
1911
1903
1882
1912
1898
1919
1927
1911
1912
1904
1910
1909
1910
1923
1906
1882
1916
1893
1885
1909
1921
1917
1911
1869
1903
1906
1908
1899
1899
1924
1873
1857
1923
1897
1897
1885
1919
1937
1875
1881
1885
1893
1899
1936
1895
1911
1866
1893
1889
1870
1919
1904
1892
1920
1886
1888
1923
1905
1907
1910
1894
1892
1907
1895
1897
1912
1869
1863
1901
1904
1895
1908
1902
1908
1899
1926
1874
1910
1914
1905
1907
1886
1911
1894
1928
1911
1891
1864
1911
1875
1911
1896
1912
1909
1902
1875
1896
1918
1887
1900
1899
1869
1885
1901
1900
1899
1899
1895
1922
1911
1897
1901
1886
1890
1932
1878
1883
1911
1920
1911
1904
1890
1882
1922
1920
1910
1923
1913
1903
1867
1877
1909
1909
1911
1911
1900
1893
1921
1907
1908
1899
1939
1903
1902
1854
1907
1922
1907
1912
1898
1903
1913
1916
1876
1886
1892
1899
1893
1894
1893
1919
1890
1933
1884
1907
1869
1913
1910
1910
1924
1915
1921
1901
1887
1863
1887
1913
1941
1911
1858
1902
1913
1901
1910
1914
1907
1893
1902
1904
1904
1851
1865
1937
1894
1900
1878
1912
1895
1910
1908
1927
1914
1902
1925
1908
1912
1889
1919
1894
1884
1921
1901
1935
1908
1887
1910
1921
1930
1910
1870
1888
1908
1896
1908
1901
1867
1903
1886
1893
1909
1939
1888
1902
1904
1919
1900
1908
1914
1899
1898
1922
1925
1883
1899
1883
1918
1917
1924
1898
1878
1888
1876
1897
1922
1891
1892
1921
1901
1904
1891
1860
1918
1881
1931
1905
1920
1896
1913
1921
1884
1892
1869
1896
1894
1888
1875
1901
1912
1899
1864
1912
1904
1904
1873
1896
1876
1918
1893
1928
1918
1911
1913
1899
1890
1895
1901
1889
1907
1916
1917
1902
1908
1900
1870
1920
1897
1897
1928
1910
1876
1902
1898
1904
1893
1898
1881
1895
1879
1877
1914
1895
1904
1917
1893
1860
1887
1877
1884
1875
1893
1934
1902
1874
1876
1917
1887
1912
1904
1911
1917
1909
1890
1908
1903
1880
1901
1916
1912
1909
1894
1879
1903
1898
1883
1907
1890
1908
1912
1893
1899
1913
1921
1896
1900
1902
1897
1913
1900
1930
1883
1874
1910
1892
1888
1891
1919
1862
1895
1912
1902
1897
1932
1923
1897
1874
1900
1899
1885
1891
1907
1900
1911
1893
1887
1853
1899
1929
1904
1890
1899
1890
1867
1902
1890
1885
1899
1888
1880
1902
1904
1923
1922
1912
1893
1922
1887
1903
1902
1915
1894
1856
1906
1907
1898
1896
1904
1910
1893
1904
1864
1861
1899
1922
1908
1881
1914
1906
1899
1923
1904
1897
1890
1875
1895
1879
1885
1902
1873
1901
1901
1878
1938
1901
1890
1889
1866
1893
1899
1917
1906
1880
1894
1902
1911
1890
1895
1904
1898
1897
1912
1897
1885
1905
1909
1899
1903
1883
1874
1891
1878
1876
1919
1902
1904
1860
1873
1902
1920
1887
1880
1857
1896
1904
1916
1911
1916
1899
1913
1896
1915
1922
1874
1935
1907
1915
1882
1889
1859
1901
1905
1905
1914
1870
1908
1896
1921
1885
1911
1921
1919
1892
1898
1907
1918
1871
1927
1915
1896
1902
1918
1901
1901
1900
1902
1902
1880
1888
1900
1922
1913
1933
1885
1904
1892
1885
1919
1901
1895
1914
1884
1913
1896
1877
1905
1869
1898
1860
1891
1907
1927
1864
1904
1902
1859
1902
1906
1912
1899
1895
1923
1874
1895
1915
1895
1925
1911
1905
1914
1921
1881
1894
1881
1912
1904
1903
1921
1897
1898
1889
1886
1890
1903
1929
1909
1889
1914
1897
1864
1902
1905
1888
1876
1875
1895
1896
1877
1921
1902
1920
1903
1906
1895
1907
1901
1911
1888
1914
1884
1892
1902
1887
1892
1939
1901
1885
1898
1908
1921
1889
1880
1864
1882
1918
1910
1899
1922
1906
1898
1913
1883
1912
1911
1887
1911
1879
1897
1912
1881
1890
1914
1884
1897
1899
1912
1887
1889
1874
1874
1898
1912
1911
1886
1890
1902
1905
1876
1901
1911
1866
1897
1903
1879
1913
1922
1915
1900
1913
1905
1908
1907
1874
1894
1901
1913
1922
1911
1882
1908
1911
1870
1921
1887
1922
1887
1917
1899
1883
1897
1893
1896
1895
1879
1862
1889
1915
1912
1900
1895
1905
1896
1912
1913
1906
1873
1902
1883
1915
1900
1895
1881
1901
1906
1906
1890
1901
1908
1889
1923
1886
1924
1907
1907
1913
1914
1881
1920
1869
1905
1878
1900
1861
1921
1892
1869
1887
1894
1919
1896
1893
1890
1920
1883
1898
1910
1890
1889
1921
1893
1896
1875
1915
1876
1900
1908
1877
1897
1921
1889
1917
1909
1925
1897
1909
1887
1922
1918
1883
1912
1873
1907
1912
1924
1857
1889
1892
1902
1887
1923
1891
1927
1878
1908
1872
1906
1868
1916
1880
1894
1889
1912
1910
1901
1920
1859
1916
1871
1905
1910
1897
1885
1889
1898
1880
1904
1882
1908
1912
1908
1906
1905
1893
1907
1891
1877
1896
1898
1914
1890
1895
1855
1934
1897
1903
1906
1931
1888
1903
1873
1868
1883
1906
1897
1931
1898
1896
1887
1912
1911
1913
1887
1883
1915
1938
1914
1906
1906
1910
1911
1911
1904
1905
1920
1922
1906
1859
