1898
1906
1905
1936
1896
1899
1929
1931
1922
1924
1898
1921
1913
1914
1936
1901
1913
1888
1885
1911
1910
1883
1883
1940
1870
1897
1936
1899
1905
1872
1912
1911
1919
1909
1902
1919
1889
1925
1898
1922
1894
1912
1923
1902
1896
1890
1914
1915
1916
1914
1917
1886
1929
1891
1911
1918
1912
1938
1927
1900
1925
1896
1892
1895
1906
1910
1928
1903
1855
1881
1938
1905
1904
1916
1885
1883
1880
1922
1920
1885
1913
1920
1906
1930
1928
1924
1912
1913
1911
1886
1922
1888
1917
1883
1914
1873
1887
1886
1897
1921
1910
1923
1900
1895
1930
1898
1924
1890
1903
1928
1931
1935
1926
1933
1922
1889
1918
1892
1915
1912
1899
1903
1933
1924
1880
1886
1909
1916
1909
1936
1936
1907
1938
1913
1916
1896
1921
1874
1876
1906
1922
1883
1920
1884
1935
1932
1898
1897
1942
1917
1883
1895
1888
1901
1929
1937
1912
1917
1914
1876
1888
1889
1879
1850
1907
1897
1900
1896
1926
1931
