1892
1892
1919
1919
1900
1900
1912
1912
1892
1892
1888
1888
1920
1920
1917
1917
1933
1933
1891
1891
1904
1904
1931
1931
1936
1936
1939
1939
1918
1918
1892
1892
1921
1921
1873
1873
1872
1872
1860
1860
1870
1870
1925
1925
1933
1933
1910
1910
1915
1915
1919
1919
1921
1921
1896
1896
1902
1902
1929
1929
1938
1938
1878
1878
1887
1887
1908
1908
1900
1900
1924
1924
1924
1924
1895
1895
1932
1932
1932
1932
1896
1896
1854
1854
1919
1919
1895
1895
1890
1890
1923
1923
1884
1884
1925
1925
1888
1888
1922
1922
1890
1890
1887
1887
1887
1887
1911
1911
1917
1917
1914
1914
1923
1923
1893
1893
1894
1894
1928
1928
1935
1935
1920
1920
1907
1906
1906
1907
1903
1903
1912
1912
1935
1935
1910
1910
1940
1940
1906
1906
1902
1902
1921
1921
1919
1919
1923
1923
1910
1910
1917
1917
1902
1902
1902
1902
1928
1928
1908
1908
1907
1907
1889
1889
1904
1904
1929
1929
1892
1892
1920
1920
1907
1907
1922
1922
1880
1880
1937
1937
1880
1880
1920
1920
1890
1890
1894
1894
1930
1930
1927
1927
1918
1918
1922
1922
1878
1878
1884
1884
1860
1860
1905
1905
1928
1928
1874
1874
1907
1907
1910
1910
1903
1903
1906
1906
1904
1904
1875
1875
1872
1872
1850
1850
1879
1879
1903
1903
1926
1926
1893
1893
1895
1895
1903
1903
1909
1909
1880
1880
1877
1877
1905
1905
1903
1903
1879
1879
1886
1886
1924
1924
1901
1901
1896
1896
1879
1879
1916
1916
1923
1923
1885
1885
1892
1892
1901
1901
1909
1909
1929
1929
1916
1916
1931
1931
1897
1897
1934
1934
1928
1928
1926
1926
1932
1932
1930
1930
1892
1892
1896
1896
1925
1925
