1929
1932
1908
1934
1928
1931
1930
1929
1920
1924
1905
1928
1921
1906
1898
1929
1926
1932
1925
1942
1910
1846
1924
1932
1936
1932
1900
1926
1924
1925
1927
1930
1932
1926
1931
1922
1918
1931
1912
1911
1932
1927
1904
1930
1921
1931
1927
1931
1931
1931
1925
1900
1927
1887
1928
1914
1933
1927
1930
1916
1941
1939
1935
1925
1907
1913
1933
1930
1902
1929
1908
1941
1931
1934
1940
1907
1924
1929
1916
1916
1926
1909
1936
1934
1906
1930
1931
1930
1908
1940
1931
1930
1916
1898
1924
1931
1926
1925
1931
1931
1930
1925
1932
1922
1931
1927
1931
1928
1927
1926
1909
1939
1930
1930
1925
1925
1900
1922
1927
1897
1931
1932
1932
1925
1930
1907
1930
1928
1931
1931
1926
1926
1922
1936
1918
1938
1940
1930
1926
1931
1910
1923
1931
1930
1916
1922
1927
1930
1914
1936
1906
1927
1907
1931
1889
1928
1928
1897
1930
1933
1921
1922
1923
1929
1922
1925
1935
1924
1928
1905
1932
1931
1927
1931
1929
1927
1931
1932
1926
1930
1940
1938
1903
1933
1931
1919
1920
1930
1939
1910
1937
1931
1924
1930
1929
1930
1931
1932
1923
1914
1930
1929
1922
1925
1928
1906
1899
1931
1924
1927
1925
1905
1931
1932
1924
1932
1928
1930
1929
1930
1942
1936
1908
1931
1911
1931
1915
1931
1940
1930
1933
1918
1936
1901
1899
1912
1911
1921
1919
1939
1931
1904
1931
1896
1911
1930
1933
1916
1923
1931
1910
1930
1928
1930
1927
1929
1925
1930
1931
1930
1930
1930
1929
1930
1915
1931
1921
1880
1929
1930
1934
1919
1927
1931
1928
1928
1932
1930
1921
1913
1930
1895
1933
1932
1913
1932
1929
1929
1926
1931
1919
1900
1931
1923
1904
1928
1934
1930
1932
1923
1921
1920
1924
1935
1928
