1914
1914
1899
1901
1899
1887
1916
1898
1920
1908
1909
1893
1887
1907
1899
1891
1888
1907
1910
1904
1891
1905
1906
1891
1900
1905
1897
1905
1890
1898
1898
1909
1909
1909
1909
1908
1905
1905
1901
1909
1906
1900
1900
1900
1900
1920
1915
1889
1870
1870
1908
1908
1908
1908
1908
1908
1894
1913
1913
1905
1909
1909
1897
1907
1910
1910
1903
1912
1919
1906
1906
1906
1906
1906
1906
1909
1912
1908
1908
1908
1908
1908
1908
1914
1914
1882
1921
1921
1921
1921
1921
1921
1903
1903
1903
1903
1903
1903
1903
1905
1905
1906
1908
1925
1921
1909
1909
1909
1922
1894
1922
1922
1922
1922
1922
1909
1909
1909
1909
1909
1909
1909
1909
1898
1920
1920
1920
1920
1922
1922
1922
1922
1922
1922
1892
1898
1896
1896
1903
1898
1898
1898
1898
1897
1897
1899
1899
1900
1920
1905
1905
1899
1920
1902
1908
1914
1914
1904
1882
1882
1916
1918
1909
1909
1913
1916
1910
1911
1909
1913
1897
1897
1892
1903
1903
1903
1903
1903
1903
1916
1916
1908
1908
1901
1873
1901
1924
1924
1924
1924
1905
1911
1924
1900
1900
1900
1908
1908
1902
1900
1893
1911
1911
1911
1913
1913
1913
1906
1914
1896
1892
1891
1891
1881
1894
1908
1916
1916
1920
1920
1920
1920
1920
1909
1905
1899
1888
1879
1901
1901
1905
1905
1905
1905
1905
1905
1913
1916
1911
1911
1916
1895
1909
1909
1895
1909
1909
1906
1920
1920
1920
1920
1920
1920
1915
1912
1902
1907
1921
1921
1914
1907
1910
1910
1921
1898
1908
1908
1899
1899
1906
1906
1924
1910
1900
1909
1910
1910
1908
1908
1894
1904
1921
1921
1881
1881
