1875
1881
1931
1906
1927
1897
1940
1910
1910
1904
1901
1937
1935
1901
1902
1931
1938
1933
1930
1939
1884
1889
1921
1910
1911
1908
1908
1883
1913
1905
1908
1938
1897
1932
1923
1882
1905
1910
1877
1913
1913
1893
1918
1921
1924
1883
1880
1880
1894
1904
1935
1878
1905
1878
1898
1914
1918
1911
1879
1898
1915
1893
1879
1899
1900
1923
1932
1926
1938
1928
1934
1922
1930
1925
1928
1931
1895
1917
1887
1879
1912
1905
1935
1905
1907
1937
1891
1891
1882
1879
1912
1892
1896
1914
1926
1889
1922
1919
1917
1902
1922
1907
1905
1913
1912
1867
1873
1925
1922
1910
1933
1905
1905
1931
1929
1933
1906
1934
1912
1925
1885
1911
1893
1891
1878
1925
1927
1882
1920
1884
1884
1907
1907
1922
1885
1885
1905
1909
1875
1901
1893
1924
1912
1908
1867
1903
1929
1916
1940
1915
1880
1914
1881
1909
1915
1912
1879
1907
1934
1899
1923
1889
1926
1919
1920
1894
1938
1896
1924
1928
1925
1922
1920
1918
1889
1898
1928
1929
1911
1918
1883
1890
1914
1916
1890
1924
1919
1906
1889
1914
1912
1921
1925
1898
1897
1929
1927
1887
1928
