1937
1936
1917
1931
1940
1879
1931
1911
1911
1914
1914
1924
1874
1886
1905
1860
1902
1935
1928
1906
1927
1926
1923
1921
1921
1923
1923
1923
1886
1926
1926
1928
1855
1890
1921
1913
1895
1895
1893
1896
1923
1884
1920
1925
1898
1863
1921
1921
1922
1899
1930
1899
1904
1891
1891
1933
1888
1930
1904
1933
1931
1905
1907
1888
1874
1915
1872
1912
1878
1872
1872
1881
1892
1921
1925
1890
1924
1908
1933
1885
1927
1926
1924
1885
1904
1904
1904
1904
1882
1878
1907
1907
1912
1883
1883
1909
1919
1914
1914
1877
1877
1871
1911
1894
1922
1887
1923
1891
1924
1921
1924
1914
1895
1882
1889
1906
1911
1911
1911
1868
1868
1900
1900
1930
1932
1936
1910
1910
1939
1897
1934
1932
1933
1907
1933
1907
1922
1907
1908
1939
1897
1878
1925
1882
1930
1897
1897
1926
1926
1904
1931
1933
1898
1898
1903
1935
1927
1937
1932
1934
1940
1929
1867
1867
1921
1921
1933
1933
1896
1896
1892
1882
1925
1920
1920
1880
1929
1899
1899
1930
1930
1909
1899
1906
1906
1928
1928
1905
1907
1912
1918
1918
1889
1889
1886
1886
1916
1916
1912
1899
1922
1908
1882
1897
1898
1900
1928
1930
1907
1907
1884
1940
1910
1938
1914
1907
1910
1888
1911
1918
1889
1892
1924
1921
1926
1914
1914
1940
1902
1902
1910
1914
1908
1901
1911
1912
1910
1909
1911
1940
1922
1918
1902
1902
1929
1902
1907
1923
1899
1925
1926
1893
1903
1929
1929
1934
1934
1890
1890
1869
1902
1902
1871
1874
1891
1872
1872
1899
1899
1905
1896
1865
1865
1900
1902
1859
1880
1907
1916
1873
1882
1910
1921
1925
1901
1923
1918
1872
1883
1880
1874
1873
1888
1889
1867
1865
1901
1901
1915
1877
1903
1931
1902
1903
1929
1909
1881
1881
1880
1881
1881
1882
1866
1898
1922
1891
1926
1887
1897
1934
1934
1904
1904
1897
1897
1937
1900
1904
1902
1867
1868
1902
1902
1928
1928
1902
1902
1895
1894
1903
1903
1905
1905
1936
1934
1903
1902
1902
1885
1885
1868
1898
1935
1931
1904
1927
1930
1932
1908
1881
1886
1862
1907
1881
1862
1905
1937
1893
1924
1928
1934
1926
1932
1930
1940
1879
1922
1924
1924
1865
1926
1902
1895
1926
1924
1892
1929
1937
1937
1897
1901
1932
1897
1867
1894
1924
1886
1918
1893
1894
1886
1912
1922
1924
1927
1921
1877
1912
1882
1867
1864
1905
1910
1886
1916
1886
1922
1887
1912
1914
1918
1929
1893
1892
1892
1867
1898
1895
1921
1923
1896
1892
1922
1894
1923
1892
1925
1908
1882
1922
1915
1912
1897
1899
1896
1896
1932
1933
1934
1888
1873
1937
1912
1894
1894
1938
1904
1906
1939
1883
1916
1940
1911
1923
1901
1905
1902
1927
1898
1898
1895
1901
1911
1919
1922
1850
1850
1883
1879
1915
1884
1913
1889
1885
1923
1862
1866
1922
1913
1914
1897
1897
1904
1907
1935
1920
1928
1898
1903
1902
1940
1907
1891
1902
1919
1930
1898
1898
1890
1898
1923
1911
1923
1937
1913
1926
1903
1902
1919
1906
1906
1920
1917
1896
1896
1935
1913
1934
1934
1934
1934
1934
1934
1934
1934
1934
1866
1910
1902
1905
1885
1906
1902
1935
1876
1903
1902
1892
1892
1925
1925
1927
1927
1923
1923
1923
1929
1886
1933
1924
1899
1899
1878
1876
1930
1901
1903
1885
1885
1908
1908
1921
1920
1924
1908
1920
1896
1940
1897
1897
1897
1897
1925
1925
1928
1928
1911
1900
1900
1860
1908
1907
1904
1925
1903
1887
1921
1891
1907
1902
1894
1907
1907
1907
1874
1924
1927
1930
1929
1896
1920
1896
1926
1890
1891
1896
1936
1911
1907
1925
1923
1937
1896
1895
1932
1869
1925
1925
1924
1924
1892
1892
1892
1922
1922
1893
1893
1920
1875
1875
1885
1926
1879
1928
1879
1878
1881
1908
1906
1937
1934
1895
1930
1898
1915
1915
1915
1893
1885
1923
1923
1892
1892
1893
1893
1920
1920
1889
1886
1884
1908
1902
1902
1902
1932
1932
1932
1931
1931
1931
1895
1895
1895
1931
1897
1897
1887
1894
1924
1918
1908
1871
1890
1933
1935
1923
1906
1910
1899
1899
1904
1904
1929
1929
1920
1927
1914
1913
1920
1920
1891
1891
1914
1913
1888
1898
1906
1906
1885
1885
1902
1929
1929
1924
1924
1899
1899
1926
1925
1921
1921
1934
1934
1934
1934
1932
1904
1893
1923
1921
1919
1895
1908
1902
1935
1936
1903
1908
1877
1905
1905
1928
1928
1930
1930
1894
1890
1902
1902
1926
1926
1924
1922
1885
1879
1922
1919
1879
1909
1912
1914
1875
1909
1893
1893
1926
1885
1885
1924
1897
1923
1876
1907
1924
1880
1908
1910
1893
1929
1923
1926
1925
1893
1889
1916
1916
1937
1923
1894
1896
1914
1890
1881
1914
1925
1929
1909
1894
1940
1900
1909
1878
1897
1932
1922
1930
1893
1936
1896
1928
1912
1907
1939
1888
1924
1885
1928
1885
1888
1925
1928
1875
1877
1922
1893
1929
1885
1928
1924
1899
1884
1929
1905
1933
1931
1868
1938
1880
1880
1880
1880
1872
1872
1873
1873
1903
1931
1911
1903
1928
1931
1915
1940
1911
1937
1900
1894
1916
1927
1931
1893
1893
1926
1903
1882
1882
1936
1857
1857
1929
1885
1886
1933
1899
1886
1885
1939
1915
1914
1878
1876
1869
1869
1905
1905
1867
1867
1909
1913
1913
1899
1915
1914
1892
1919
1904
1912
1931
1928
1933
1884
1884
1904
1901
1901
1901
1903
1925
1915
1915
1889
1888
1896
1896
1896
1887
1937
1937
1909
1909
1904
1904
1870
1920
1885
1891
1905
1905
1892
1909
1916
1880
1914
1924
1881
1888
1861
1859
1925
1876
1918
1921
1872
1914
1922
1916
1890
1890
1921
1921
1902
1874
1924
1873
1922
1888
1896
1902
1923
1901
1901
1935
1872
1905
1911
1884
1918
1895
1907
1907
1907
1872
1872
1872
1904
1904
1904
1912
1882
1937
1938
1939
1940
1919
1888
1915
1890
1870
1907
1912
1938
1909
1901
1927
1909
1878
1904
1871
1925
1893
1893
1880
1880
1878
1875
1875
1873
1873
1905
1900
1878
1923
1915
1940
1910
1902
1931
1885
1884
1920
1914
1893
1927
1923
1925
1894
1893
1893
1926
1894
1898
1898
1912
1912
1904
1904
1904
1904
1933
1930
1902
1902
1910
1910
1910
1939
1939
1939
1938
1938
1938
1908
1908
1908
1922
1922
1912
1912
1921
1921
1883
1883
1888
1888
1895
1895
1915
1894
1886
1902
1900
1922
1892
1878
1894
1934
1905
1908
1880
1927
1922
1928
1885
1925
1905
1905
1890
1908
1940
1914
1908
1893
1925
1920
1895
1910
1914
1909
1911
1880
1880
1913
1913
1915
1915
1917
1917
1878
1878
1909
1909
1856
1856
1926
1927
1901
1901
1939
1939
1922
1923
1900
1900
1898
1923
1897
1897
1897
1932
1922
1937
1909
1898
1907
1898
1897
1880
1876
1874
1874
1886
1886
1925
1925
1916
1918
1932
1923
1922
1913
1936
1926
1926
1926
1899
1899
1899
1896
1896
1896
1931
1931
1920
1920
1874
1914
1914
1875
1916
1916
1885
1920
1913
1924
1880
1910
1886
1886
1919
1913
1900
1870
1914
1870
1906
1911
1912
1932
1873
1920
1925
1919
1901
1934
1885
1897
1925
1917
1933
1932
1928
1886
1922
1899
1915
1895
1895
1924
1924
1910
1910
1872
1872
1914
1914
1875
1875
1915
1904
1903
1895
1869
1891
1882
1925
1923
1904
1869
1928
1910
1910
1917
1905
1876
1885
1905
1903
1930
1901
1928
1902
1878
1887
1925
1931
1899
1902
1906
1935
1928
1931
1920
1888
1890
1906
1906
1908
1902
1932
1933
1935
1907
1903
1940
1938
1905
1905
1906
1906
1936
1904
1903
1937
1896
1879
1875
1926
1896
1933
1897
1880
1878
1924
1911
1884
1882
1882
1925
1894
1892
1923
1927
1865
1930
1932
1936
1906
1937
1909
1938
1931
1934
1921
1921
1895
1895
1923
1923
1891
1891
1907
1907
1932
1932
1900
1900
1897
1897
1904
1894
1926
1920
1873
1906
1906
1909
1910
1914
1935
1935
1872
1933
1933
1905
1905
1886
1887
1882
1881
1863
1862
1862
1865
1875
1879
1866
1866
1887
1876
1881
1883
1883
1919
1917
1865
1911
1911
1880
1880
1881
1881
1902
1933
1905
1937
1904
1886
1884
1921
1884
1898
1903
1930
1927
1880
1880
1880
1888
1908
1908
1908
1927
1931
1899
1899
1913
1915
1940
1868
1902
1927
1895
1902
1939
1925
1932
1904
1863
1898
1898
1907
1924
1914
1908
1882
1882
1885
1904
1879
1898
1866
1866
1914
1914
1875
1865
1890
1891
1920
1922
1937
1902
1902
1905
1933
1906
1907
1857
1914
1923
1927
1917
1917
1888
1888
1890
1890
1923
1923
1925
1925
1921
1921
1919
1919
1875
1878
1878
1899
1875
1906
1880
1913
1908
1908
1918
1918
1879
1879
1886
1886
1908
1881
1878
1908
1911
1899
1925
1897
1916
1903
1879
1913
1879
1893
1924
1920
1889
1874
1871
1906
1889
1913
1916
1887
1887
1880
1893
1884
1923
1917
1914
1903
1904
1899
1929
1910
1912
1899
1900
1864
1864
1861
1861
1926
1917
1924
1874
1878
1933
1897
1922
1900
1896
1894
1899
1900
1922
1926
1883
1883
1886
1886
1919
1919
1878
1918
1906
1900
1900
1902
1902
1869
1918
1918
1881
1881
1910
1913
1911
1898
1937
1901
1909
1909
1882
1898
1893
1888
1928
1899
1899
1930
1920
1923
1931
1922
1927
1896
1929
1893
1894
1873
1926
1894
1929
1931
1932
1927
1896
1910
1906
1908
1877
1876
1876
1881
1924
1888
1889
1889
1922
1898
1900
1900
1914
1891
1900
1926
1912
1916
1914
1934
1888
1892
1927
1887
1887
1887
1887
1887
1887
1887
1912
1885
1928
1915
1867
1907
1902
1902
1904
1904
1887
1917
1888
1911
1901
1902
1933
1933
1922
1925
1918
1929
1887
1921
1887
1927
1883
1907
1862
1863
1902
1909
1913
1904
1872
1873
1878
1919
1919
1850
1877
1880
1873
1909
1882
1882
1858
1859
1877
1877
1882
1882
1882
1925
1925
1923
1923
1920
1920
1920
1915
1904
1905
1867
1872
1872
1872
1885
1869
1900
1900
1900
1902
1902
1910
1910
1910
1902
1878
1881
1935
1935
1892
1905
1905
1918
1918
1910
1910
1905
1900
1906
1873
1878
1907
1873
1877
1934
1934
1932
1932
1892
1892
1905
1905
1894
1894
1899
1899
1872
1872
1880
1880
1905
1933
1936
1901
1889
1939
1908
1912
1916
1874
1895
1907
1933
1934
1877
1877
1902
1902
1924
1924
1938
1876
1876
1873
1873
1931
1889
1916
1880
1928
1928
1914
1905
1908
1908
1915
1914
1902
1900
1879
1882
1879
1906
1932
1885
1919
1889
1889
1891
1880
1912
1898
1927
1922
1887
1909
1937
1895
1903
1905
1909
1938
1934
1930
1897
1922
1909
1880
1912
1880
1907
1880
1907
1880
1915
1939
1903
1915
1872
1893
1877
1902
1894
1924
1913
1919
1892
1914
1887
1894
1905
1909
1936
1872
1869
1903
1903
1914
1915
1869
1869
1912
1912
1911
1911
1906
1889
1889
1910
1935
1904
1927
1879
1907
1885
1880
1880
1885
1886
1898
1893
1888
1901
1887
1915
1889
1857
1910
1885
1910
1868
1903
1899
1907
1907
1907
1880
1913
1913
1913
1913
1919
1881
1881
1920
1920
1878
1887
1885
1890
1896
1896
1932
1932
1932
1930
1930
1896
1930
1905
1905
1904
1882
1882
1898
1889
1922
1900
1897
1928
1924
1862
1901
1901
1900
1908
1871
1873
1907
1891
1927
1927
1929
1929
1896
1896
1927
1929
1898
1928
1932
1902
1929
1935
1898
1899
1901
1927
1929
1930
1925
1932
1901
1934
1936
1926
1929
1895
1898
1890
1922
1922
1925
1925
1868
1876
1903
1883
1921
1877
1888
1915
1908
1893
1893
1884
1922
1903
1921
1898
1898
1898
1898
1898
1902
1902
1902
1902
1902
1898
1898
1898
1898
1939
1939
1939
1939
1939
1861
1904
1929
1931
1937
1935
1927
1869
1940
1940
1901
1939
1933
1921
1921
1904
1896
1919
1894
1939
1914
1913
1901
1866
1865
1858
1896
1927
1861
1861
1885
1885
1916
1916
1881
1881
1878
1886
1920
1914
1925
1911
1883
1886
1890
1936
1892
1892
1935
1897
1897
1924
1924
1931
1871
1885
1917
1928
1930
1930
1923
1923
1926
1927
1926
1926
1892
1892
1894
1908
1895
1921
1899
1920
1887
1882
1917
1869
1899
1899
1926
1895
1895
1882
1875
1907
1909
1901
1902
1936
1921
1931
1896
1938
1919
1927
1890
1929
1903
1903
1903
1903
1913
1913
1913
1906
1906
1910
1910
1910
1878
1878
1908
1917
1917
1917
1911
1911
1911
1908
1878
1914
1926
1878
1919
1911
1909
1884
1891
1910
1906
1895
1895
1921
1891
1921
1918
1898
1924
1914
1872
1902
1892
1892
1892
1878
1911
1898
1848
1846
1898
1924
1890
1930
1907
1907
1911
1874
1882
1895
1894
1894
1870
1896
1925
1904
1930
1936
1905
1897
1902
1914
1878
1892
1933
1922
1917
1924
1889
1914
1908
1892
1892
1894
1894
1919
1919
1923
1920
1920
1923
1881
1936
1909
1894
1911
1905
1903
1876
1905
1912
1919
1884
1923
1867
1890
1893
1914
1899
1906
1875
1891
1922
1915
1893
1939
1915
1888
1919
1921
1914
1915
1888
1932
1890
1890
1890
1898
1920
1923
1898
1934
1925
1927
1940
1914
1912
1921
1913
1908
1869
1911
1920
1920
1899
1899
1901
1922
1901
1869
1895
1893
1897
1897
1916
1923
1893
1897
1905
1905
1923
1909
1909
1880
1919
1916
1882
1886
1886
1888
1929
1893
1896
1888
1930
1902
1899
1935
1875
1903
1936
1876
1903
1876
1930
1914
1929
1929
1924
1861
1885
1895
1928
1890
1925
1925
1888
1894
1923
1920
1889
1889
1928
1928
1897
1898
1924
1924
1927
1934
1934
1903
1903
1872
1907
1892
1892
1877
1902
1903
1899
1932
1932
1930
1930
1887
1929
1936
1893
1926
1868
1862
1931
1899
1902
1910
1910
1923
1929
1894
1896
1893
1925
1921
1865
1885
1924
1897
1895
1921
1886
1886
1891
1923
1925
1907
1906
1938
1920
1923
1913
1917
1889
1886
1911
1911
1911
1911
1911
1936
1936
1886
1885
1889
1917
1876
1864
1898
1902
1896
1935
1875
1933
1910
1888
1899
1936
1897
1931
1908
1894
1929
1924
1923
1900
1921
1921
1913
1900
1929
1905
1887
1913
1913
1905
1919
1922
1884
1894
1893
1924
1918
1899
1899
1899
1899
1852
1901
1927
1897
1927
1878
1874
1870
1873
1922
1897
1920
