1910
1942
1920
1889
1886
1896
1884
1888
1923
1888
1918
1920
1889
1890
1879
1908
1885
1914
1910
1920
1929
1927
1895
1917
1922
1924
1901
1890
1898
1930
1927
1896
1898
1907
1894
1920
1906
1910
1939
1936
1907
1897
1932
1926
1904
1933
1903
1904
1896
1923
1922
1899
1887
1905
1912
1914
1900
1933
1927
1902
1905
1914
1916
1913
1913
1908
1907
1879
1904
1939
1889
1883
1895
1926
1889
1892
1902
1899
1924
1896
1931
1891
1916
1907
1925
1933
1894
1928
1896
1927
1929
1935
1906
1931
1905
1929
1923
1900
1921
1928
1911
1912
1933
1870
1913
1898
1927
1884
1885
1888
1910
1910
1937
1937
1904
1927
1922
1895
1922
1909
1908
1891
1893
1923
1884
1885
1903
1912
1939
1885
1921
1891
1888
1915
1927
1922
1888
1933
1907
1905
1900
1911
1915
1926
1903
1921
1927
1921
1914
1925
1886
1878
1930
1925
1893
1927
1891
1904
1900
1931
1901
1897
1934
1910
1899
1927
1935
1880
1910
1910
1899
1930
1900
1900
1924
1881
1929
1893
1923
1925
1935
1896
1941
1908
1884
1903
1920
1904
1916
1926
1906
1916
1907
1901
1937
1914
1918
1864
1936
1898
1927
1905
1938
1913
1913
1934
1932
1908
1875
1915
1913
1940
1907
1927
1897
1925
1915
1911
1886
1895
1910
1904
1938
1932
1879
1906
1897
1922
1914
1923
1898
1925
1923
1879
1880
1890
1890
1919
1883
1879
1914
1913
1915
1915
1939
1911
1916
1916
1921
1918
1896
1935
1900
1906
1928
1898
1897
1923
