1899
1903
1906
1905
1906
1896
1900
1905
1884
1904
1902
1894
1900
1895
1908
1906
1911
1895
1929
1909
1908
1030
1908
1909
1000
1896
1934
1008
1916
1914
1119
1924
1896
1200
1895
1906
1896
1899
1902
1883
1931
1922
1888
1912
1900
1901
1899
1909
1920
1905
1905
1899
1203
1909
1894
1884
1884
1886
1905
1934
1908
1904
1904
1903
1931
1934
1903
1928
1899
1913
1939
1911
1923
1909
1895
1923
1910
1914
1906
1903
1920
1904
1913
1914
1008
1920
1896
1898
1906
1937
1897
1899
1907
1901
1884
1931
1000
1888
1019
1890
1915
1895
1000
1908
1911
