1882
1890
1884
1882
1882
1911
1912
1909
1937
1903
1930
1919
1917
1917
1925
1939
1889
1885
1913
1911
1923
1906
1919
1929
1925
1894
1891
1910
1912
1905
1904
1934
1909
1910
1939
1927
1935
1886
1925
1883
1932
1921
1876
1925
1907
1915
1923
1919
1924
1894
1897
1920
1928
1921
1906
1931
1934
1938
1916
1894
1890
1933
1905
1915
1863
1890
1922
1886
1927
1891
1911
1877
1907
1926
1895
1928
1890
1883
1907
1933
1928
1902
1937
1904
1909
1907
1912
1881
1923
1907
1912
1906
1888
1884
1937
1897
1925
1885
1922
1884
1926
1880
1909
1894
1923
1887
1921
1888
1919
1917
1919
1878
1925
1932
1896
1940
1907
1915
1938
1910
1908
1869
1917
1890
1917
1888
1923
1915
1890
1917
1900
1909
1880
1887
1911
1914
1938
1885
1896
1924
1880
1912
1917
1925
1915
1880
1911
1922
1904
1938
1904
1897
1907
1939
1926
1934
1910
1883
1909
1923
1907
1932
1938
1907
1918
1904
1929
1930
1900
1927
1904
1902
1912
1909
1887
1934
1918
1929
1883
1912
1914
1923
1939
1926
1889
1889
1921
1936
1872
1907
1882
1929
1927
1905
1905
1906
1935
1932
1903
1925
1905
1931
1928
1894
1931
1901
1918
1880
1914
1920
1894
1915
1925
1892
1933
1930
1939
1923
1862
1880
1895
1922
1910
1910
1910
1929
1929
1923
1888
1928
1885
1925
1907
1906
1914
1888
1937
1918
1885
1930
1927
1868
1870
1912
1921
1887
1923
1880
1917
1889
1927
1925
1913
1878
1892
1888
1913
1917
1931
1901
1930
1937
1899
1880
1886
1915
1921
1920
1917
1926
1925
1905
1931
1926
1907
1937
1908
1890
1884
1930
1937
1907
1902
1919
1913
1882
1892
1889
1939
1913
1919
1931
1902
1898
1915
1872
1924
1889
1918
1889
1924
1927
1924
1888
1894
1927
1912
1934
1937
1909
1923
1882
1914
1878
1913
1904
1904
1890
1915
1870
1903
1899
1938
1896
1925
1907
1919
1888
1886
1923
1939
1917
1895
1888
1929
1926
1913
1886
1925
1924
1920
1922
1933
1935
1877
1912
1907
1917
1915
1939
1880
1936
1876
1902
1906
1933
1923
1897
1908
1865
1894
1929
1913
1875
1925
1885
1912
1881
1927
1889
1875
1911
1931
1903
1899
1912
1887
1912
1910
1870
1916
1870
1875
1879
1911
