1919
1919
1910
1910
1880
1880
1909
1909
1912
1912
1936
1936
1914
1914
1921
1921
1904
1904
1924
1924
1908
1908
1907
1907
1881
1881
1883
1883
1909
1909
1886
1886
1879
1879
1885
1885
1907
1907
1886
1886
1910
1910
1912
1912
1925
1925
1923
1923
1891
1891
1919
1919
1896
1896
1927
1927
1896
1896
1912
1912
1916
1916
1926
1926
1892
1892
1877
1877
1927
1927
1884
1884
1924
1924
1925
1925
1891
1891
1932
1932
1925
1925
1884
1884
1898
1898
1909
1909
1885
1885
1887
1887
1929
1929
1921
1921
1923
1923
1900
1900
1931
1931
1924
1924
1897
1897
1934
1934
1912
1912
1880
1880
1903
1903
1904
1904
1931
1931
1871
1871
1911
1911
1939
1939
1906
1906
1904
1904
1870
1870
1908
1908
1917
1917
1898
1898
1898
1898
1926
1926
1927
1927
1923
1923
1918
1918
1893
1893
1914
1914
1910
1910
1899
1899
1927
1927
1898
1898
1924
1924
1926
1926
1909
1909
1935
1935
1908
1908
1909
1909
1878
1878
1922
1922
1897
1897
1895
1895
1913
1913
1912
1912
1872
1872
1909
1909
1937
1937
1902
1902
1905
1905
1931
1931
1885
1885
1886
1886
