1890
1913
1889
1884
1918
1920
1891
1893
1915
1924
1898
1893
1904
1935
1929
1901
1927
1930
1932
1936
1909
1907
1938
1898
1937
1881
1893
1891
1926
1887
1888
1917
1912
1932
1909
1910
1925
1884
1924
1930
1926
1894
1895
1923
1920
1932
1880
1887
1922
1916
1930
1891
1924
1925
1879
1898
1865
1925
1878
1893
1929
1929
1916
1905
1937
1909
1939
1904
1933
1876
1914
1893
1924
1894
1924
1915
1906
1930
1896
1901
1921
1924
1891
1896
1920
1912
1939
1912
1911
1899
1940
1935
1896
1924
1898
1925
1884
1908
1934
1908
1926
1923
1921
1873
1915
1873
1911
1916
1915
1890
1889
1917
1920
1886
1886
1930
1883
1916
1886
1910
1907
1915
1880
1898
1895
