1899
1887
1927
1938
1910
1904
1894
1919
1928
1891
1924
1921
1925
1900
1903
1938
1910
1939
1931
1909
1911
1877
1904
1865
1900
1904
1904
1934
1908
1907
1867
1922
1872
1895
1892
1889
1874
1893
1929
1926
1885
1924
1922
1913
1892
1917
1884
1933
1932
1905
1937
1938
1905
1914
1938
1908
1933
1905
1911
1934
1869
1895
1896
1911
1914
1937
1920
1922
1925
1896
1892
1882
1883
1929
1907
1906
1934
1872
1910
1907
1871
1867
1919
1882
1937
1895
1876
1870
1875
1909
1886
1919
1925
1916
1920
1891
1928
1921
1893
1911
1900
1871
1878
1900
1911
1932
1923
1895
1926
1896
1906
1903
1915
1882
1875
1933
1875
1908
1935
1924
1886
1940
1912
1911
1880
1880
1920
1914
1908
1931
1907
1909
1870
1860
1896
1921
1899
1879
1878
1925
1891
1910
1928
1898
1927
1912
1907
1935
1909
1880
1916
1882
1924
1917
1887
1912
1935
1926
1898
1935
1935
1908
1905
1931
1931
1921
1889
1916
1889
1920
1925
1932
1867
1925
1894
1898
1936
1927
1923
1913
1887
1887
1919
1919
1912
1864
