1939
1939
1908
1908
1918
1918
1899
1899
1905
1905
1937
1937
1905
1905
1931
1931
1905
1905
1932
1932
1904
1904
1904
1904
1907
1907
1908
1908
1875
1875
1904
1904
1863
1863
1863
1863
1908
1908
1878
1878
1873
1873
1889
1889
1930
1930
1938
1938
1901
1901
1938
1938
1915
1915
1911
1911
1900
1900
1924
1924
1895
1895
1900
1900
1929
1929
1926
1926
1927
1927
1884
1884
1924
1924
1916
1916
1898
1898
1919
1919
1932
1932
1927
1927
1891
1891
1897
1897
1931
1931
1917
1917
1910
1910
1893
1893
1937
1937
1888
1888
1894
1894
1927
1927
1938
1938
1860
1860
1937
1937
1892
1892
1932
1932
1921
1921
1889
1889
1869
1869
1900
1900
1914
1914
1940
1940
1912
1912
1880
1880
1878
1878
1898
1898
1898
1898
1928
1928
1931
1931
1938
1938
1912
1912
1904
1904
1895
1895
1939
1939
1920
1920
1884
1884
1912
1912
1913
1913
1863
1863
1924
1924
1932
1932
1885
1885
1896
1896
1911
1911
1907
1907
1940
1940
1927
1927
1894
1894
1897
1897
1928
1928
1931
1931
1940
1940
1918
1918
1914
1914
1931
1931
1937
1937
1909
1909
1908
1908
1939
1939
1918
1918
1900
1900
1912
1912
1901
1901
1937
1937
1911
1911
1874
1874
1930
1930
1898
1898
1907
1907
1934
1934
1933
1933
1888
1888
1870
1870
1876
1876
1902
1902
