1937
1937
1909
1909
1903
1903
1931
1931
1934
1934
1870
1870
1903
1903
1931
1931
1933
1933
1900
1900
1929
1929
1922
1922
1929
1929
1926
1926
1890
1890
1890
1890
1908
1908
1939
1939
1914
1914
1938
1938
1908
1908
1908
1908
1892
1892
1920
1920
1862
1862
1923
1923
1883
1883
1925
1925
1925
1925
1889
1889
1928
1928
1900
1900
1919
1919
1927
1927
1922
1922
1892
1892
1887
1887
1916
1916
1930
1930
1903
1903
1938
1938
1905
1905
1913
1913
1883
1883
1911
1911
1918
1918
1882
1882
1906
1906
1922
1922
1915
1915
1885
1885
1887
1887
1923
1923
1923
1923
1919
1919
1888
1888
1888
1888
1934
1934
1933
1933
1909
1909
1909
1909
1932
1932
1925
1925
1895
1895
1900
1900
1929
1929
1877
1877
1901
1901
1904
1904
1897
1897
1895
1895
1896
1896
1925
1925
1928
1928
1897
1897
1926
1926
1932
1932
1903
1903
1897
1897
1866
1866
1862
1862
1895
1895
1923
1923
1926
1926
1895
1895
1921
1921
1880
1880
1901
1901
1923
1923
1897
1897
1929
1929
1927
1927
1893
1893
1929
1929
1896
1896
1940
1940
1928
1928
1904
1904
1909
1909
1924
1924
1925
1925
1927
1927
1930
1930
1921
1921
1915
1915
1887
1887
1884
1884
1902
1902
1928
1928
1933
1933
1902
1902
1935
1935
1909
1909
1868
1868
1863
1863
1924
1924
1860
1860
1920
1920
1912
1912
1880
1880
1915
1915
1909
1909
1938
1938
1932
1932
1933
1933
1907
1907
1901
1901
1928
1928
1904
1904
1905
1905
1930
1930
1907
1907
1919
1919
1914
1914
1876
1876
1875
1875
1894
1894
1918
1918
1921
1921
1935
1935
1928
1928
1892
1892
1885
1885
1924
1924
1914
1914
1921
1921
1883
1883
