1921
1921
1917
1917
1902
1902
1931
1931
1876
1876
1904
1904
1891
1891
1931
1931
1906
1906
1880
1880
1902
1902
1907
1907
1935
1935
1868
1868
1925
1925
1907
1907
1931
1931
1880
1880
1929
1929
1903
1903
1910
1910
1905
1905
1927
1927
1919
1919
1909
1909
1897
1897
1905
1905
1897
1897
1893
1893
1921
1921
1900
1900
1878
1878
1888
1888
1918
1918
1924
1924
1931
1931
1892
1892
1892
1892
1887
1887
1887
1887
1924
1924
1931
1931
1877
1924
1877
1924
1922
1922
1914
1914
1918
1918
1903
1903
1931
1931
1929
1929
1931
1931
1897
1897
1902
1902
1934
1934
1901
1901
1900
1900
1934
1934
1901
1901
1883
1883
1883
1883
1895
1895
1895
1895
1908
1908
1914
1914
1920
1920
1915
1915
1880
1880
1882
1882
1885
1885
1910
1910
1876
1876
1880
1880
1909
1909
1924
1924
1917
1917
1891
1891
1927
1927
1919
1919
1893
1893
1921
1921
1891
1891
1906
1906
1928
1928
1920
1920
1936
1936
1936
1936
1927
1927
1912
1912
1912
1912
1909
1909
1909
1909
1938
1938
1938
1938
1904
1904
1904
1904
1930
1930
1930
1930
1902
1902
1902
1902
1931
1931
1931
1931
1931
1931
1931
1931
1904
1904
1907
1907
1905
1905
1900
1900
1900
1900
1911
1911
1933
1933
1936
1936
1933
1933
1930
1930
1879
1879
1879
1879
1882
1882
1882
1882
1890
1890
1903
1903
1924
1924
1906
1906
1911
1911
1876
1876
1904
1904
1912
1912
1869
1869
1901
1901
1928
1928
1897
1897
1912
1912
1912
1912
1904
1904
1928
1928
1880
1880
1867
1867
1898
1898
1898
1898
1880
1880
1880
1880
1880
1880
1906
1906
1915
1915
1915
1915
1911
1911
1911
1911
1875
1875
1875
1875
1906
1906
1872
1872
1872
1872
1900
1900
1902
1902
1931
1931
1905
1905
1939
1939
1924
1928
1924
1928
1906
1906
1935
1935
1910
1910
1933
1933
1933
1933
1919
1919
1919
1919
1907
1907
1907
1907
1929
1929
1919
1919
1903
1903
1900
1900
1926
1926
1862
1862
1862
1862
1922
1922
1938
1938
1938
1938
1937
1937
1937
1937
1910
1910
1917
1917
1921
1921
1919
1919
1888
1888
1898
1898
1898
1898
1925
1925
1889
1889
1927
1927
1914
1914
1914
1914
1934
1931
1904
1934
1931
1904
1884
1884
1891
1891
1893
1893
1936
1936
1919
1919
1932
1932
1928
1928
1930
1930
1924
1924
1896
1896
1922
1922
1876
1876
1903
1903
1930
1930
1905
1905
1930
1930
1919
1919
1932
1932
1929
1929
1930
1930
1924
1924
1896
1896
1922
1922
1930
1930
1930
1930
1904
1904
1904
1904
1931
1931
1931
1931
1926
1921
1926
1921
1896
1896
1878
1878
1900
1900
1922
1922
1925
1925
1894
1894
1922
1922
1894
1894
1902
1902
1868
1868
1886
1886
1926
1926
1907
1907
1935
1935
1910
1910
1883
1883
1883
1883
1894
1894
1923
1923
1922
1922
1927
1927
1867
1864
1864
1867
1914
1914
1865
1865
1865
1865
1921
1921
1909
1909
1885
1885
1911
1911
1906
1906
1877
1877
1925
1925
1921
1921
1888
1888
1895
1895
1910
1910
1910
1910
1888
1888
1888
1888
1876
1876
1876
1876
1898
1898
1898
1898
1891
1891
1891
1891
1923
1923
1923
1923
1921
1921
1921
1921
1926
1926
1926
1926
1886
1886
1886
1886
1924
1924
1924
1924
1888
1888
1895
1895
1895
1895
1925
1925
1925
1925
1919
1919
1900
1900
1900
1900
1902
1900
1900
1902
1913
1913
1887
1887
1885
1885
1919
1919
1929
1928
1928
1929
1894
1894
1894
1894
1918
1918
1927
1937
1927
1937
1924
1924
1924
1924
1936
1936
1936
1936
1933
1923
1933
1923
1925
1935
1925
1935
1895
1895
1895
1895
1918
1918
1912
1912
1921
1921
1883
1883
1885
1885
1925
1925
1900
1900
1908
1908
1916
1916
1883
1883
1885
1885
1925
1925
1921
1921
1933
1933
1908
1908
1913
1913
1938
1938
1918
1918
1900
1900
1900
1900
1916
1916
1869
1869
1862
1862
1919
1919
1932
1932
1932
1932
1931
1931
1931
1931
1902
1902
1902
1902
1884
1884
1884
1884
1905
1905
1905
1905
1910
1910
1910
1910
1931
1931
1902
1902
1898
1898
1931
1931
1902
1902
1898
1898
1900
1900
1937
1937
1937
1937
1902
1902
1902
1902
1920
1920
1889
1889
1895
1895
1909
1909
1934
1934
1905
1905
1937
1937
1937
1937
1903
1903
1903
1903
1903
1903
1903
1903
1899
1899
1931
1931
1929
1929
1894
1894
1909
1909
1881
1881
1881
1881
1879
1879
1879
1879
1885
1885
1885
1885
1883
1883
1883
1883
1909
1909
1909
1909
1913
1913
1940
1940
1912
1912
1894
1894
1888
1888
1914
1914
1891
1891
1895
1895
1929
1929
1902
1902
1924
1924
1891
1891
1925
1925
1904
1904
1916
1916
1913
1913
1910
1910
1924
1924
1894
1894
1914
1914
1922
1922
1916
1916
1880
1880
1880
1880
1894
1894
1922
1922
1915
1915
1925
1925
1921
1921
1920
1920
1920
1920
1892
1897
1897
1892
1925
1925
1895
1895
1895
1895
1927
1927
1879
1879
1937
1937
1937
1937
1900
1900
1900
1900
1913
1913
1887
1887
1885
1885
1875
1875
1875
1875
1939
1939
1939
1939
1905
1905
1905
1905
1892
1892
1898
1898
1929
1929
1905
1905
1905
1905
1910
1910
1910
1910
1892
1892
1931
1931
1931
1931
1893
1893
1938
1938
1938
1938
1929
1929
1896
1896
1906
1906
1935
1935
1903
1903
1900
1900
1933
1933
1941
1941
1907
1907
1922
1922
1895
1895
1934
1934
1934
1934
1905
1905
1905
1905
1911
1911
1911
1911
1939
1939
