1904
1904
1938
1938
1906
1906
1906
1906
1905
1905
1932
1932
1902
1931
1902
1931
1874
1874
1921
1921
1917
1917
1920
1920
1913
1913
1885
1885
1891
1891
1862
1862
1909
1909
1934
1934
1937
1937
1906
1906
1891
1891
1935
1935
1933
1933
1893
1893
1929
1929
1925
1925
1922
1922
1900
1900
1892
1892
1910
1910
1875
1875
1882
1882
1908
1908
1909
1909
1877
1877
1873
1873
1906
1906
1938
1938
1909
1909
1898
1898
1936
1936
1915
1915
1909
1909
1892
1892
1873
1873
1867
1867
1921
1921
1912
1912
1864
1864
1872
1872
1906
1906
1920
1920
1914
1914
1916
1916
1885
1885
1877
1877
