1909
1875
1898
1934
1905
1893
1895
1872
1921
1891
1942
1915
1922
1906
1886
1927
1898
1901
1898
1917
1928
1921
1913
1878
1913
1893
1900
1921
1881
1917
1892
1899
1901
1925
1931
1900
1894
1903
1900
1905
1871
1879
1920
1889
1922
1894
1887
1924
1889
1875
1926
1893
1930
1914
1914
1875
1884
1892
1884
1888
1921
1895
1901
1895
1900
1925
1871
1929
1935
1901
1865
1873
1875
1927
1871
1904
1876
1917
1887
1885
1885
1910
1917
1887
1920
1885
1872
1898
1887
1925
1880
1918
1878
1897
1893
1885
1916
1922
1898
1890
1876
1877
1882
1893
1887
1905
1944
1904
1889
1927
1891
1898
1888
1924
1892
1883
1912
1878
1888
1911
1871
1918
1906
1908
1875
1885
1888
1898
1918
1914
1891
1892
1920
1900
1919
1895
1866
1928
1922
1923
1899
1883
1906
1893
1911
1894
1888
1903
1909
1932
1902
1914
1889
1905
1933
1897
1924
1925
1925
1909
1911
1923
1904
1926
1894
1898
1921
1867
1907
1898
1921
1916
1893
1875
1896
1902
1946
1911
1923
1912
1865
1909
1945
1890
1920
1893
1923
1878
1899
1922
1868
1903
1891
1912
1885
1915
1926
1916
1893
1905
1907
1892
1890
1891
1901
1890
1875
1879
1943
1898
1894
1923
1897
1908
1924
1892
1918
1904
1884
1884
1924
1902
1917
1881
1893
1920
1892
1887
1905
1922
1913
1897
1906
1897
1885
1908
1908
1890
1919
1905
1906
1910
1894
1921
1869
1892
1885
1895
1899
1901
1893
1884
1921
1915
1886
1924
1883
1924
1925
1903
1913
1887
1885
1927
1903
1912
1911
1899
1920
1923
1888
1910
1904
1877
1911
1915
1882
1903
1912
1881
1875
1913
1891
1915
1878
1921
1911
1891
1896
1879
1912
1908
1894
1887
1923
1881
1915
1881
1872
1910
1883
1921
1898
1899
1905
1902
1909
1884
1910
1885
1895
1904
1882
1886
1892
1865
1883
1922
