1904
1904
1900
1894
1926
1931
1907
1902
1902
1930
1874
1906
1927
1918
1886
1921
1919
1885
1924
1931
1912
1909
1883
1914
1926
1916
1924
1919
1922
1883
1908
1914
1908
1901
1906
1918
1908
1870
1910
1908
1931
1864
1927
1925
1928
1872
1899
1932
1906
1877
1921
1924
1889
1899
1867
1909
1908
1876
1914
1917
1915
1929
1891
1909
1912
1909
1916
1888
1925
1917
1895
1928
1891
1897
1910
1939
1937
1926
1924
1897
1893
1932
1923
1929
1909
1912
1906
1909
1911
1928
1925
1922
1916
1924
1928
1890
1933
1907
1909
1900
1933
1910
1937
1903
1920
1904
1936
1881
1915
1915
1884
1890
1919
1923
1913
1919
1893
1917
1888
1907
1927
1900
1902
1923
1937
1910
1934
1910
1911
1905
1913
1910
1929
1886
1885
1926
1921
1918
1895
1919
1916
1890
1924
1924
1922
1919
1930
1892
1926
1905
1875
1905
1898
1889
1916
1906
1909
1933
1935
1923
1885
1913
1922
1914
1919
1902
1922
1914
1936
1939
1928
1925
1930
1935
1922
1896
1897
1903
1903
1910
1913
1941
1888
1913
1924
1925
1916
1914
1886
1924
1921
1895
1923
1925
1894
1930
1899
1900
1919
1916
1937
1912
1908
1934
1908
1882
1913
1880
1909
1910
1880
1914
1910
1907
1907
1915
1867
1892
1889
1915
1925
1917
1865
1925
1896
1859
1909
1895
1924
1926
1920
1912
1920
1914
1888
1925
1922
1931
1928
1886
1921
1920
1922
1898
1928
1913
1912
1926
1897
1931
1919
1900
1913
1919
1921
1916
1882
1885
1900
1941
1911
1914
1896
1892
1932
1935
1903
1915
1907
1912
1909
1917
1875
1921
1895
1923
1893
1913
1908
1910
1900
1938
1898
1897
1922
1900
1923
1875
1924
1894
1872
1896
1921
1913
1915
1916
1934
1910
1916
1936
1909
1901
1901
1933
1938
1913
1923
1884
1882
1881
1895
1884
1879
1910
1933
1936
1935
1910
1915
1907
1922
1931
1912
1918
1896
1923
1926
1922
1910
1915
1918
1926
1930
1904
1929
1922
1901
1894
1909
1939
1904
1932
1894
1927
1925
1892
1921
1923
1905
1875
1890
1924
1910
1921
1878
1900
1927
1921
1916
1892
1929
1899
1919
1928
1890
1923
1907
1939
1883
1911
1939
1927
1912
