1907
1898
1927
1913
1938
1902
1882
1905
1883
1874
1873
1913
1880
1924
1880
1917
1908
1906
1908
1933
1916
1893
1892
1877
1873
1902
1940
1900
1934
1932
1921
1914
1917
1910
1925
1907
1904
1929
1867
1885
1884
1908
1914
1887
1910
1906
1928
1878
1910
1937
1910
1917
1887
1918
1899
1906
1920
1926
1922
1928
1888
1893
1914
1911
1912
1927
1898
1899
1875
1869
1906
1920
1916
1882
1881
1895
1924
1903
1926
1902
1931
1922
1912
1868
1914
1910
1904
1896
1908
1872
1909
1906
1866
1884
1898
1883
1908
1916
1909
1911
1901
1938
1878
1911
1906
1891
1908
1910
1880
1917
1912
1939
1912
1918
1922
1918
1868
1924
1933
1897
1905
1889
1922
1925
1895
1918
1920
1891
1923
1916
1919
1894
1917
1908
1909
1933
1893
1930
1926
1908
1924
1894
1920
1886
1906
1937
1910
1932
1883
1927
1874
1910
1903
1888
1935
1906
1907
1910
1876
1914
1898
1899
1898
1898
1925
1930
1887
1930
1903
1896
1913
1914
1912
1880
1907
1877
1924
1893
1887
1908
1900
1875
1937
1938
1914
1910
1922
1893
1932
1891
1919
1922
1887
1893
1926
1893
1892
1921
1918
1900
1930
1901
