1879
1881
1939
1910
1932
1872
1938
1907
1909
1902
1906
1912
1928
1871
1903
1894
1899
1926
1900
1887
1892
1927
1919
1880
1881
1922
1912
1926
1905
1885
1885
1916
1914
1924
1920
1912
1937
1905
1929
1899
1924
1894
1909
1903
1903
1937
1910
1937
1939
1908
1906
1936
1865
1901
1915
1924
1900
1923
1884
1896
1937
1913
1910
1905
1884
1873
1927
1922
1923
1890
1883
1894
1918
1925
1921
1928
1923
1888
1882
1876
1910
1916
1889
1932
1898
1924
1894
1925
1919
1921
1930
1889
1890
1926
1912
1921
1910
1880
1915
1880
1908
1939
1911
1937
1916
1907
1910
1880
1919
1882
1861
1906
1878
1880
1880
1935
1932
1904
1924
1886
1895
1940
1928
1932
1899
1938
