1930
1930
1927
1927
1914
1928
1893
1928
1926
1916
1928
1929
1929
1899
1909
1911
1901
1920
1920
1896
1885
1885
1895
1899
1893
1911
1907
1907
1905
1927
1927
1922
1896
1894
1898
1930
1891
1891
1921
1928
1897
1901
1915
1911
1926
1924
1887
1889
1923
1916
1929
1930
1930
1910
1910
1901
1893
1907
1931
1929
1925
1920
1918
1896
1912
1929
1928
1929
1927
1899
1924
1929
1921
1917
1926
1913
1891
1926
1930
1903
1886
1928
1898
1900
1907
1899
1921
1895
1928
1907
1928
1924
1909
1914
1903
1891
1928
1908
1927
1914
1897
1908
1892
1929
1930
1903
1927
1911
1918
1919
1928
1912
1925
1928
1911
1915
1890
1920
1931
1911
1923
1914
1927
1890
1898
1922
1929
1900
1918
1921
1906
1927
1927
1923
1928
1928
1927
1929
1926
1889
1924
1928
1928
1929
1894
1928
1911
1925
1914
1930
1906
1914
1904
1909
1929
1911
1927
1913
1931
1928
1890
1927
1929
1910
1913
1928
1929
1908
1930
1923
1900
1926
1915
1915
1898
1890
1934
1888
1893
1918
1929
1893
1914
1904
1902
1905
1919
1928
1909
1909
1901
1892
1919
1895
1920
1915
1914
1928
1886
1920
1928
1910
1926
1929
1930
1896
1900
1908
1904
1927
1911
1890
1927
1905
1915
1898
1910
1923
1910
1929
1894
1905
1906
1897
1929
1927
1901
1930
1909
1924
1900
1928
1896
1898
1897
1928
1928
1925
1929
1927
1922
1899
1895
1927
1928
1917
1927
1887
1929
1915
1929
1929
1930
1920
1908
1905
1929
1894
1920
1890
1928
1927
1928
1910
1929
1914
1881
1909
1928
1895
1915
1890
1897
1917
1906
1929
1902
1929
1929
1930
1913
1927
1920
1917
1924
1904
1895
1893
1927
1929
1911
1927
1889
1915
1914
1909
1902
1917
1927
1911
1926
1903
1895
1919
1901
1912
1893
1912
1917
1895
1912
1903
1918
1925
1908
1894
1911
1911
1900
1928
1901
1911
1904
1924
1907
1914
1903
1923
1913
1931
1895
1906
1929
1919
1913
1905
1908
1906
1895
1924
1920
1930
1931
1914
1925
1919
1899
1915
1913
1908
1927
1923
1908
1897
1913
1902
1928
1928
1915
1927
1929
1894
1905
1892
1888
1928
1928
1893
1924
1906
1907
1930
1909
1888
1905
1897
1897
1914
1907
1920
1895
1930
1926
1925
1928
1914
1880
1913
1907
1911
1928
1927
1926
1889
1899
1928
1924
1890
1928
1892
1925
1923
1925
1900
1905
1908
1923
1925
1917
1926
1925
1925
1928
1906
1929
1925
1897
1897
1927
1929
1929
1921
1930
1913
1896
1928
1922
1900
1911
1921
1898
1902
1918
1911
1902
1928
1927
1881
1914
1903
1917
1905
1917
1894
1880
1913
1893
1928
1889
1928
1887
1928
1916
1894
1927
1929
1906
1921
1898
1907
1928
1912
1924
1929
1929
1912
1928
