1921
1921
1919
1919
1886
1886
1926
1926
1923
1923
1870
1870
1912
1912
1919
1919
1920
1920
1865
1865
1908
1908
1914
1914
1907
1907
1905
1905
1903
1903
1902
1902
1910
1910
1877
1877
1902
1902
1938
1938
1910
1910
1907
1907
1934
1934
1924
1924
1891
1891
1925
1925
1930
1930
1900
1900
1911
1911
1908
1908
1876
1876
1914
1914
1889
1889
1920
1920
1918
1918
1936
1936
1937
1937
1916
1916
1926
1926
1891
1891
1938
1938
1912
1912
1935
1935
1896
1896
1918
1918
1892
1892
1925
1925
1924
1924
1928
1928
1896
1896
1894
1894
1924
1924
1931
1931
1900
1900
1927
1927
1928
1928
1934
1934
1934
1934
1905
1905
1892
1892
1937
1937
1906
1906
1934
1934
1907
1907
1880
1880
1923
1923
1918
1918
1882
1882
1926
1926
1911
1911
1920
1920
1914
1914
1889
1889
1923
1923
1888
1888
1898
1898
1901
1901
1879
1879
1938
1938
1934
1934
1909
1909
1939
1939
1936
1936
1909
1909
1895
1895
1865
1865
1898
1898
1910
1910
1909
1909
1939
1939
1913
1913
1938
1938
1910
1910
1939
1939
1908
1908
1907
1907
1933
1933
1917
1917
1914
1914
1937
1937
1883
1883
1914
1914
1870
1870
1909
1909
1868
1868
1923
1923
1924
1924
1898
1898
1933
1933
1903
1903
1908
1908
1892
1892
1919
1919
1921
1921
1915
1915
1887
1887
1925
1925
1889
1889
1920
1920
1921
1921
1927
1927
1928
1928
1923
1923
1885
1885
1887
1887
1868
1868
1923
1923
1895
1895
1927
1927
1925
1925
1921
1921
1909
1909
1929
1929
1933
1933
1903
1903
1891
1891
1884
1884
1922
1922
1924
1924
1922
1922
1881
1881
1914
1914
1926
1926
1919
1919
1882
1882
1903
1903
1901
1901
1937
1937
1934
1934
1897
1897
1928
1928
1923
1923
1887
1887
1913
1913
1916
1916
1916
1916
1940
1940
1916
1916
1884
1884
1912
1912
1880
1880
1884
1884
1924
1924
1898
1898
1929
1929
1902
1902
1931
1931
1898
1898
1924
1924
1902
1902
1876
1876
1922
1922
1858
1858
1860
1860
1926
1926
1911
1911
1918
1918
1871
1871
1908
1908
1907
1907
1934
1934
1939
1939
1913
1913
1939
1939
1914
1914
1871
1871
1911
1911
1875
1875
1914
1914
1906
1906
1903
1903
1931
1931
1937
1937
1901
1901
1874
1874
1908
1908
1910
1910
1891
1891
1929
1929
1925
1925
1923
1923
1924
1924
1896
1896
1918
1918
1884
1884
1921
1921
1886
1886
1866
1866
1864
1864
1861
1861
1903
1903
1906
1906
1907
1907
1933
1933
1908
1908
1940
1940
1913
1913
1909
1909
1913
1913
1886
1886
1914
1914
1905
1905
1879
1879
1878
1878
1900
1900
1898
1898
1915
1915
1924
1924
1884
1884
1890
1890
1901
1901
1894
1894
1923
1923
1926
1926
1929
1929
1870
1870
1892
1892
1886
1886
1894
1894
1876
1876
1878
1878
1910
1910
1917
1917
1922
1922
