1935
1901
1926
1908
1914
1900
1928
1930
1933
1924
1893
1896
1926
1896
1927
1928
1896
1911
1913
1913
1917
1884
1912
1930
1900
1932
1936
1939
1930
1881
1895
1932
1927
1897
1924
1895
1918
1883
1897
1921
1920
1925
1918
1898
1900
1927
1934
1885
1928
1902
1901
1929
1897
1929
1880
1920
1893
1893
1923
1920
1895
1901
1930
1925
1920
1900
1927
1894
1908
1931
1906
1896
1910
1907
1907
1921
1914
1892
1920
1926
1892
1924
1922
1900
1933
1930
1930
1907
1943
1915
1917
1884
1905
1926
1896
1930
1928
1894
1934
1924
1889
1910
1924
1920
1881
1884
1915
1900
1935
1908
1892
1913
1908
1939
1907
1934
1909
1877
1916
1929
1887
1899
1926
1927
1907
1915
1882
1874
1913
1915
1939
1941
1937
1913
1908
1875
1934
1877
1915
1909
1908
1940
1867
1878
1905
1938
1908
1912
1938
1910
1880
1913
1929
1941
1938
1937
1909
1904
1924
1925
1892
1885
1909
1886
1885
1875
1891
1910
1906
1937
1910
1885
1915
1911
1938
1921
1885
1913
1917
1923
1895
1889
1892
1929
1913
1920
1880
1874
1915
1912
1921
1915
1915
1894
1934
1902
1901
1928
1917
1883
1902
1897
1906
1890
1923
1908
1930
1905
1927
1933
1925
1893
1913
1895
1929
1894
