1870
1927
1927
1903
1930
1901
1934
1933
1922
1890
1920
1934
1908
1931
1904
1932
1927
1911
1887
1878
1891
1916
1924
1919
1918
1915
1916
1923
1903
1937
1928
1904
1931
1894
1895
1923
1929
1919
1918
1882
1937
1941
1940
1911
1875
1906
1936
1908
1907
1889
1924
1886
1922
1920
1897
1921
1920
1913
1913
1910
1922
1913
1925
1891
1925
1860
1892
1926
1924
1922
1930
1902
1919
1896
1924
1921
1895
1895
1920
1909
1897
1924
1910
1880
1870
1870
1909
1935
1900
1932
1912
1940
1905
1912
1906
1933
1871
1934
1909
1884
1890
1926
1884
1884
1904
1875
1886
1902
1937
1897
1905
1912
1880
1889
1907
1910
1937
1936
1928
1934
1897
1905
1928
1937
1866
1925
1897
1932
1918
1877
1923
1936
1911
1913
1882
1880
1906
1913
1907
1909
1891
1892
1928
1894
1924
1899
1889
1932
1927
1924
1900
1936
1909
1913
1915
1919
1941
1940
1938
1912
1912
1918
1915
1923
1898
1925
1895
1928
1912
1910
1886
1893
1911
1921
1875
1909
1902
1906
1936
1934
1906
1922
1915
1885
1912
1914
1923
1909
1919
1909
1875
1936
1915
1908
1940
1928
1935
1897
