1890
1876
1930
1904
1905
1864
1892
1924
1911
1938
1908
1878
1888
1915
1922
1878
1929
1911
1887
1916
1921
1923
1925
1914
1886
1887
1877
1922
1931
1899
1912
1914
1927
1921
1879
1924
1891
1939
1870
1871
1931
1905
1908
1898
1924
1928
1927
1885
1917
1874
1929
1929
1927
1899
1922
1930
1898
1924
1906
1934
1932
1908
1905
1914
1915
1928
1925
1927
1920
1900
1934
1905
1936
1905
1930
1933
1937
1900
1935
1903
1933
1920
1929
1923
1903
1891
1919
1910
1882
1882
1913
1938
1908
1935
1909
1938
1904
1910
1933
1917
1919
1892
1924
1891
1935
1903
1904
1883
1882
1936
1910
1897
1866
1915
1898
1924
1932
1898
1929
1928
1900
1904
1938
1915
1927
1921
1924
1918
1898
1922
1930
1904
1909
1935
1931
1908
1918
1881
1932
1862
1904
1882
1920
1896
1893
1927
1925
1921
1902
1862
1862
1922
1930
1913
1939
1891
1890
1925
1927
1921
1892
1888
1922
1918
1901
1903
1935
1928
1889
1902
1898
1934
1896
1910
1913
1891
1878
1876
1914
1906
1864
1938
1908
1922
1918
1909
1939
1940
1908
1900
1905
1926
1890
1888
1894
1909
1938
1883
1890
1922
1891
1926
1929
1893
1920
1924
1893
1897
1926
1897
1874
1932
1875
1908
1926
1923
1929
1897
1918
1893
1921
1893
1921
1933
1928
1923
1895
1924
1872
1890
1905
1929
1879
1900
1926
1937
1913
1937
1909
1932
1926
1931
1903
1900
1877
1925
1900
1891
1914
1935
1913
1906
1939
1932
1911
1912
1873
1914
1905
1907
1928
1891
1910
1938
1909
1861
1935
1898
1922
1924
1895
1922
1893
1888
1915
1924
1891
1890
1922
1880
1923
1921
1928
1932
1930
1921
1930
1893
1890
1914
1935
1929
1914
1925
1887
1908
1867
1922
1905
1935
1902
1927
1933
1934
1908
1937
1907
1936
1904
1902
1931
1897
1926
1925
1906
1870
1908
1911
1939
1901
1930
1928
1858
1876
1882
1886
1914
1872
1930
1904
1927
1875
1878
1922
1935
1925
1929
