1915
1915
1923
1923
1924
1924
1920
1920
1926
1926
1932
1932
1932
1932
1900
1900
1900
1900
1936
1936
1936
1936
1923
1923
1923
1923
1902
1902
1902
1902
1912
1912
1928
1928
1913
1880
1913
1880
1888
1888
1914
1914
1912
1912
1918
1918
1915
1915
1890
1890
1921
1921
1873
1873
1873
1873
1882
1882
1939
1939
1900
1900
1874
1874
1929
1929
1933
1933
1905
1905
1907
1907
1936
1936
1918
1918
1911
1911
1929
1929
1905
1905
1911
1911
1878
1878
1913
1913
1937
1937
1935
1935
1907
1907
1905
1905
1888
1888
1879
1879
1905
1905
1897
1897
1876
1876
1876
1876
1903
1903
1903
1903
1916
1916
1916
1916
1914
1914
1886
1886
1925
1925
1879
1879
1870
1870
1874
1874
1874
1874
1874
1874
1912
1912
1910
1910
1894
1894
1923
1923
1925
1925
1892
1892
1919
1919
1921
1921
1899
1899
1910
1910
1932
1932
1898
1898
1930
1930
1915
1915
1900
1900
1913
1913
1909
1909
1929
1929
1896
1896
1896
1896
1924
1924
1897
1897
1891
1891
1928
1928
1925
1925
1912
1912
1911
1911
1908
1908
1936
1936
1933
1933
1907
1907
1891
1891
1886
1886
1939
1939
1926
1926
1900
1900
1930
1930
1903
1903
1940
1940
1906
1906
1876
1876
1876
1876
1872
1872
1930
1930
1892
1892
1921
1921
1888
1888
1899
1899
1925
1925
1871
1871
1925
1925
1911
1911
1917
1917
1913
1913
1911
1911
1935
1935
1903
1903
1902
1902
1894
1894
1937
1937
1937
1937
1899
1899
1899
1899
1908
1908
1916
1916
1910
1910
1889
1889
1881
1881
1935
1935
1931
1931
1937
1937
1907
1907
1884
1884
1902
1902
1885
1885
1886
1886
1911
1911
1907
1907
1907
1907
1868
1868
1912
1912
1905
1905
1906
1906
1871
1871
1936
1936
1911
1911
1904
1904
1901
1901
1931
1931
1938
1938
1930
1930
1909
1909
1935
1935
1923
1923
1926
1926
1900
1900
1926
1926
1929
1929
1913
1913
1914
1914
1897
1897
1922
1922
1882
1882
1876
1876
1909
1909
1910
1910
1936
1936
1912
1912
1933
1933
1908
1908
1870
1870
1932
1932
1913
1913
1880
1880
1865
1865
1922
1922
1922
1922
1875
1875
1913
1913
1920
1920
1920
1920
1886
1886
1886
1886
1915
1915
1913
1913
1880
1880
1886
1886
1896
1896
1880
1880
1920
1920
1927
1927
1888
1888
1915
1915
1917
1917
1888
1888
1906
1906
1880
1880
1926
1926
1887
1887
1913
1913
1910
1910
1938
1938
1918
1918
1934
1934
1902
1902
1931
1931
1938
1938
1876
1876
1910
1910
1911
1911
1912
1912
1907
1907
1896
1896
1901
1901
1902
1902
1937
1937
1912
1912
1907
1907
1912
1912
1880
1880
1930
1930
1941
1941
1903
1903
1883
1883
1921
1921
1928
1928
1893
1893
1905
1905
1862
1862
1909
1909
1898
1898
1898
1898
1937
1937
1903
1903
1941
1941
1916
1916
1916
1916
1886
1886
1886
1886
1921
1921
1890
1890
1931
1931
1897
1897
1887
1887
1887
1887
1927
1927
1909
1909
1909
1909
1911
1911
1911
1911
1918
1918
1918
1918
1921
1921
1921
1921
1916
1916
1916
1916
1881
1881
1919
1919
1881
1881
1934
1934
1891
1891
1922
1922
1893
1893
1920
1920
1901
1901
1901
1901
1914
1914
1921
1921
1881
1881
1872
1872
1910
1910
1912
1912
1898
1898
1932
1932
1900
1900
1932
1932
1905
1905
1936
1936
1939
1939
1931
1931
1931
1931
1902
1902
1933
1933
1930
1930
1900
1900
1905
1905
1923
1923
1935
1935
1935
1935
1896
1896
1896
1896
1929
1929
1938
1938
1938
1938
1908
1908
1908
1908
1889
1889
1893
1893
1876
1870
1870
1876
1912
1912
1910
1910
1909
1909
1880
1880
1899
1899
1898
1898
1921
1921
1900
1900
1923
1923
1931
1931
1929
1929
1907
1907
1939
1939
1921
1921
1917
1917
1913
1913
1923
1923
1942
1942
1939
1939
1909
1909
1895
1895
1930
1930
1901
1901
1904
1904
1932
1932
1929
1929
1935
1935
1940
1940
1884
1884
1901
1901
1919
1919
1925
1925
1921
1921
1911
1911
1940
1940
1914
1914
1903
1903
1897
1897
1928
1928
1938
1938
1911
1911
1908
1908
1874
1874
1889
1889
1920
1920
1887
1887
1878
1878
1913
1913
1909
1909
1916
1916
1916
1916
1935
1935
1906
1906
1900
1900
1923
1923
1904
1904
1886
1886
1928
1928
1925
1925
1895
1895
