1927
1927
1888
1888
1911
1911
1910
1910
1865
1865
1871
1871
1903
1903
1912
1912
1909
1909
1914
1914
1870
1870
1912
1912
1866
1866
1937
1937
1911
1911
1868
1868
1909
1909
1912
1912
1926
1926
1923
1923
1882
1882
1870
1870
1910
1910
1914
1914
1883
1883
1879
1879
1902
1902
1875
1875
1914
1914
1901
1901
1892
1892
1900
1900
1885
1885
1876
1876
1913
1913
1904
1904
1880
1880
1891
1891
1889
1889
1924
1924
1929
1929
1906
1906
1886
1886
1916
1916
1918
1918
1880
1880
1911
1911
1886
1886
1919
1919
1893
1893
1924
1924
1891
1891
1920
1920
1922
1922
1891
1891
1924
1924
1897
1897
1935
1935
1910
1910
1924
1924
1887
1887
1927
1927
1921
1921
1915
1915
1894
1894
1917
1917
1883
1883
1899
1899
1854
1854
1900
1900
1911
1911
1931
1931
1894
1894
1887
1887
1912
1912
1885
1885
1893
1893
1876
1876
1883
1883
1899
1899
1928
1928
1933
1933
1902
1902
1911
1911
1916
1916
1907
1907
1868
1868
1900
1900
1904
1904
1904
1904
1900
1900
1928
1928
1909
1909
1933
1933
1931
1931
1939
1939
1913
1913
1909
1909
1928
1928
1906
1906
1927
1927
1926
1926
1928
1928
1935
1935
1901
1901
1923
1923
1931
1931
1925
1925
1885
1885
1929
1929
1897
1897
1904
1904
1901
1901
1901
1901
1938
1938
1933
1933
1908
1908
1907
1907
1874
1874
1906
1906
1935
1935
1902
1902
1923
1923
1931
1931
1905
1890
1905
1890
1914
1914
1918
1918
1893
1893
1927
1927
1924
1924
1885
1885
1900
1900
1939
1939
1925
1925
1861
1861
1912
1912
1910
1910
1916
1916
1890
1890
1934
1934
1937
1937
1939
1939
1907
1907
1911
1911
1914
1914
1924
1924
1895
1895
1880
1880
1928
1928
1903
1903
1931
1931
1900
1900
1924
1924
1917
1917
1937
1937
1908
1908
1878
1878
1917
1917
1867
1867
1899
1899
1924
1924
1915
1915
1894
1894
1924
1924
1904
1904
1895
1895
1924
1924
1900
1900
1903
1903
1889
1889
1926
1926
1897
1897
1939
1939
1905
1905
1893
1893
1872
1872
1908
1908
1866
1866
1900
1900
1939
1939
1907
1907
1912
1912
1917
1917
1915
1915
1878
1878
1914
1914
1885
1885
1893
1893
1872
1872
1900
1900
1887
1887
1922
1922
1885
1885
1923
1923
1908
1908
1872
1872
1905
1905
1935
1935
1911
1911
1902
1902
1930
1930
1888
1888
1919
1919
1909
1909
1887
1887
1939
1939
1910
1910
1916
1916
1863
1863
1872
1872
1912
1912
1885
1885
1915
1915
1932
1932
1898
1898
1898
1898
1927
1927
1924
1924
1890
1890
1887
1887
1885
1885
1919
1919
1909
1909
1908
1908
1934
1934
1905
1905
1938
1938
1908
1908
1871
1871
1905
1905
1938
1938
1908
1908
1916
1916
1927
1927
1896
1896
1888
1888
1861
1861
1905
1905
1912
1912
1878
1878
1900
1900
1906
1906
1931
1931
1929
1929
1900
1900
1890
1890
1882
1882
1899
1899
1890
1890
1888
1888
1889
1889
1891
1891
1894
1894
1918
1918
1885
1885
1899
1899
1861
1861
1891
1891
1894
1894
1870
1870
1899
1899
1897
1897
1891
1891
1925
1925
1932
1932
1933
1933
1905
1905
1907
1907
1903
1903
1894
1894
1914
1914
1908
1908
1893
1893
1892
1892
1893
1893
1892
1892
1895
1895
1928
1928
1868
1868
1864
1864
1894
1894
