1904
1904
1911
1911
1875
1875
1911
1911
1905
1905
1912
1912
1894
1894
1920
1920
1923
1923
1894
1894
1925
1925
1926
1926
1876
1876
1882
1882
1914
1914
1921
1921
1920
1920
1891
1891
1925
1925
1924
1924
1898
1898
1926
1926
1902
1902
1936
1936
1904
1904
1913
1913
1912
1912
1915
1915
1925
1925
1882
1882
1889
1889
1897
1897
1914
1914
1908
1908
1933
1933
1905
1905
1903
1903
1913
1913
1887
1887
1923
1923
1912
1912
1920
1920
1924
1924
1925
1925
1917
1917
1923
1923
1893
1893
1891
1891
1921
1921
1925
1925
1936
1936
1905
1905
1904
1904
1926
1926
1926
1926
1924
1924
1924
1924
1902
1902
1902
1902
1901
1901
1899
1899
1929
1929
1902
1902
1927
1927
1902
1902
1921
1921
1916
1916
1922
1922
1925
1925
1890
1890
1886
1886
1877
1877
1918
1918
1917
1917
1904
1904
1909
1909
1923
1923
1923
1923
1916
1916
1921
1921
1914
1914
1890
1890
1910
1910
1932
1932
1937
1937
1916
1916
1922
1922
1893
1893
1922
1922
1904
1904
1887
1887
1887
1887
1884
1884
1884
1884
1914
1914
1921
1921
1926
1926
1920
1920
1923
1923
1898
1898
1921
1921
1893
1893
