1924
1924
1918
1918
1914
1914
1887
1887
1918
1918
1903
1903
1900
1900
1904
1904
1903
1903
1912
1912
1905
1905
1917
1917
1933
1933
1931
1931
1901
1901
1929
1929
1902
1902
1891
1891
1884
1884
1913
1913
1883
1883
1916
1916
1913
1913
1914
1914
1912
1912
1939
1939
1890
1890
1910
1910
1903
1903
1900
1900
1890
1890
1922
1922
1914
1914
1939
1939
1914
1914
1913
1913
1913
1913
1914
1914
1920
1920
1932
1932
1894
1894
1889
1889
1916
1916
1910
1910
1901
1901
1905
1905
1914
1914
1910
1910
1937
1937
1912
1912
1905
1905
1904
1904
1932
1932
1930
1930
1906
1906
1934
1934
1934
1934
1905
1905
1918
1918
1906
1906
1917
1917
1904
1904
1917
1917
1917
1917
1893
1893
1922
1922
1891
1891
1935
1935
1931
1931
1900
1900
1905
1905
1914
1914
1901
1901
1912
1912
1937
1937
1926
1926
1892
1892
1928
1928
1900
1900
1921
1921
1924
1924
1928
1928
1883
1883
1918
1918
1913
1913
1883
1883
1909
1909
1897
1897
1926
1926
1929
1929
1920
1920
1894
1889
1889
1894
1942
1942
1922
1922
1888
1888
1928
1928
1916
1916
1905
1905
1874
1874
1910
1910
1911
1911
1911
1911
1939
1939
1921
1921
1883
1883
1915
1915
1888
1888
1913
1913
1914
1914
1938
1938
1920
1920
1895
1895
1895
1895
1873
1873
1905
1905
1923
1923
1917
1917
1919
1919
1926
1926
1913
1913
1880
1880
1880
1880
1916
1916
1923
1923
1936
1936
1914
1914
1913
1913
1933
1933
1908
1908
1924
1924
1928
1928
1879
1879
1890
1890
1886
1886
1923
1923
1880
1924
1880
1924
1926
1926
1913
1913
1922
1922
