1878
1885
1918
1914
1880
1921
1880
1919
1913
1879
1913
1907
1879
1914
1906
1892
1892
1911
1937
1866
1908
1887
1908
1915
1900
1928
1937
1930
1903
1939
1914
1905
1932
1906
1905
1905
1899
1904
1904
1935
1934
1934
1931
1899
1926
1924
1931
1898
1896
1912
1880
1872
1911
1892
1901
1935
1908
1905
1934
1916
1925
1885
1880
1913
1912
1904
1935
1933
1905
1923
1933
1898
1930
1899
1915
1875
1880
1877
1877
1912
1904
1905
1872
1910
1873
1900
1923
1921
1885
1935
1920
1915
1912
1929
1901
1903
1883
1876
1917
1909
1912
1939
1912
1878
1923
1919
1920
1915
1916
1888
1918
1890
1905
1935
1932
1939
1905
1880
1916
1918
1925
1930
1898
1928
1898
1934
1930
1900
1901
1913
1885
1932
1903
1916
1899
1877
1887
1867
1867
1913
1905
1885
1905
1904
1933
1902
1939
1931
1937
1902
1906
1887
1884
1889
1890
1926
1890
1931
1895
1887
1890
1917
1918
