1931
1936
1905
1928
1933
1905
1891
1916
1913
1912
1882
1880
1920
1890
1914
1938
1897
1902
1926
1898
1928
1897
1925
1918
1915
1911
1899
1910
1925
1913
1939
1883
1890
1922
1889
1917
1926
1923
1898
1899
1909
1939
1884
1893
1928
1891
1937
1922
1922
1917
1925
1927
1904
1902
1902
1902
1925
1922
1926
1891
1928
1894
1926
1914
1914
1909
1933
1908
1941
1877
1901
1903
1928
1917
1906
1932
1898
1888
1923
1916
1888
1919
1911
1922
1889
1923
1920
1884
1886
1924
1913
1908
1894
1915
1937
1917
1916
1911
1935
1933
1900
1905
1890
1918
1890
1917
1898
1925
1925
1895
1932
1928
1905
1901
1907
1890
1893
1889
1910
1900
1926
1927
1929
1924
1861
1911
1937
1907
1904
1914
1897
1922
1908
1937
1905
1912
1883
1916
1932
1935
1934
1904
1902
1926
1895
1924
1880
1916
1922
1891
1890
1920
1923
1891
1920
1892
1929
1898
1923
1933
1900
1884
1919
1923
1923
1939
1913
1914
1888
1886
1918
1921
