1913
1886
1920
1934
1933
1883
1899
1874
1893
1910
1871
1923
1921
1898
1882
1879
1880
1910
1874
1882
1925
1927
1899
1937
1923
1896
1895
1892
1891
1869
1886
1924
1900
1933
1926
1900
1880
1872
1920
1903
1880
1906
1875
1891
1924
1930
1892
1915
1898
1928
1925
1886
1923
1870
1870
1933
1936
1903
1931
1890
1927
1925
1931
1932
1896
1920
1905
1935
1894
1900
1898
1898
1892
1931
1925
1890
1887
1856
1888
1906
1925
1880
1920
1888
1879
1936
1905
1929
1876
1909
1901
1865
1911
1852
1887
1897
1876
1896
1895
1928
1895
1897
1924
1886
1878
1898
1898
1928
1938
1906
1915
1900
1915
1938
1907
1869
1870
