1895
1896
1925
1923
1900
1934
1901
1927
1915
1914
1878
1944
1892
1933
1905
1901
1923
1907
1903
1907
1901
1905
1914
1903
1918
1910
1919
1921
1886
1912
1894
1925
1892
1916
1894
1905
1913
1930
1921
1906
1932
1906
1907
1902
1924
1896
1896
1937
1918
1920
1904
1914
1884
1922
1897
1932
1932
1913
1913
1892
1911
1932
1890
1914
1907
1925
1896
1890
1914
1924
1887
1910
1916
1923
1903
1914
1916
1914
1900
1929
1934
1897
1927
1898
1904
1884
1898
1927
1906
1937
1903
1932
1907
1909
1924
1876
1926
1913
1918
1897
1906
1921
1921
1915
1918
1912
1897
1906
1916
1938
1923
1920
1887
1889
1923
1890
1890
1900
1928
1900
1902
1928
1931
1917
1909
1935
1937
1926
1895
1928
1900
1937
1909
1909
1896
1931
1902
1923
1923
1911
1906
1908
1941
1931
1907
1920
1887
1923
1892
1937
1925
1899
1926
1931
1928
1930
1894
1909
1920
1914
1910
1905
1891
1934
1901
1904
1900
1944
1923
1923
1924
