1916
1916
1902
1902
1910
1910
1898
1898
1897
1897
1897
1897
1899
1899
1926
1926
1896
1896
1908
1908
1909
1909
1888
1888
1915
1915
1925
1925
1926
1926
1896
1896
1899
1899
1927
1927
1937
1937
1915
1915
1924
1924
1921
1921
1905
1905
1922
1922
1885
1885
1927
1927
1920
1920
1916
1916
1924
1924
1918
1918
1899
1899
1901
1901
1885
1885
1901
1901
1930
1930
1907
1907
1884
1884
1920
1920
1880
1880
1919
1919
1884
1884
1917
1917
1913
1913
1891
1891
1884
1884
1906
1906
1916
1916
1918
1918
1880
1880
1929
1929
1909
1909
1918
1918
1920
1920
1910
1910
1911
1911
1930
1930
1904
1904
1923
1923
1912
1912
1928
1928
1905
1905
1927
1927
1904
1904
1896
1896
1888
1888
1894
1894
1919
1919
1919
1919
1905
1905
1901
1901
1910
1910
1871
1871
1910
1910
1903
1903
1924
1924
1923
1923
1921
1921
1924
1924
1920
1920
1913
1913
1884
1884
1914
1914
1887
1887
1917
1917
1912
1912
1908
1908
1915
1915
1881
1881
1920
1920
1899
1899
1925
1925
1898
1898
1925
1925
