1903
1932
1928
1916
1896
1878
1930
1928
1871
1926
1893
1934
1900
1927
1933
1895
1935
1909
1912
1924
1892
1923
1904
1893
1914
1938
1913
1908
1905
1899
1912
1940
1926
1919
1909
1910
1939
1900
1899
1931
1906
1909
1937
1874
1937
1908
1874
1913
1931
1879
1904
1882
1910
1909
1905
1936
1904
1928
1925
1922
1892
1888
1918
1885
1896
1925
1880
1923
1894
1923
1911
1897
1937
1908
1909
1925
1930
1903
1928
1874
1917
1919
1898
1876
1865
1936
1908
1930
1905
1908
1876
1888
1930
1894
1896
1926
1903
1902
1883
1919
1939
1913
1911
1887
1912
1910
1906
1918
1906
1913
1881
1880
1883
1910
1920
1912
1927
1932
1935
1895
1899
1887
1913
1875
1869
1935
1906
1938
1910
1907
1934
1930
1904
1938
1908
1934
1886
1896
1897
1929
1919
1892
1921
1916
1892
1907
1894
1921
1928
1924
1893
1933
1934
1932
1902
1903
1940
1925
1898
1900
1885
1926
1924
1885
1921
1919
1930
1935
1911
1910
1912
1882
1867
1905
1895
1867
1892
1892
1938
1909
1936
1934
1903
1940
1906
1900
1911
1924
1923
1887
1920
1923
1913
1911
1935
1906
1871
1910
1908
1905
1876
1912
1916
1889
1884
1870
1888
1925
1899
1921
1896
1932
1910
1937
1911
1880
1893
1939
1927
1924
