1907
1934
1906
1906
1890
1924
1920
1931
1892
1876
1906
1878
1907
1902
1891
1921
1902
1890
1896
1922
1881
1892
1923
1923
1891
1896
1927
1891
1891
1890
1925
1883
1874
1903
1895
1899
1876
1870
1886
1923
1918
1886
1913
1915
1902
1892
1885
1890
1880
1906
1903
1931
1897
1920
1929
1893
1885
1925
1901
1923
1870
1912
1922
1920
1889
1926
1894
1926
1888
1888
1886
1881
1881
1892
1926
1922
1885
1923
1893
1887
1930
1917
1907
1876
1934
1876
1870
1888
1923
1890
1874
1914
1890
1914
1909
1884
1887
1885
1911
1882
1892
1905
1865
1879
1891
1908
1896
1910
1901
1912
1934
1877
1900
1887
1870
1876
1869
1911
1907
1904
1908
1901
1908
1938
1934
1882
1869
1895
1894
1923
1927
1923
1899
1866
1877
1906
1896
1888
1866
1887
1883
1920
1918
1906
1905
1930
1894
1923
1923
1894
1936
1887
1889
1923
