1921
1890
1917
1901
1872
1888
1920
1904
1917
1917
1909
1916
1910
1920
1921
1900
1927
1882
1884
1897
1929
1922
1909
1934
1924
1921
1920
1912
1912
1919
1904
1919
1916
1904
1919
1911
1886
1846
1797
1890
1910
1824
1863
1890
1916
1859
1859
1902
1919
1910
1925
1915
1901
1870
1894
1909
1907
1907
1887
1921
1904
1925
1921
1921
1897
1888
1894
1917
1918
1921
1904
1900
1894
1938
1926
1936
1917
1934
1937
1905
1905
1936
1908
1917
1910
1907
1880
1918
1920
1915
1918
1905
1933
1915
1904
1908
1924
1911
1910
1912
1907
1913
1865
1903
1928
1926
1899
1899
1929
1933
1907
1913
1910
1930
1910
1887
1940
1914
1882
1892
1900
1928
1914
1912
1935
1927
1826
1851
1826
1874
1792
1792
1792
1853
1821
1793
1864
1850
1847
1862
1869
1813
1858
1918
1905
1937
1897
1909
1909
1909
1896
1901
1893
1915
1908
1893
1934
1916
1905
2166
1904
1909
1919
1906
1873
1907
1887
1884
1916
1908
1910
1913
1894
1872
1912
1898
1920
1871
1896
1914
1906
1880
1910
1905
1922
1888
1911
1912
1898
1906
1899
1930
1923
1926
1916
1906
1880
1915
1909
1907
1917
1902
1921
1905
1929
1901
1908
1919
1907
1923
1889
1887
1924
1899
1926
1922
1922
1918
1905
1904
1905
1908
1894
1911
1916
1915
1914
1917
1903
1922
1923
1908
1914
1905
1908
1895
1910
1840
1876
1921
1885
1880
1914
1916
1905
1896
1916
1934
1907
1907
1918
1906
1883
1906
1913
1876
1907
1917
1905
1905
1905
1904
1905
1899
1913
1905
1890
1911
1908
1926
1897
1941
1904
1932
1904
1945
1923
1887
1914
1901
1911
1908
1916
1875
1907
1924
1851
1914
1901
1918
1909
1924
1926
1915
1881
1917
1936
1909
1938
1923
1915
1906
1876
1920
1906
1902
1935
1909
1916
1904
1901
1907
1924
1892
1920
1889
1839
1864
1866
1865
1861
1890
1910
1917
1868
1866
1899
1845
1864
1880
1844
1872
1870
1900
1938
1905
1919
1909
1911
1924
1902
1904
1932
1892
1923
1892
1894
1919
1924
1887
1909
1910
1914
1880
1900
1810
