1905
1905
1935
1935
1909
1909
1894
1894
1924
1924
1928
1928
1927
1927
1923
1923
1919
1919
1928
1928
1924
1924
1928
1928
1913
1913
1915
1915
1930
1930
1912
1912
1918
1918
1920
1920
1878
1878
1902
1902
1916
1916
1904
1904
1899
1899
1927
1927
1909
1909
1908
1908
1918
1918
1891
1891
1922
1922
1915
1915
1914
1914
1916
1916
1908
1908
1910
1910
1906
1906
1908
1908
1917
1917
1926
1926
1925
1925
1902
1902
1920
1920
1919
1919
1923
1923
1928
1928
1904
1904
1926
1926
1938
1938
1912
1912
1919
1919
1883
1883
1916
1916
1917
1917
1938
1938
1918
1918
1916
1916
1912
1912
1925
1925
1920
1920
1927
1927
1909
1909
1915
1915
1896
1896
1902
1902
1926
1926
1928
1928
1899
1899
1931
1931
1896
1896
1919
1919
1884
1884
1924
1924
1896
1896
1922
1922
1907
1907
1928
1928
1906
1906
1909
1909
