1907
1907
1912
1912
1934
1934
1911
1911
1930
1930
1893
1893
1911
1911
1938
1938
1921
1921
1923
1923
1911
1911
1910
1910
1937
1937
1912
1912
1927
1927
1918
1918
1923
1923
1901
1901
1924
1924
1926
1926
1899
1899
1922
1922
1905
1905
1905
1905
1913
1913
1934
1934
1908
1908
1915
1915
1893
1893
1926
1926
1883
1883
1893
1893
1907
1907
1933
1933
1925
1925
1924
1924
1903
1903
1926
1926
1927
1927
1929
1929
1906
1906
1910
1910
1917
1917
1908
1908
1911
1911
1919
1919
1897
1897
1913
1913
1926
1926
1924
1924
1896
1896
1906
1906
1902
1902
1908
1908
1908
1908
1931
1931
1898
1898
1905
1905
1929
1929
1907
1907
1877
1877
1876
1876
1878
1878
1912
1912
1889
1889
1932
1932
1929
1929
1910
1910
1937
1937
1919
1919
1891
1891
1914
1914
1925
1925
1891
1891
1921
1921
1882
1882
1893
1893
1920
1920
1920
1920
1944
1944
1938
1938
1936
1936
1931
1931
1932
1932
1906
1906
1909
1909
1934
1934
1895
1895
1918
1918
1922
1922
1904
1904
1938
1938
1896
1896
1874
1874
1904
1904
1911
1911
1912
1912
1917
1917
1911
1911
1911
1911
1879
1879
1938
1938
1910
1910
1927
1927
1895
1895
1898
1898
1908
1908
1888
1888
1888
1888
1885
1885
1911
1911
1904
1904
1903
1903
1921
1921
1914
1914
1876
1876
1944
1944
1908
1908
1903
1903
1907
1907
1928
1928
1906
1906
1912
1912
1938
1938
1935
1935
1909
1909
1876
1876
1879
1879
1912
1912
1920
1920
1914
1914
1908
1908
1905
1905
1934
1934
1917
1917
1914
1914
1911
1911
1912
1912
1908
1908
1922
1922
1910
1910
1918
1918
1889
1889
1924
1924
1889
1889
1886
1886
1932
1932
1913
1913
1889
1889
1922
1922
1920
1920
1924
1924
1903
1903
1917
1917
1903
1903
1927
1927
1911
1911
1901
1901
1886
1886
1883
1883
1920
1920
1886
1886
1904
1904
1919
1919
1902
1902
1916
1916
1903
1903
1924
1924
1914
1914
1929
1929
1897
1897
1910
1910
1886
1886
1881
1881
1915
1915
1921
1921
1911
1911
1911
1911
1940
1940
1900
1900
1923
1923
1930
1930
1928
1928
1909
1909
1923
1923
1909
1909
1909
1909
1915
1915
1904
1904
1937
1937
1936
1936
1936
1936
1913
1913
1905
1905
1902
1902
1888
1888
1919
1919
1922
1922
1923
1923
1928
1928
1923
1923
1895
1895
1901
1901
1925
1925
1886
1886
1922
1922
1925
1925
1902
1902
1930
1930
1906
1906
1903
1903
1916
1916
1927
1927
1920
1920
1929
1929
1925
1925
1895
1895
1927
1927
1929
1929
1928
1928
1924
1924
1925
1925
1903
1903
1904
1904
1924
1924
1925
1925
1925
1925
1907
1906
1907
1906
1905
1905
1894
1894
1923
1923
1932
1932
1914
1914
1910
1910
1902
1902
1926
1926
1899
1899
1906
1906
1899
1899
1902
1902
1925
1925
1939
1939
1897
1897
1909
1909
1909
1909
1914
1914
1937
1937
1918
1918
1924
1924
1922
1922
1918
1918
1893
1893
1929
1929
1893
1893
1925
1925
1892
1892
1936
1936
1925
1925
1931
1931
1928
1928
1923
1923
1899
1899
1926
1926
1891
1891
1919
1919
1894
1894
1929
1929
1931
1931
1904
1904
1942
1942
1919
1919
1922
1922
1923
1923
1889
1889
1929
1929
1931
1931
1901
1901
1904
1904
1908
1908
1883
1883
1930
1930
1903
1903
1898
1898
1888
1888
1921
1921
1921
1921
1919
1919
1906
1906
1910
1910
1924
1924
1884
1884
1907
1907
1910
1910
1893
1893
1928
1928
1899
1899
1925
1925
1918
1918
1927
1927
1925
1925
1900
1900
1922
1922
1912
1912
1925
1925
1911
1911
1886
1886
1912
1912
1883
1883
1925
1925
1919
1919
1925
1925
1923
1923
1927
1927
1929
1929
1904
1904
1908
1908
1916
1916
1906
1906
1920
1920
1909
1909
1913
1913
1891
1891
1924
1924
1904
1904
1932
1932
1907
1907
1912
1912
1923
1923
1903
1903
1905
1905
1905
1905
1908
1908
1932
1932
1937
1937
1884
1884
1899
1899
1906
1906
1918
1918
1923
1923
1906
1906
1907
1907
1878
1878
1905
1905
1926
1926
1922
1922
1890
1890
1928
1928
1913
1913
1918
1918
1900
1900
1924
1924
1922
1922
1932
1932
1926
1926
1886
1886
1884
1884
1916
1916
1921
1921
1917
1917
1885
1885
1892
1892
1923
1923
1920
1920
1903
1903
1905
1905
1912
1912
1912
1912
1929
1929
1884
1884
1920
1920
1926
1926
1924
1924
1893
1893
1894
1894
1924
1924
1924
1924
1903
1903
1908
1908
1889
1889
1911
1911
1927
1927
1925
1925
1924
1924
1928
1928
1894
1894
1920
1920
1924
1924
1894
1894
1934
1934
1936
1936
1909
1909
1928
1928
1900
1900
1917
1917
1940
1940
1911
1911
1936
1936
1930
1930
1926
1926
1895
1895
1921
1921
1928
1928
1922
1922
1894
1894
1893
1893
1924
1924
1890
1890
1910
1910
1911
1911
1929
1929
1932
1932
1903
1903
1918
1918
1927
1927
1908
1908
1911
1911
1897
1897
1902
1902
1908
1908
1939
1939
1919
1919
1896
1896
1919
1919
1935
1935
1931
1931
1904
1904
1885
1885
1911
1911
1911
1911
1902
1902
1915
1915
1932
1932
1906
1906
1920
1920
1893
1893
1918
1918
1921
1921
1914
1914
1895
1895
1931
1931
1934
1934
1931
1931
1928
1928
1907
1907
1909
1909
1937
1937
1902
1902
1887
1887
1911
1911
1905
1905
1899
1899
1897
1897
1926
1926
1900
1900
1921
1921
1915
1915
1903
1903
1896
1896
1906
1906
