1879
1879
1876
1876
1877
1877
1900
1900
1901
1901
1933
1933
1913
1913
1925
1925
1905
1905
1898
1898
1934
1934
1929
1929
1905
1905
1907
1907
1910
1910
1938
1938
1876
1876
1897
1897
1894
1894
1877
1877
1880
1880
1924
1924
1900
1900
1898
1898
1885
1885
1913
1913
1915
1915
1910
1910
1918
1918
1879
1879
1900
1900
1900
1900
1900
1900
1927
1927
1881
1881
1914
1914
1882
1882
1881
1881
1933
1933
1886
1886
1931
1931
1861
1861
1927
1927
1924
1924
1887
1887
1898
1898
1905
1905
1923
1923
1893
1893
1925
1925
1927
1927
1927
1927
1931
1931
1909
1909
1906
1906
1903
1903
1932
1932
1907
1907
1890
1890
1878
1878
1921
1921
1927
1927
1890
1890
1918
1918
1876
1876
1905
1905
1880
1880
1878
1878
1874
1874
1900
1900
1912
1912
1904
1904
1906
1906
1933
1933
1935
1935
1885
1885
1931
1931
1924
1924
1939
1939
1913
1913
1935
1935
1931
1931
1874
1874
1927
1927
1901
1901
1923
1923
1903
1903
1886
1886
1903
1903
1925
1925
1931
1931
1927
1927
1915
1915
1925
1925
1901
1901
1901
1901
1918
1918
1916
1916
1903
1903
1871
1871
1929
1929
1917
1917
1892
1892
1894
1894
1926
1926
1913
1913
1919
1919
1898
1898
1929
1929
1891
1891
1926
1926
1902
1902
1924
1924
1902
1902
1913
1913
1909
1909
1920
1920
1906
1906
1893
1893
1896
1896
1865
1865
1898
1898
1892
1892
1923
1923
1892
1892
1925
1925
1919
1919
1917
1917
1921
1921
1900
1900
1902
1902
1910
1910
1927
1927
1894
1894
1930
1930
1922
1922
1928
1928
1903
1903
1900
1900
1900
1900
1898
1898
1898
1898
1894
1894
1928
1928
1925
1925
1923
1923
1919
1919
1933
1933
1876
1876
1921
1921
1919
1919
1931
1931
1935
1935
1910
1910
1906
1906
1932
1932
1900
1900
1905
1905
1895
1895
1885
1885
1880
1880
1911
1911
1917
1917
1921
1921
1900
1900
1889
1889
1883
1883
1915
1915
1912
1912
1916
1916
1883
1883
1860
1860
1904
1904
1907
1907
1892
1892
1900
1900
1938
1938
1890
1890
1923
1923
1924
1924
1885
1885
1895
1895
1919
1919
1921
1921
1884
1884
1915
1915
1896
1896
1923
1923
1918
1918
1913
1913
1915
1915
1899
1899
1925
1925
1917
1917
1880
1880
1929
1929
1896
1896
1896
1896
1899
1899
1870
1870
1911
1911
1903
1903
1879
1879
1903
1903
1932
1932
1926
1926
1903
1903
1928
1928
1926
1926
1888
1888
1896
1896
1906
1906
1926
1926
1896
1896
1924
1924
1923
1923
1901
1901
1900
1900
1920
1920
1916
1916
1914
1914
1900
1900
1900
1900
1942
1942
1911
1911
1934
1934
1912
1912
1930
1930
1920
1920
1917
1917
1917
1917
1907
1907
1908
1908
1921
1921
1923
1923
1937
1937
1933
1933
1909
1909
1909
1909
1935
1935
1910
1910
1908
1908
1926
1926
1901
1901
1930
1930
1928
1928
1925
1925
1933
1933
1929
1929
1904
1904
1899
1899
1902
1902
1915
1915
1884
1884
1921
1921
1909
1909
1933
1933
1906
1906
1910
1910
1908
1908
1876
1876
1875
1875
1880
1880
1920
1920
1895
1895
1895
1895
1934
1934
1930
1930
1904
1904
1897
1897
1896
1896
1930
1930
1927
1927
1933
1933
1925
1925
1888
1888
1878
1878
1920
1920
