1919
1919
1931
1931
1910
1910
1901
1901
1889
1889
1920
1920
1920
1920
1915
1915
1900
1900
1900
1900
1900
1916
1916
1900
1900
1900
1900
1900
1937
1937
1932
1932
1929
1929
1906
1906
1907
1907
1918
1918
1910
1910
1916
1916
1909
1900
1900
1911
1909
1911
1934
1934
1937
1937
1908
1908
1870
1870
1899
1899
1900
1900
1902
1902
1901
1901
1902
1902
1944
1944
1910
1910
1911
1911
1872
1872
1875
1875
1899
1899
1900
1900
1900
1900
1914
1914
1939
1939
1915
1915
1929
1929
1901
1901
1916
1916
1934
1934
1912
1912
1909
1909
1939
1939
1935
1935
1943
1943
1925
1925
1898
1898
1923
1923
1928
1928
1920
1920
1899
1899
1924
1924
1900
1900
1924
1924
1926
1926
1927
1927
1930
1930
1935
1935
1900
1900
1902
1902
1900
1900
1898
1898
1919
1919
1894
1894
1924
1924
1879
1879
1931
1931
1894
1894
1926
1926
1931
1931
1912
1912
1919
1919
1907
1907
1897
1897
1889
1889
1892
1892
1918
1918
1906
1906
1932
1932
1932
1932
1899
1899
1912
1912
1909
1909
1936
1936
1900
1900
1926
1926
1911
1911
1879
1879
1932
1932
1928
1928
1909
1909
1903
1903
1925
1925
1880
1880
1918
1918
1880
1880
1930
1930
1892
1892
1920
1920
1924
1924
1895
1895
1898
1898
1933
1933
1921
1921
1909
1909
1879
1879
1879
1879
1922
1922
1928
1928
1922
1922
1920
1920
1900
1900
1932
1932
1900
1900
1900
1900
1893
1893
1884
1884
1934
1934
1911
1911
1898
1898
1868
1868
1903
1903
1927
1927
1894
1894
1892
1892
1916
1916
1896
1896
1914
1914
1880
1880
1900
1900
1905
1905
1913
1913
