1906
1861
1930
1908
1861
1934
1905
1881
1914
1922
1885
1908
1927
1889
1923
1924
1927
1887
1890
1926
1917
1928
1923
1921
1890
1935
1916
1913
1888
1915
1923
1918
1930
1927
1900
1910
1885
1926
1877
1914
1883
1900
1929
1897
1923
1939
1914
1917
1878
1920
1874
1883
1919
1923
1887
1906
1909
1911
1918
1918
1890
1890
1913
1919
1922
1935
1910
1892
1922
1925
1926
1880
1890
1885
1928
1918
1915
1911
1887
1892
1910
1934
1936
1887
1919
1924
1915
1938
1910
1908
1935
1918
1877
1866
1902
1937
1881
1915
1880
1875
1921
1919
1910
1892
1901
1904
1924
1883
1913
1919
1914
1895
1933
1906
1935
1929
1923
1925
1918
1891
1926
1924
1883
1885
1909
1932
1926
1924
1929
1901
1926
1895
1908
1938
1940
1936
1911
1908
1938
1883
1915
1911
1934
1936
1907
1932
1885
1885
1914
1921
1923
1905
1905
1867
1900
1900
1904
1927
1892
1931
1933
1936
1910
1884
1914
1912
1872
1905
1872
