1911
1897
1903
1932
1932
1898
1916
1896
1871
1930
1928
1926
1893
1934
1933
1900
1927
1895
1873
1921
1895
1917
1883
1917
1895
1918
1928
1917
1910
1914
1924
1893
1904
1923
1893
1910
1906
1914
1938
1913
1905
1926
1907
1909
1910
1939
1920
1943
1914
1914
1878
1925
1885
1926
1877
1900
1899
1931
1906
1874
1909
1937
1908
1874
1913
1931
1937
1879
1904
1882
1889
1921
1889
1917
1928
1905
1937
1928
1904
1925
1875
1905
1934
1904
1892
1940
1906
1888
1913
1896
1885
1923
1923
1894
1923
1911
1897
1936
1908
1909
1925
1930
1903
1928
1874
1916
1919
1923
1905
1881
1908
1917
1936
1908
1930
1905
1876
1886
1927
1902
1910
1919
1917
1930
1894
1894
1896
1926
1910
1912
1918
1926
1925
1902
1883
1917
1910
1919
1939
1913
1878
1930
1872
1884
1921
1892
1906
1918
1906
1913
1889
1880
1883
1910
1921
1912
1927
1932
1935
1895
1890
1877
1914
1916
1920
1888
1928
1886
1932
1895
1913
1875
1869
1907
1934
1930
1904
1933
1935
1906
1938
1910
1910
1910
1921
1921
1908
1908
1934
1941
1903
1885
1927
1924
1907
1896
1929
1919
1892
1921
1926
1916
1892
1900
1930
1914
1910
1907
1894
1921
1928
1924
1893
1903
1933
1934
1932
1902
1940
1898
1925
1900
1879
1885
1926
1924
1885
1910
1921
1913
1882
1903
1910
1940
1905
1906
1909
1910
1877
1930
1882
1895
1867
1892
1892
1925
1923
1938
1909
1936
1911
1909
1924
1900
1887
1925
1923
1912
1911
1908
1935
1914
1906
1910
1908
1904
1876
1878
1915
1934
1908
1903
1916
1896
1919
1887
1884
1914
1914
1919
1938
1899
1905
1897
1928
1938
1919
1907
1924
1888
1896
1932
1923
1910
1937
1911
1885
1880
1893
1917
1927
1939
1924
