1901
1912
1922
1885
1911
1926
1904
1908
1904
1900
1928
1930
1933
1935
1896
1899
1904
1926
1929
1934
1939
1889
1916
1887
1923
1919
1927
1914
1904
1879
1923
1918
1918
1919
1898
1918
1905
1902
1904
1912
1891
1907
1887
1909
1894
1931
1932
1913
1939
1911
1911
1936
1903
1890
1910
1925
1917
1919
1908
1906
1935
1939
1939
1938
1897
1899
1920
1919
1920
1924
1880
1901
1908
1926
1903
1933
1938
1905
1931
1934
1940
1909
1925
1868
1891
1916
1896
1897
1924
1924
1928
1926
1896
1922
1930
1909
1892
1878
1880
1919
1936
1904
1904
1933
1886
1882
1917
1912
1904
1876
1870
1933
1919
1922
1901
1883
1890
1914
1935
1898
1898
1888
1895
1924
1919
1882
1916
1911
1907
1880
1925
