1880
1906
1876
1904
1893
1886
1900
1939
1906
1910
1925
1926
1892
1865
1924
1896
1896
1932
1912
1934
1906
1930
1908
1937
1906
1898
1926
1899
1940
1913
1910
1900
1906
1936
1907
1909
1864
1922
1890
1924
1895
1915
1917
1918
1895
1891
1908
1912
1914
1907
1870
1896
1935
1937
1923
1928
1918
1933
1906
1871
1898
1907
1911
1933
1928
1900
1923
1880
1913
1925
1907
1917
1908
1911
1895
1931
1887
1919
1899
1925
1889
1933
1905
1938
1905
1877
1927
1924
1902
1896
1871
1870
1897
1902
1910
1877
1916
1882
1882
1919
1919
1919
1900
1870
1871
1876
1870
1909
1908
1870
1936
1910
1910
1914
1895
1908
1939
1937
1909
1885
1885
1913
1937
1917
1915
1886
1883
1894
1924
1863
1898
1905
1888
1901
1932
1929
1934
1930
1899
1926
1938
1928
1938
1938
1904
1913
1911
1913
1905
1871
1869
1906
1911
1906
1912
1887
1865
1916
1914
1875
1897
1908
1902
1899
1928
1929
1935
1912
1921
1884
1915
1913
1882
1903
1874
1884
1911
1925
1885
1884
1929
1936
1932
1903
1872
1882
1939
1910
1932
1900
1936
1909
1939
1911
1907
1913
1890
1879
1929
1912
1925
1891
1926
1909
1910
1920
1894
1867
1917
1916
1910
1908
1913
1916
1904
1879
1864
1917
1887
1904
1904
1931
1885
1914
1936
1911
1911
1905
1867
1868
1916
1933
1906
1900
1930
1900
1935
1931
1898
1938
1908
1909
1912
1891
1905
1924
1888
1908
1939
1914
1872
1923
1919
1892
1901
1878
1907
1874
1903
1927
1922
1894
1930
1891
1937
1934
1908
1937
1896
1913
1914
1915
1899
1874
1867
1919
1901
1892
1869
1909
1912
1912
