1912
1912
1908
1908
1904
1904
1909
1909
1939
1939
1937
1937
1940
1940
1910
1910
1912
1912
1867
1867
1889
1889
1882
1882
1884
1884
1911
1911
1875
1875
1900
1900
1874
1874
1908
1908
1939
1939
1871
1871
1883
1883
1878
1878
1913
1913
1912
1912
1873
1873
1917
1917
1883
1883
1912
1912
1914
1914
1910
1910
1940
1940
1909
1909
1894
1894
1899
1899
1909
1909
1874
1874
1924
1924
1924
1924
1893
1893
1897
1897
1926
1926
1911
1911
1938
1938
1905
1905
1904
1904
1901
1901
1902
1902
1910
1910
1919
1919
1909
1909
1913
1913
1885
1885
1873
1873
1880
1880
1918
1918
1897
1897
1887
1887
1900
1900
1900
1900
1930
1930
1933
1933
1931
1931
1900
1900
1912
1912
1933
1933
1917
1917
1881
1881
1934
1934
1884
1884
1933
1933
1919
1919
1875
1875
1933
1933
1907
1907
1907
1907
1903
1903
1931
1931
1938
1938
1902
1902
1900
1900
1902
1902
1901
1901
1939
1939
1906
1906
1937
1937
1908
1908
1932
1932
1897
1897
1933
1933
1895
1895
1925
1925
1916
1916
1885
1885
1884
1884
1913
1913
1919
1919
1903
1903
1904
1904
1927
1927
1933
1933
1909
1909
1940
1940
1909
1909
1930
1930
1897
1897
1905
1905
1905
1905
1913
1913
1901
1901
1899
1899
1935
1935
1925
1925
1923
1923
1898
1898
1929
1929
1875
1875
1870
1870
1912
1912
1905
1905
1914
1914
1873
1873
1903
1903
1907
1907
1931
1931
1938
1938
1876
1876
1881
1881
1923
1923
1919
1919
1922
1922
1913
1913
1879
1879
1887
1887
1910
1910
1908
1908
1903
1903
1933
1933
1905
1905
1930
1930
1888
1888
1910
1910
1916
1916
1920
1920
1926
1926
1886
1886
1906
1906
1903
1903
1939
1939
1875
1875
1872
1872
1876
1876
1920
1920
1882
1882
1922
1922
1918
1918
1922
1922
1914
1914
1918
1918
1905
1905
1907
1907
1937
1937
1911
1911
1907
1907
1922
1922
1924
1924
1886
1886
1928
1928
1876
1876
1920
1920
1919
1919
1917
1917
1910
1910
1912
1912
1887
1887
1904
1904
1930
1930
1893
1893
1925
1925
1888
1888
