1932
1904
1937
1934
1927
1905
1931
1895
1914
1912
1910
1910
1901
1884
1892
1925
1921
1918
1918
1932
1907
1894
1894
1895
1895
1930
1922
1908
1926
1925
1912
1933
1903
1923
1894
1903
1924
1932
1923
1910
1910
1915
1915
1888
1888
1938
1937
1938
1938
1909
1907
1933
1933
1892
1894
1929
1887
1908
1884
1902
1923
1897
1928
1899
1913
1919
1925
1944
1892
1897
1875
1874
1906
1936
1909
1935
1937
1871
1881
1893
1914
1893
1914
1923
1920
1865
1924
1926
1911
1913
1889
1919
1919
1920
1926
1926
1928
1892
1931
1879
1938
1933
1909
1938
1933
1909
1889
1889
1917
1917
1916
1916
1922
1922
1886
1886
1914
1914
1902
1902
1906
1930
1897
1921
1872
1937
1897
1922
1910
1925
1925
1930
1930
1918
1918
1895
1895
1898
1898
1908
1885
1881
1905
1939
1908
1908
1939
1894
1932
1932
1926
1900
1883
1883
1884
1884
1896
1896
1883
1903
1884
1918
