1886
1886
1876
1876
1929
1929
1937
1937
1907
1907
1901
1901
1934
1934
1940
1940
1912
1912
1907
1907
1871
1871
1914
1914
1875
1875
1879
1879
1910
1910
1935
1935
1914
1914
1913
1913
1906
1906
1920
1920
1924
1924
1894
1894
1920
1920
1918
1918
1890
1890
1912
1912
1887
1887
1886
1886
1916
1916
1914
1914
1902
1902
1927
1927
1902
1902
1937
1937
1929
1929
1919
1919
1935
1935
1912
1912
1894
1894
1896
1896
1921
1921
1926
1926
1905
1905
1908
1908
1931
1931
1928
1928
1908
1908
1910
1910
1939
1939
1911
1911
1858
1858
1855
1855
1919
1919
1878
1878
1878
1878
1913
1913
1911
1911
1918
1918
1909
1909
1911
1911
1902
1902
1906
1906
1937
1937
1939
1939
1900
1900
1904
1904
1907
1907
1930
1930
1908
1908
1933
1933
1901
1901
1933
1933
1911
1911
1918
1918
1881
1881
1916
1916
1858
1858
1914
1914
1880
1880
1887
1887
1923
1923
1911
1911
1934
1934
1897
1897
1914
1914
1910
1910
1882
1882
1912
1912
1920
1920
1930
1930
1923
1923
1880
1880
1927
1927
1895
1895
1920
1920
1879
1879
1884
1884
1901
1901
1898
1898
1905
1905
1900
1900
1911
1911
1899
1899
1915
1915
1913
1913
1932
1932
1897
1897
1925
1925
1900
1900
1924
1924
1940
1940
1899
1899
1901
1901
1930
1930
1940
1940
1928
1928
1876
1876
1923
1923
1918
1918
1921
1921
1916
1916
1897
1897
1895
1895
1933
1933
1937
1937
1909
1909
1875
1875
1875
1875
1909
1909
1906
1906
1890
1890
1912
1912
1879
1879
1896
1896
1927
1927
1917
1917
1904
1904
1937
1937
1910
1910
1934
1934
1904
1904
1934
1934
1908
1908
1938
1938
1909
1909
1904
1904
1928
1928
1902
1902
1906
1906
1890
1890
1913
1913
1926
1926
1919
1919
1912
1912
1893
1893
1893
1893
1918
1918
1921
1921
1925
1925
1926
1926
1892
1892
1892
1892
1875
1875
1930
1930
1918
1918
1931
1931
1937
1937
1887
1887
1911
1911
1908
1908
1920
1920
1881
1881
1910
1910
1885
1885
1878
1878
1886
1886
1886
1886
1912
1912
1920
1920
1898
1898
1918
1918
1892
1892
1925
1925
1918
1918
1888
1888
1922
1922
1883
1883
1940
1940
1895
1895
1905
1905
1918
1918
1928
1928
1898
1898
1928
1928
1897
1897
1934
1934
1928
1928
1914
1914
1913
1913
1939
1939
1934
1934
1929
1929
1931
1931
1906
1906
1939
1939
1908
1908
1904
1904
1928
1928
1932
1932
1928
1928
1921
1921
1905
1905
