1885
1895
1922
1897
1903
1924
1931
1903
1907
1914
1905
1933
1920
1884
1923
1890
1914
1912
1876
1916
1876
1937
1913
1926
1895
1924
1890
1902
1924
1896
1921
1916
1918
1890
1929
1905
1927
1894
1889
1889
1927
1887
1894
1942
1889
1923
1916
1924
1928
1898
1905
1929
1906
1908
1919
1922
1906
1924
1905
1911
1919
1924
1929
1924
1933
1903
1909
1914
1926
1902
1895
1926
1921
1925
1937
1913
1906
1930
1938
1936
1898
1913
1911
1907
1902
1908
1904
1903
1898
1911
1900
1935
1899
1929
1912
1938
1886
1924
1927
1930
1925
1889
1931
1894
1927
1878
1914
1905
1876
1880
1919
1912
1937
1913
1939
1898
1903
1935
1903
1913
1937
1926
1910
1938
1936
1905
1934
1910
1934
1932
1910
1937
1922
1929
1902
1916
1917
1940
1899
1887
1926
1924
1897
1931
1937
1926
1924
1934
1929
1925
1941
1885
1898
1910
1915
1922
1920
1937
1870
1905
1904
1894
1903
1932
1934
1910
1936
1910
1918
1928
1894
1901
1900
1927
1928
1916
1921
1920
1921
1928
1925
1894
1923
1913
1918
1906
1906
1907
1935
1935
1904
1895
1899
1925
1888
1911
1898
1923
1920
1886
1886
1924
1916
1912
1918
1923
1928
1918
1894
1892
1924
1916
1921
1929
1926
1917
1905
1893
1931
1865
1883
1912
1926
1902
1937
1897
1902
1927
1929
1898
