1913
1913
1910
1910
1913
1913
1917
1917
1908
1908
1929
1929
1913
1913
1902
1902
1914
1914
1925
1925
1904
1904
1926
1926
1923
1923
1887
1887
1889
1889
1925
1925
1902
1902
1904
1904
1898
1898
1928
1928
1901
1901
1928
1928
1920
1920
1899
1899
1905
1905
1914
1914
1927
1927
1923
1923
1922
1922
1902
1902
1909
1909
1938
1938
1912
1912
1931
1931
1911
1911
1896
1896
1901
1901
1932
1932
1912
1912
1925
1925
1917
1917
1922
1922
1912
1912
1909
1909
1929
1929
1914
1914
1887
1887
1905
1905
1934
1934
1906
1906
1915
1915
1911
1911
1927
1927
1894
1894
1914
1914
1900
1900
1925
1925
1925
1925
1904
1904
1928
1928
1892
1892
1915
1915
1906
1906
1897
1897
1920
1920
1913
1913
1894
1894
1909
1909
1905
1905
1903
1903
1888
1888
1919
1919
1889
1889
1893
1893
1910
1910
1920
1920
1900
1900
1900
1900
1900
1900
1900
1900
1900
1900
1871
1871
1901
1901
1895
1895
1919
1919
1931
1931
1884
1884
1908
1908
1904
1904
1934
1934
1902
1902
1901
1901
