1925
1913
1908
1918
1925
1929
1918
1921
1912
1938
1910
1904
1936
1911
1903
1938
1894
1918
1904
1913
1925
1928
1927
1891
1923
1933
1921
1915
1930
1925
1929
1939
1913
1909
1910
1910
1942
1915
1892
1920
1924
1886
1902
1903
1938
1910
1931
1905
1905
1929
1929
1908
1899
1899
1912
1940
1906
1934
1929
1905
1904
1907
1911
1877
1865
1900
1904
1925
1927
1902
1902
1872
1934
1907
1908
1908
1909
1909
1925
1923
1912
1887
1925
1923
1912
1887
1916
1917
1908
1940
1914
1918
1918
1908
1903
1893
1893
1903
1890
1893
1940
1918
1918
1892
1889
1925
1922
1896
1897
1920
1893
1928
1926
1885
1929
1912
1922
1913
1891
1884
1877
1933
1932
1906
1937
1938
1905
1907
1938
1938
1910
1910
1937
1937
1914
1897
1925
1892
1886
1913
1915
1912
1936
1934
1905
1869
1895
1896
1937
1893
1921
1921
1923
1892
1914
1882
1883
1929
1907
1904
1892
1892
1925
1925
1914
1874
1910
1907
1871
1867
1906
1934
1934
1911
1911
1907
1919
1882
1937
1895
1875
1907
1907
1909
1886
1918
1925
1916
1920
1915
1937
1890
1927
1930
1899
1910
1921
1928
1891
1923
1890
1923
1909
1940
1911
1900
1884
1889
1924
1931
1910
1932
1900
1906
1927
1920
1923
1896
1926
1896
1923
1912
1920
1929
1922
1914
1928
1920
1908
1903
1906
1939
1933
1914
1914
1943
1943
1905
1881
1874
1933
1908
1935
1914
1910
1915
1919
1935
1915
1922
1922
1908
1886
1941
1881
1911
1911
1880
1903
1932
1905
1918
1937
1903
1896
1921
1899
1920
1894
1912
1889
1925
1910
1912
1928
1898
1927
1933
1906
1906
1926
1926
1898
1898
1890
1890
1912
1881
1892
1910
1938
1908
1909
1907
1935
1917
1918
1918
1881
1913
1882
1923
1910
1916
1935
1910
1920
1933
1893
1904
1900
1933
1901
1901
1930
1930
1904
1904
1929
1929
1922
1932
1922
1915
1887
1910
1938
1912
1917
1916
1917
1908
1940
1879
1869
1929
1875
1918
1890
1941
1918
1898
1935
1935
1889
1897
1905
1935
1908
1941
1905
1931
1931
1904
1918
1937
1914
1879
1924
1921
1889
1920
1932
1889
1925
1926
1925
1894
1898
1935
1927
1923
1915
1887
1887
1917
1919
1912
1920
1907
1923
1920
1886
