1888
1888
1928
1928
1898
1898
1898
1898
1919
1919
1916
1916
1929
1929
1908
1908
1912
1912
1922
1922
1894
1894
1924
1924
1917
1917
1920
1920
1879
1879
1909
1909
1911
1911
1927
1927
1927
1927
1902
1902
1913
1913
1902
1902
1926
1926
1902
1902
1884
1884
1897
1897
1915
1915
1911
1911
1943
1943
1914
1914
1910
1910
1925
1925
1927
1927
1930
1930
1920
1920
1924
1924
1898
1898
1934
1934
1906
1906
1906
1906
1944
1944
1929
1929
1901
1901
1927
1927
1899
1899
1917
1917
1903
1903
1926
1926
1932
1932
1931
1931
1896
1896
1919
1919
1874
1874
1907
1907
1927
1927
1896
1896
1904
1904
1917
1917
1915
1915
1923
1923
1935
1935
1921
1921
1927
1927
1917
1917
1905
1905
1905
1905
1921
1921
1915
1915
1932
1932
1926
1926
1901
1901
1915
1915
1902
1902
1925
1925
1919
1919
1930
1930
1904
1904
1918
1918
1884
1884
1911
1911
1904
1904
1914
1914
1910
1910
1908
1908
1929
1929
1924
1924
1915
1915
1914
1914
1944
1944
1909
1909
1915
1915
1914
1914
1919
1919
1936
1936
1934
1934
1932
1932
1937
1937
1899
1899
1912
1912
1911
1911
1940
1940
1921
1921
1910
1910
1912
1912
1914
1914
1891
1891
1922
1922
1889
1889
1933
1933
1927
1927
1895
1895
1921
1921
1903
1903
1904
1904
1872
1872
1899
1899
1929
1929
1927
1927
1896
1896
1924
1924
1922
1922
1902
1902
1918
1918
1913
1913
1905
1905
1923
1923
1927
1927
1899
1899
1927
1927
1901
1901
1923
1923
1925
1925
1924
1924
1884
1884
1910
1910
1938
1938
1915
1915
1939
1939
1927
1927
1896
1896
1933
1933
1921
1921
1898
1898
1914
1914
1913
1913
1923
1923
1917
1917
1913
1913
1916
1916
1877
1877
1916
1916
1911
1911
1915
1915
1899
1899
1904
1904
1902
1902
1909
1909
1925
1925
1925
1925
1928
1928
1913
1913
1895
1902
1902
1920
1920
1932
1932
1889
1889
1923
1923
1916
1916
1903
1903
1909
1909
1918
1918
1926
1926
1917
1917
1923
1923
1915
1915
1912
1912
1930
1930
1935
1935
1929
1929
1923
1923
1920
1920
1909
1909
1901
1901
1929
1929
1915
1915
1907
1907
1912
1912
1918
1918
1926
1926
1928
1928
1901
1901
1924
1924
1911
1911
1918
1918
1927
1927
1929
1929
1882
1882
1910
1910
1923
1923
1921
1921
1899
1899
1917
1917
1919
1919
1909
1909
1939
1939
1906
1906
1928
1928
1903
1903
1939
1939
1904
1904
1931
1931
1909
1909
1893
1893
1924
1924
1922
1922
1915
1915
1917
1917
1929
1929
1894
1894
1924
1924
1915
1915
1910
1910
1943
1943
1901
1901
1929
1929
1907
1907
1903
1903
1923
1923
1901
1901
1935
1935
1906
1906
1934
1934
1915
1915
1932
1932
1915
1915
1876
1876
1922
1922
1911
1911
1930
1930
1914
1914
1908
1908
1910
1910
1938
1938
1902
1902
1901
1901
1927
1927
1928
1928
1904
1904
1887
1887
1917
1917
1919
1919
1910
1910
1897
1897
1939
1939
