1927
1931
1930
1928
1927
1928
1928
1932
1928
1932
1930
1931
1933
1930
1928
1933
1933
1930
1933
1931
1929
1932
1933
1929
1929
1930
1929
1929
1932
1932
1932
1931
1931
1931
1928
1932
1932
1929
1933
1932
1930
1932
1930
1931
1929
1929
1929
1932
1933
1932
1927
1929
1928
1930
1931
1933
1932
1929
1930
1931
1929
1933
1929
1933
1933
1928
1932
1931
1928
1931
1931
1933
1929
1929
1932
1933
1930
1930
1929
1932
1933
1932
1932
1933
1933
1929
1932
1930
1929
1929
1931
1927
1932
1929
1933
1928
1933
1931
1929
1929
