1929
1929
1900
1900
1909
1909
1911
1911
1910
1910
1909
1909
1923
1923
1922
1922
1872
1872
1911
1911
1908
1908
1928
1928
1905
1905
1932
1932
1934
1934
1915
1915
1913
1913
1886
1886
1910
1910
1906
1906
1936
1936
1904
1904
1908
1908
1908
1908
1911
1911
1922
1922
1892
1892
1897
1897
1900
1900
1922
1922
1914
1914
1925
1925
1893
1893
1920
1920
1915
1915
1913
1913
1915
1915
1924
1924
1922
1922
1923
1923
1882
1882
1894
1894
1892
1892
1917
1917
1910
1910
1909
1909
1910
1910
1944
1944
1913
1913
1932
1932
1906
1906
1902
1902
1923
1923
1921
1921
1923
1923
1920
1920
1894
1894
1923
1923
1927
1927
1920
1920
1912
1912
1911
1911
1908
1908
1923
1923
1888
1888
1915
1915
1907
1907
1895
1895
1913
1913
1939
1911
1911
1934
1939
1934
1939
1939
1909
1909
1909
1909
1907
1907
1908
1908
1914
1914
1919
1919
1897
1897
1923
1923
1896
1896
1924
1924
1911
1911
1922
1922
1908
1908
1908
1908
1915
1915
1924
1924
1919
1919
1922
1922
1914
1914
1909
1909
1910
1910
1926
1926
1919
1919
1912
1912
1913
1913
1910
1910
1913
1913
1884
1884
1919
1919
1896
1896
1879
1879
1912
1912
1915
1915
1919
1919
1896
1896
1930
1930
1925
1925
1896
1896
1889
1889
1887
1887
1895
1895
1897
1897
1931
1931
