1924
1924
1918
1918
1896
1896
1887
1887
1918
1918
1923
1923
1883
1883
1900
1900
1904
1904
1897
1897
1855
1855
1912
1912
1939
1939
1890
1890
1929
1929
1897
1897
1926
1926
1923
1923
1903
1903
1900
1900
1867
1867
1939
1939
1914
1914
1914
1914
1882
1882
1913
1913
1892
1892
1920
1920
1914
1914
1932
1932
1894
1894
1879
1879
1889
1889
1910
1910
1913
1913
1901
1901
1905
1905
1914
1914
1910
1910
1937
1937
1912
1912
1905
1905
1904
1904
1932
1932
1930
1930
1906
1906
1934
1934
1934
1934
1905
1905
1918
1918
1888
1888
1914
1914
1923
1923
1900
1900
1921
1921
1928
1928
1926
1926
1892
1892
1924
1924
1883
1883
1895
1895
1919
1919
1883
1883
1894
1894
1889
1889
1910
1910
1922
1922
1913
1913
1888
1888
1928
1928
1916
1916
1914
1914
1874
1874
1910
1910
1872
1872
1921
1921
1913
1913
1882
1882
1914
1914
1911
1911
1911
1911
1915
1915
1888
1888
1938
1938
1939
1939
1892
1892
1922
1922
1895
1895
1913
1913
1880
1880
1880
1880
1916
1916
1923
1923
1933
1933
1908
1908
1879
1879
1886
1886
1923
1923
1924
1880
1924
1880
1906
1906
1913
1913
1890
1890
1922
1922
