1905
1905
1904
1904
1928
1928
1892
1892
1924
1924
1895
1895
1910
1910
1935
1935
1905
1905
1877
1877
1877
1877
1910
1910
1910
1910
1877
1877
1911
1911
1910
1910
1913
1913
1920
1920
1920
1920
1893
1893
1917
1917
1924
1924
1897
1897
1926
1926
1898
1898
1937
1937
1908
1908
1939
1939
1914
1914
1921
1921
1900
1900
1925
1925
1934
1934
1898
1898
1912
1912
1924
1924
1919
1919
1931
1931
1925
1925
1929
1929
1906
1906
1912
1912
1938
1938
1927
1927
1905
1905
1900
1900
1911
1911
1916
1916
1891
1891
1915
1915
1883
1883
1917
1917
1909
1909
1913
1913
1915
1915
1914
1914
1917
1917
1902
1902
1909
1909
1939
1939
1906
1906
1905
1905
1906
1906
1912
1912
1940
1940
1906
1906
1913
1913
1924
1924
1929
1929
1919
1919
1912
1912
1916
1916
1907
1907
1879
1879
1917
1917
1895
1895
1920
1920
1932
1932
1902
1902
1925
1925
1930
1930
1904
1904
1936
1936
1903
1903
1895
1895
1914
1914
1916
1916
1908
1908
1927
1927
1908
1908
1901
1901
1917
1917
1934
1934
1902
1902
1917
1917
1919
1919
1867
1867
1910
1910
1915
1915
1905
1905
1903
1903
1924
1924
1880
1880
1912
1912
1915
1915
1910
1910
1907
1907
1941
1941
1910
1910
1913
1913
1918
1918
1888
1888
1891
1891
1929
1929
1919
1919
1921
1921
1923
1923
1893
1893
1932
1932
1908
1908
1939
1939
1918
1918
1893
1893
1929
1929
1922
1922
1920
1920
1917
1917
1894
1894
1918
1918
1909
1909
1906
1906
1887
1887
1900
1900
1909
1909
1911
1911
1885
1885
1916
1916
1873
1873
1892
1892
1920
1920
1899
1899
1925
1925
1905
1905
1929
1929
1915
1915
1914
1914
1938
1938
1879
1879
1894
1894
1929
1929
1891
1891
1934
1934
1907
1907
1890
1890
1913
1913
1914
1914
1916
1916
1912
1912
1929
1929
1910
1910
1878
1878
1909
1909
1869
1869
1918
1918
1889
1889
1909
1909
1902
1902
1921
1921
1928
1928
