1928
1928
1920
1920
1898
1898
1926
1926
1888
1888
1900
1900
1931
1931
1909
1909
1933
1933
1933
1933
1937
1937
1908
1908
1912
1912
1935
1935
1937
1937
1883
1883
1940
1940
1923
1923
1881
1881
1908
1908
1908
1908
1919
1919
1921
1921
1932
1932
1878
1878
1932
1932
1912
1912
1879
1879
1886
1886
1919
1919
1885
1885
1924
1924
1888
1888
1917
1917
1914
1914
1903
1903
1928
1928
1929
1929
1927
1927
1934
1934
1940
1940
1901
1901
1873
1873
1874
1874
1904
1904
1904
1904
1912
1912
1924
1924
1886
1886
1899
1899
1859
1859
1884
1884
1880
1880
1884
1884
1922
1922
1922
1922
1879
1879
1895
1895
1897
1897
1899
1899
1898
1898
1900
1900
1900
1900
1875
1875
1865
1865
1931
1931
1933
1933
1911
1911
1918
1918
1879
1879
1920
1920
1877
1877
1914
1914
1905
1905
1920
1920
1925
1925
1923
1923
1890
1890
1920
1920
1885
1885
1929
1929
1921
1921
1912
1912
1937
1937
1932
1932
1904
1904
1910
1910
1920
1920
1903
1903
1936
1936
1929
1929
1906
1906
1889
1889
1892
1892
1917
1917
1920
1920
1925
1925
1923
1923
1927
1927
1908
1908
1910
1910
1938
1938
1936
1936
1894
1894
1904
1904
1909
1909
1883
1883
1899
1899
1937
1937
1912
1912
1937
1937
1919
1919
1900
1900
1925
1925
1886
1886
1922
1922
1883
1883
1920
1920
