1913
1939
1914
1923
1925
1927
1890
1925
1915
1915
1910
1911
1924
1896
1900
1933
1916
1916
1900
1913
1923
1932
1925
1894
1898
1928
1917
1909
1898
1907
1926
1921
1892
1881
1886
1897
1924
1903
1912
1922
1925
1923
1925
1897
1885
1906
1908
1908
1925
1901
1924
1925
1888
1929
1925
1927
1891
1931
1894
1922
1899
1903
1896
1905
1914
1913
1903
1915
1918
1915
1890
1915
1911
1915
1895
1878
1923
1926
1896
1890
1919
1883
1926
1928
1894
1905
1879
1913
1930
1900
1934
1884
1908
1882
1915
1921
1913
1911
1907
1937
1932
1918
1911
1939
1916
1907
1915
1927
1898
1925
1906
1906
1920
1926
