1904
1904
1913
1905
1939
1910
1926
1928
1898
1892
1888
1923
1916
1919
1864
1908
1926
1884
1927
1906
1903
1929
1931
1896
1892
1899
1900
1924
1925
1902
1890
1910
1935
1939
1904
1898
1931
1904
1931
1934
1904
1932
1934
1908
1934
1910
1939
1883
1878
1921
1919
1913
1888
1885
1926
1924
1922
1915
1894
1910
1936
1934
1914
1940
1936
1914
1877
1909
1913
1924
1887
1894
1922
1890
1928
1920
1925
1923
1919
1889
1927
1924
1904
1893
1907
1935
1907
1937
1915
1886
1914
1904
1909
1935
1909
1909
1911
1939
1909
1909
1939
1912
1910
1903
1866
1899
1926
1919
1920
1887
1895
1913
1915
