1916
1921
1925
1923
1921
1917
1908
1920
1919
1921
1920
1924
1922
1921
1923
1919
1924
1918
1923
1920
1915
1915
1922
1922
1920
1921
1905
1922
1920
1916
1912
1922
1921
1922
1916
1914
1898
1914
1920
1916
1914
1923
1922
1921
1921
1920
1915
1925
1919
1921
1919
1922
1922
1914
1921
1912
1915
1928
1921
1919
1919
1912
1920
1920
1914
1918
1923
1915
1917
1922
1920
1925
1917
1918
1912
1912
1924
1925
1905
1919
1922
1914
1917
1915
1921
1914
1922
1921
1922
1919
1915
1911
1923
1913
1918
1915
1921
1916
1918
1913
1917
1922
1921
1923
1912
1921
1852
1921
1919
1921
1902
1921
1903
1921
1919
1922
1921
1923
1921
1921
1918
1921
1923
1923
1914
1919
1924
1923
1915
1916
1903
1921
1921
1916
1922
1922
1920
1915
1908
1918
1913
1919
1921
1920
1924
1921
1919
1925
1923
1894
1905
1908
1921
1924
1920
1921
1922
1919
1917
1921
1915
1918
1920
1927
1914
1916
1917
1919
1929
1922
1919
1920
1920
1920
1911
1905
1923
1921
1914
1911
1922
1920
1920
1918
1919
1889
1913
1902
1891
1918
1919
1920
1918
1917
1922
1921
1918
1905
1908
1921
1920
1920
1922
1922
1916
1920
1922
1919
1921
1923
1923
1916
1923
1911
1921
1923
1911
1919
1920
1915
1922
1919
1915
1920
1910
1924
1915
1912
1913
1922
1918
1921
1920
1922
1913
1923
1921
1918
1917
1921
1922
1912
1920
1920
1912
1909
1907
1922
1919
1913
1915
1923
1904
1923
1920
1920
1922
1913
1920
1919
1923
1921
1920
1909
1919
1922
1921
1923
1914
1921
1913
1920
1915
1887
1920
1923
1922
1910
1921
1918
1921
1923
1922
1923
1922
1909
1918
1921
1917
1921
1925
1915
1922
1921
1921
1921
1920
1916
1920
1913
1914
1918
1920
1907
1916
1920
1922
1920
1921
1920
1920
1894
1882
1922
1920
1920
1921
1920
1920
1900
1926
1913
1921
1921
1917
1921
1921
1914
1921
1920
1890
1910
1920
1922
1920
1921
1923
1919
1913
1923
1920
1911
1922
1922
1919
1921
1922
1922
1928
1921
1917
1919
1921
1914
1920
1919
1914
1920
1920
1913
1921
1921
1913
1912
1921
1921
1910
1923
1921
1921
1920
1919
1921
1921
1922
1913
1921
1937
1919
1915
1919
1923
1920
1920
1921
1918
1914
1922
1920
1921
1923
1905
1923
1921
1919
1920
1897
1919
1915
1922
1920
1910
1923
1922
1922
1923
1921
1921
1919
1921
1922
1920
1921
1922
1923
1884
1910
1919
1920
1884
1920
1906
1902
1907
1913
1920
1916
1911
1925
1922
1913
1925
1916
1920
1913
1922
1915
1919
1919
1911
1916
1920
1911
1917
1922
1922
1920
1926
1921
1917
1921
1921
1921
1908
1889
1908
1919
1904
1920
1921
1922
1917
1921
1921
1921
1920
1918
1920
1923
1921
1911
1916
1921
1914
1921
1910
1921
1921
1919
1930
1921
1905
1912
1924
1913
1908
1907
1922
1922
1899
1909
1923
1920
1920
1921
1916
1919
1919
1922
1923
1923
1918
1923
1915
1914
1919
1889
1914
1921
1922
1916
1880
1916
1917
1918
1886
1913
1916
1914
1918
1904
1920
1920
1922
1921
1907
1919
1922
1917
1910
1882
1919
1919
1922
1921
1914
1922
1917
1924
1913
1921
1912
1916
1916
1925
1923
1921
1916
1922
1917
1921
1914
1918
1921
1919
1921
1919
1920
1921
1910
1920
1920
1922
1921
1914
1921
1921
1924
1923
1922
1919
1918
1919
1917
1921
1917
1917
1923
1914
1914
1914
1916
1917
1921
1914
1914
1927
1922
1921
1921
1919
1909
1917
1921
1918
1916
1922
1920
1920
1919
1918
1915
1918
1918
1918
1922
1920
1922
1921
1918
1921
1922
1921
1916
1923
1912
1917
1919
1914
1914
1917
1924
1914
1917
1926
1923
1921
1922
1922
1916
1921
1921
1920
1921
1906
1922
1923
1916
1918
1920
1921
1921
1916
1920
1919
1901
1929
1917
1892
1920
1921
1922
1921
1919
1920
1914
1921
1917
1921
1911
1915
1915
1914
1900
1922
1925
1923
1915
1923
1922
1917
1925
1921
1921
1914
1921
1923
1921
1922
1917
1920
1916
1926
1906
1921
1921
1922
1914
1919
1909
1921
1919
1929
1915
1920
1919
1916
1914
1911
1919
1921
1920
1920
1920
1920
1924
1921
1920
1921
1920
1917
1885
1922
1921
1920
1920
1914
1912
1912
1916
1921
1917
1920
1913
1921
1912
1913
1914
1919
1922
1917
1923
1921
1920
1914
1919
1920
1923
1923
1923
1917
1883
1920
1908
1913
1920
1921
1883
1922
1915
1922
1912
1919
1909
1912
1915
1912
1919
1923
1897
1920
1887
1917
1920
1919
1918
1917
1921
1921
1914
1920
1913
1920
1920
1921
1922
1920
1919
1915
1922
1923
1928
1921
1919
1912
1922
1923
1913
1923
1924
1921
1889
1922
1917
1920
1915
1917
1920
1921
1913
1922
1919
1919
1906
1921
1920
1923
1921
1923
1913
1909
1908
1918
1923
1921
1921
1916
1922
1921
1923
1925
1921
1918
1919
1913
1918
1903
1933
1904
1921
1915
1911
1920
1914
1914
1912
1914
1922
1878
1922
1916
1913
1916
1917
1920
1920
1918
1920
1924
1920
1920
1918
1922
1921
1919
1912
1917
1920
1914
1914
1922
1914
1920
1916
1916
1922
1921
1922
1918
1920
1920
1920
1913
1916
1921
1908
1919
1922
1922
1923
1919
1913
1915
1919
1911
1921
1923
1919
1919
1921
1920
1919
1921
1922
1923
1921
1909
1922
1912
1920
1922
1915
1908
1908
1920
1913
1921
1920
1924
1914
1919
1919
1906
1921
1921
1914
1917
1920
1922
1909
1918
1915
1923
1902
1898
1918
1912
1914
1925
1920
1928
1916
1921
1924
1923
1917
1921
1919
1923
1928
1919
1913
1914
1919
1919
1920
1921
1906
1911
1920
1921
1911
1919
1910
1918
1919
1919
1917
1912
1919
1922
1922
1920
1921
1919
1921
1919
1924
1919
1915
1921
1918
1920
1916
1922
1920
1911
1933
1915
1913
1919
1921
1921
1902
1912
1915
1920
1912
1921
1929
1920
1915
1914
1920
1921
1920
1920
1923
1921
1915
1920
1920
1923
1914
1913
1922
1887
1904
1921
1922
1917
1925
1921
1914
1919
1916
1918
1918
1921
1921
1914
1921
1922
1921
1922
1919
1916
1905
1877
1921
1915
1914
1925
1917
1920
1926
1913
1919
1914
1923
1921
1919
1922
1921
1923
1922
1923
1923
1920
1919
1921
1918
1921
1919
1921
1922
1906
1919
1914
1912
1910
1919
1922
1902
1931
1923
1922
1918
1921
1921
1914
1921
1922
1919
1924
1922
1923
1922
1921
1919
1921
1901
1923
1921
1921
1917
1921
1921
1921
1915
1921
1914
1920
1909
1923
1895
1920
1921
1920
1922
1922
1914
1915
1925
1921
1924
1920
1913
1931
1921
1913
1912
1914
1921
1922
1923
1922
1904
1923
1920
1919
1888
1921
1920
1921
1922
1920
1915
1916
1920
1922
1910
1910
1921
1914
1920
1913
1901
1921
1915
1922
1921
1915
1913
1921
1923
1921
1919
1920
1920
1915
1922
1917
1921
1915
1921
1921
1923
1872
1918
1921
1923
1914
1923
1926
1922
1920
1922
1923
1915
1914
1909
1906
1909
1909
1917
1921
1901
1923
1920
1907
1921
1921
1911
1880
1904
1921
1903
1921
1923
1916
1917
1912
1911
1898
1921
1921
1921
1906
1918
1921
1921
1920
1913
1918
1908
1915
1920
1921
1921
1921
1922
1921
1921
1921
1921
1922
1922
1922
1913
1922
1915
1920
1923
1922
1922
1913
1917
1923
1924
1914
1917
1919
1921
1921
1921
1920
1922
1922
1919
1925
1919
1920
1913
1919
1916
1917
1901
1914
1919
1916
1913
1918
1921
1937
1920
1916
1920
1922
1920
1916
1921
1926
1919
1920
1913
1920
1922
1923
1918
1920
1923
1900
1916
1922
1923
1919
1927
1922
1921
1921
1917
1913
1921
1922
1922
1917
1922
1913
1920
1924
1914
1930
1888
1927
1922
1922
1916
1917
1921
1917
1923
1920
1922
1913
1921
1921
1913
1921
1919
1914
1914
1920
1922
1921
1919
1915
1919
1925
1920
1920
1919
1919
1920
1919
1922
1911
1921
1912
1921
1919
1918
1904
1911
1921
1916
1918
1909
1920
1921
1920
1913
1918
1922
1918
1922
1922
1921
1922
1921
1927
1927
1914
1921
1919
1919
1914
1915
1919
1920
1922
1909
1922
1922
1905
1921
1919
1926
1901
1921
1920
1908
1918
1922
1923
1901
1880
1921
1920
1915
1922
1905
1919
1916
1910
1921
1917
1922
1917
1914
1921
1922
1919
1921
1913
1921
1923
1914
1920
1917
1914
1917
1921
1918
1886
1922
1923
1921
1920
1915
1922
1916
1886
1921
1913
1920
1900
1911
1900
1904
1919
1916
1925
1922
1916
1914
1913
1921
1915
1922
1917
1921
1914
1911
1921
1915
1912
1907
1910
1923
1907
1922
1909
1920
1916
1911
1919
1909
1923
1923
1920
1912
1909
1900
1903
1921
1921
1920
1914
1918
1914
1916
1917
1920
1921
1921
1922
1918
1920
1909
1908
1914
1912
1880
1922
1921
1922
1913
1917
1911
1918
1920
1921
1918
1912
1920
1914
1910
1916
1906
1917
1907
1920
1900
1920
1923
1914
1917
1906
1910
1923
1920
1916
1917
1922
1919
1920
1915
1912
1918
1920
1921
1919
1919
1920
1918
1923
1921
1919
1920
1920
1924
1909
1922
1919
1911
1913
1922
1920
1920
1913
1921
1910
1911
1922
1919
1919
1914
1920
1921
1921
1922
1914
1922
1913
1914
1923
1906
1919
1911
1914
1919
1921
1924
1914
1912
1922
1917
1921
1921
1928
1922
1923
1909
1908
1920
1920
1921
1910
1920
1913
1923
1921
1916
1920
1913
1916
1920
1920
1917
1919
1917
1920
1921
1914
1921
1923
1910
1920
1929
1916
1915
1922
1920
1921
1921
1921
1915
1920
1917
1921
1915
1916
1923
1921
1922
1922
1898
1920
1921
1915
1915
1921
1923
1918
1919
1922
1915
1924
1924
1920
1914
1920
1919
1919
1923
1916
1902
1923
1912
1914
1921
1921
1926
1880
1918
1920
1921
1923
1915
1920
1915
1922
1919
1921
1920
1903
1921
1920
1919
1922
1920
1918
1919
1925
1921
1921
1909
1910
1916
1914
1911
1922
1923
1920
1923
1921
1915
1919
1921
1918
1895
1923
1920
1919
1916
1915
1915
1922
1922
1922
1921
1920
1890
1885
1920
1922
1924
1911
1911
1921
1921
1923
1914
1921
1912
1922
1920
1911
1922
1919
1910
1914
1914
1922
1924
1925
1876
1919
1923
1916
1921
1912
1921
1921
1920
1910
1921
1922
1916
1919
1921
1903
1908
1913
1918
1920
1920
1919
1917
1914
1914
1921
1922
1926
1921
1923
1925
1920
1914
1924
1918
1921
1914
1917
1921
1920
1921
