1914
1914
1900
1900
1923
1923
1907
1907
1903
1903
1905
1905
1918
1918
1879
1879
1877
1877
1936
1936
1895
1895
1939
1939
1939
1939
1906
1906
1926
1926
1900
1900
1900
1900
1905
1905
1934
1934
1927
1927
1928
1928
1896
1896
1894
1894
1900
1900
1906
1906
1907
1907
1902
1902
1930
1930
1933
1933
1881
1881
1881
1881
1923
1923
1897
1897
1897
1897
1890
1890
1900
1900
1900
1900
1900
1900
1900
1900
1880
1880
1898
1898
1886
1886
1927
1927
1895
1895
1929
1929
1929
1929
1924
1924
1923
1923
1896
1896
1928
1928
1922
1922
1929
1929
1924
1924
1922
1922
1920
1920
1896
1896
1938
1938
1907
1907
1926
1926
1932
1932
1908
1908
1925
1925
1922
1922
1904
1904
1903
1903
1917
1917
1881
1881
1915
1915
1900
1900
1925
1925
1904
1904
1904
1904
1934
1934
1906
1906
1928
1928
1900
1900
