1921
1921
1921
1921
1938
1938
1893
1893
1929
1929
1896
1896
1907
1907
1906
1906
1906
1906
1909
1909
1912
1912
1898
1898
1912
1912
1930
1930
1933
1933
1924
1924
1891
1891
1928
1928
1900
1900
1930
1930
1927
1927
1925
1925
1900
1900
1901
1901
1893
1893
1913
1913
1911
1911
1913
1913
1915
1915
1896
1896
1895
1895
1927
1927
1893
1893
1887
1887
1901
1901
1904
1904
1939
1939
1868
1868
1908
1908
1914
1914
1914
1914
1902
1902
1926
1926
1926
1926
1909
1909
1900
1900
1903
1903
1903
1903
1914
1914
1911
1911
1911
1911
1901
1901
1913
1913
1913
1913
1909
1909
1922
1922
1909
1909
1899
1899
1913
1913
1909
1909
1870
1870
1915
1915
1874
1874
1911
1911
1911
1911
1903
1903
1904
1904
1900
1900
1912
1912
1927
1927
1899
1899
1932
1932
1919
1919
1895
1895
1921
1921
1893
1893
1908
1908
1908
1908
1899
1899
1934
1934
1913
1913
1905
1905
1883
1883
1866
1866
1910
1910
1897
1897
1930
1930
1924
1924
1896
1896
1913
1913
1905
1905
1911
1940
1940
1911
1900
1900
1913
1913
1914
1914
1880
1880
1933
1933
1902
1902
1903
1903
1904
1904
1901
1901
1939
1939
1907
1907
1902
1902
1914
1914
1880
1880
1875
1875
1924
1924
1898
1898
1904
1904
1910
1910
1905
1905
1876
1876
1890
1890
1904
1904
1929
1929
1927
1927
1937
1937
1901
1901
1882
1882
1912
1912
1906
1906
1907
1907
1936
1936
1880
1880
1875
1875
1913
1913
