1924
1926
1895
1928
1902
1922
1926
1916
1885
1914
1923
1924
1879
1897
1873
1921
1925
1888
1883
1923
1894
1887
1926
1891
1875
1887
1939
1907
1905
1942
1897
1929
1897
1911
1901
1889
1928
1923
1926
1924
1884
1917
1922
1895
1923
1916
1911
1915
1884
1930
1925
1907
1932
1906
1896
1895
1877
1923
1924
1883
1922
1879
1940
1904
1917
1922
1910
1937
1920
1886
1930
1922
1927
1918
1887
1925
1915
1922
1882
1879
1917
1870
1892
1892
1894
1924
1922
1924
1877
1892
1900
1893
1926
1928
1904
1943
1906
1937
1889
1912
1895
1889
1879
1888
1874
1910
1914
1924
1922
1923
1913
1884
1915
1917
1886
1916
1892
1906
1934
1870
1908
1879
1914
1914
1893
1932
1925
1919
1924
1940
1882
1896
1931
1870
1908
1880
1886
1929
1912
1915
1930
1925
1879
1923
1928
1884
1922
1926
1879
1888
1892
1894
1921
1929
1899
1911
1911
1883
1926
1886
1912
1915
1922
1925
