1923
1924
1915
1910
1904
1919
1923
1924
1922
1912
1914
1918
1918
1922
1925
1912
1911
1905
1899
1911
1925
1911
1911
1916
1904
1913
1924
1916
1915
1905
1920
1906
1891
1916
1909
1926
1921
1921
1907
1919
1926
1921
1925
1916
1913
1901
1918
1927
1920
1918
1925
1907
1926
1922
1926
1911
1921
1913
1922
1906
1921
1917
1907
1913
1921
1922
1922
1916
1890
1906
1911
1917
1920
1923
1921
1907
1906
1925
1911
1925
1919
1928
1923
1915
1915
1925
1908
1927
1923
1914
1922
1899
1918
1908
1914
1925
1923
1902
1921
1915
1924
1927
1908
1919
1911
1899
1894
1926
1910
1910
1922
1925
1923
1920
1924
1924
1925
1919
1924
1920
1914
1919
1923
1912
1907
1923
1919
1924
1917
1927
1919
1918
1900
1907
1908
1895
1922
1922
1909
1927
1909
1922
1902
1924
1921
1923
1903
1917
1904
1916
1907
1911
1915
1924
1908
1920
1915
1914
1923
1904
1904
1922
1926
1920
1918
1928
1912
1929
1913
1925
1914
1909
1905
1918
1911
1919
1917
1924
1904
1922
1922
1920
1910
1899
1899
1914
1906
1924
1920
1924
1913
1922
1922
1905
1915
1913
1922
1925
1896
1917
1923
1925
1922
1911
1922
1925
1926
1926
1906
1900
1920
1922
1912
1911
1910
1904
1926
1930
1912
1928
1904
1925
1915
1905
1905
1910
1914
1917
1909
1914
1920
1899
1929
1917
1922
1927
1926
1902
1924
1907
1921
1925
1912
1903
1926
1925
1903
1907
1922
1916
1928
1910
1924
1918
1908
1927
1911
1925
1921
1927
1928
1922
1916
1905
1905
1906
1914
1910
1915
1903
1919
1921
1924
1912
1913
1917
1926
1925
1914
1915
1919
1916
1920
1902
1925
1925
1919
1922
1921
1917
1927
1912
1927
1926
1922
1922
1912
1916
1914
1903
1908
1902
1908
1925
1919
1910
1920
1917
1919
1926
1922
1923
1901
1904
1910
1920
1922
1915
1911
1910
1924
1907
1925
1921
1900
1901
1912
1912
1917
1925
1925
1922
1922
1914
1924
1924
1909
1918
1920
1923
1922
1919
1922
1921
1916
1923
1920
1922
1908
1912
1906
1914
1913
1907
1922
1925
1924
1922
1926
1912
1930
1922
1912
1907
1903
1919
1908
1924
1917
1892
1908
1920
1918
1910
1914
1915
1909
1905
1920
1912
1905
1919
1925
1910
1926
1910
1900
1921
1923
1908
1920
1908
1905
1921
1923
1923
1911
1906
1919
1905
1908
1920
1918
1906
1923
1910
1922
1927
1923
1924
1902
1913
1909
1931
1921
1916
1911
1924
1920
1925
1924
1900
1904
1900
1911
1927
1922
1914
1924
1903
1925
1909
1910
1907
1908
1914
1927
1914
1906
1920
1911
1920
1906
1906
1927
1903
1914
1922
1922
1917
1921
1909
1908
1913
1914
1921
1926
1925
1926
1915
1920
1923
1915
1921
1910
1910
1923
1911
1920
1925
1919
1924
1907
1921
1914
1921
1918
1914
1928
1919
1916
1910
1923
1904
1919
1910
1925
1912
1917
1897
1909
1906
1919
1923
1919
1927
1906
1904
1901
1908
1917
1925
1884
1909
1914
1898
1916
1910
1916
1924
1922
1929
1922
1908
1928
1924
1919
1920
1922
1929
1897
1912
1921
1905
1919
1918
1913
1894
1927
1925
1908
1907
1920
1919
1907
1911
1905
1914
1901
1922
1925
1919
1924
1904
1904
1913
1924
1907
1906
1928
1924
1926
1922
1932
1912
1925
1913
1928
1924
1924
1911
1902
1907
1868
1925
1908
1925
1895
1895
1926
1922
1913
1911
1918
1927
1923
1921
1926
1869
1924
1912
1908
1912
1913
1923
1925
1910
1923
1923
1908
1924
1922
1930
1923
1914
1900
1937
1916
1923
1924
1925
1914
1922
1904
1923
1905
1928
1923
1914
1905
1924
1920
1889
1889
1923
1909
1914
1921
1925
1915
1911
1914
1924
1904
1913
1913
1905
1914
1920
1914
1920
1911
1914
1920
1899
1908
1929
1920
1923
1928
1926
1928
1906
1920
1914
1914
1921
1910
1903
1922
1907
1923
1912
1924
1908
1909
1903
1928
1903
1909
1907
1924
1912
1916
1925
1925
1910
1899
1920
1912
1912
1903
1906
1909
1916
1918
1923
1912
1926
1908
1924
1914
1908
1927
1909
1925
1923
1905
1923
1911
1900
1910
1903
1910
1903
1910
1916
1915
1923
1927
1916
1925
1912
1926
1905
1909
1928
1925
1924
1929
1916
1921
1899
1908
1923
1906
1923
1896
1928
1922
1906
1922
1909
1922
1899
1922
1925
1925
1915
1925
1922
1921
1910
1919
1923
1903
1902
1918
1925
1920
1923
1919
1918
1925
1925
1922
1922
1911
1910
1923
1913
1908
1914
1899
1925
1914
1927
1908
1917
1917
1913
1903
1922
1911
1922
1910
1917
1920
1925
1910
1914
1891
1907
1909
1907
1921
1913
1896
1895
1910
1922
1913
1916
1910
1916
1911
1915
1920
1897
1897
1923
1922
1924
1926
1918
1916
1908
1898
1925
1917
1905
1919
1903
1926
1927
1923
1912
1904
1914
1929
1925
1924
1927
1903
1924
1926
1887
1927
1929
1916
1921
1929
1926
1926
1902
1919
1897
1911
1914
1926
1921
1921
1903
1907
1923
1927
1917
1923
1927
1923
1906
1923
1920
1924
1912
1922
1922
1926
1927
1923
1921
1905
1906
1921
1914
1908
1902
1906
1925
1918
1915
1923
1923
1912
1919
1902
1904
1910
1922
1922
1911
1912
1921
1912
1912
1907
1920
1922
1926
1904
1907
1914
1933
1908
1908
1922
1912
1920
1923
1915
1912
1924
1915
1912
1921
1910
1924
1922
1913
1920
1909
1902
1919
1926
1917
1918
1919
1922
1900
1914
1907
1913
1920
1899
1899
1920
1918
1922
1913
1919
1904
1926
1924
1914
1920
1918
1924
1916
1926
1919
1911
1920
1913
1923
1923
1914
1919
1920
1920
1913
1902
1895
1925
1903
1910
1922
1902
1906
1913
1925
1920
1920
1920
1924
1911
1908
1926
1923
1920
1906
1926
1909
1922
1910
1914
1908
1910
1912
1918
1905
1910
1909
1905
1903
1906
1915
1910
1905
1922
1922
1910
1922
1910
1926
1911
1927
1916
1917
1926
1912
1905
1914
1925
1919
1910
1919
1932
1891
1903
1926
1915
1919
1925
1924
1907
1923
1917
1922
1903
1921
1924
1905
1919
1924
1920
1927
1925
1910
1911
1916
1919
1924
1905
1925
1922
1924
1924
1917
1913
1915
1920
1923
1910
1912
1924
1919
1944
1911
1921
1922
1906
1922
1903
1920
1922
1901
1928
1926
1913
1925
1927
1899
1914
1915
1920
1922
1927
1913
1924
1921
1914
1925
1908
1905
1913
1920
1916
1910
1922
1924
1903
1917
1921
1904
1918
1920
1895
1902
1909
1904
1922
1917
1914
1914
1899
1916
1919
1924
1917
1925
1922
1907
1908
1914
1928
1923
1912
1927
1905
1926
1927
1907
1927
1911
1925
1925
1922
1906
1907
1914
1929
1916
1903
1908
1921
1923
1926
1914
1909
1875
1910
1926
1904
1925
1924
1924
1923
1904
1923
1917
1911
1908
1923
1910
1910
1902
1921
1921
1903
1916
1918
1923
1926
1910
1916
1919
1927
1919
1913
1915
1898
1919
1910
1904
1908
1901
1913
1922
1924
1912
1918
1912
1906
1906
1908
1892
1915
1896
1896
1923
1924
1916
1919
1906
1913
1922
1907
1908
1916
1922
1917
1924
1910
1924
1920
1918
1913
1914
1907
1915
1909
1917
1928
1923
1917
1927
1905
1910
1918
1922
1913
1909
1925
1924
1924
1906
1928
1919
1907
1903
1922
1929
1903
1885
1913
1917
1898
1909
1913
1897
1882
1914
1909
1923
1904
1903
1920
1924
1915
1925
1923
1908
1922
1913
1918
1913
1907
1923
1923
1904
1921
1920
1918
1924
1925
1913
1920
1924
1912
1860
1912
1926
1914
1913
1911
1920
1914
1912
1901
1925
1927
1909
1917
1916
1885
1906
1927
1918
1915
1900
1914
1916
1905
1927
1922
1921
1924
1924
1916
1921
1918
1910
1911
1913
1904
1913
1922
1933
1912
1907
1921
1923
1924
1921
1921
1904
1910
1903
1905
1922
1908
1904
1920
1914
1922
1924
1911
1912
1921
1921
1906
1920
1909
1907
1926
1902
1912
1908
1918
1920
1899
1913
1899
1914
1912
1911
1912
1925
1898
1927
1911
1920
1914
1905
1892
1892
1916
1920
1906
1924
1924
1922
1899
1899
1925
1929
1919
1923
1911
1908
1910
1920
1905
1925
1918
1923
1920
1923
1926
1923
1917
1924
1926
1910
1924
1903
1908
1912
1929
1919
1900
1928
1921
1927
1921
1899
1920
1915
1921
1911
1916
1912
1898
1922
1924
1923
1920
1909
1914
1912
1927
1924
1920
1926
1921
1916
1924
1926
1911
1927
1909
1927
1927
1917
1922
1919
1915
1910
1923
1920
1910
1923
1905
1920
1917
1916
1895
1921
1904
1915
1919
1911
1916
1912
1924
1921
1920
1910
1922
1922
1924
1924
1910
1923
1900
1925
1906
1911
1905
1922
1924
1910
1925
1922
1917
1903
1890
1914
1926
1920
1904
1924
1906
1922
1920
1922
1913
1921
1920
1916
1920
1915
1900
1922
1924
1920
1910
1904
1914
1895
1919
1910
1920
1919
1910
1894
1910
1904
1911
1911
1923
1907
1924
1907
1926
1902
1928
1916
1925
1927
1922
1922
1926
1928
1922
1923
1911
1912
1905
1910
