1884
1911
1910
1902
1873
1930
1925
1892
1921
1932
1914
1890
1927
1921
1892
1914
1898
1924
1928
1899
1938
1914
1870
1879
1880
1923
1895
1902
1874
1900
1893
1928
1912
1939
1910
1892
1891
1928
1939
1862
1901
1910
1908
1907
1929
1899
1903
1902
1937
1907
1938
1935
1922
1934
1931
1898
1930
1933
1900
1925
1892
1922
1929
1932
1901
1906
1898
1933
1907
1876
1916
1918
1912
1939
1918
1914
1871
1870
1910
1877
1910
1879
1910
1913
1939
1894
1928
1929
1896
1919
1910
1879
1876
1912
1930
1900
1880
1880
1911
1913
1914
1885
1911
1909
1884
1930
1922
1928
1932
1934
1920
1875
1934
1902
1926
1894
1896
1917
1890
1894
1890
1918
1914
1914
1894
1893
1920
1914
1877
1918
1917
1881
1915
1885
1912
1912
1940
1885
1939
1923
1878
1880
1913
1878
1935
1905
1907
1938
1910
1881
1889
1928
1905
1930
1927
1905
1890
1900
1900
1890
1923
1927
1930
1925
1921
1893
1885
1908
1916
1916
1893
1925
1912
1920
1885
1895
1922
1925
1925
1934
1904
1930
1902
1910
1866
1893
1930
1902
1932
1936
1901
1922
1919
1914
1879
1885
1912
1916
1924
1910
1912
1880
1914
1938
1913
1910
1884
1887
1913
1913
1899
1933
1938
1900
1914
1896
1882
1918
1931
1906
1906
1936
1934
1931
1902
1906
1934
1871
1890
1926
1926
1921
1923
1893
1894
1902
1897
1929
1891
1918
1890
1928
1923
1921
1877
1883
1912
1914
1917
1919
1914
1889
1922
1882
1925
1910
1887
1902
1932
1921
1917
1913
1923
1907
1908
1908
1897
1935
1910
1873
1909
1898
1917
1900
1874
1907
1933
1907
1929
1896
1888
1923
1893
1921
1910
1905
1906
1924
1902
1903
1926
1923
1890
1925
1919
1914
1868
1900
1908
1912
1870
1879
