1854
1940
1939
1918
1911
1921
1897
1910
1908
1939
1913
1884
1915
1879
1918
1914
1921
1912
1891
1885
1922
1924
1875
1921
1904
1911
1924
1895
1923
1868
1895
1922
1896
1895
1918
1937
1911
1872
1937
1913
1907
1933
1911
1928
1938
1912
1922
1911
1882
1900
1933
1925
1897
1891
1914
1907
1913
1924
1908
1911
1876
1886
1879
1886
1888
1916
1918
1924
1889
1902
1931
1926
1898
1902
1920
1918
1931
1902
1943
1916
1912
1939
1911
1922
1912
1925
1899
1897
1905
1909
1936
1905
1931
1904
1929
1898
1922
1897
1939
1902
1937
1932
1916
1907
1904
1907
1885
1883
1867
1906
1938
1898
1914
1939
1929
1927
1889
1926
1884
1919
1925
1933
1936
1911
1925
1923
1928
1903
1878
1924
1895
1902
1934
1927
1908
1900
1899
1907
1887
1884
1904
1904
1904
1904
1904
1934
1923
1904
1934
1911
1891
1917
1919
1939
1905
1888
1916
1900
1937
1877
1912
1923
1921
1923
1893
1933
1921
1900
1862
1903
1932
1927
1890
1892
1929
1885
1927
1923
1906
1908
1910
1908
1936
1915
1924
1887
1889
1923
1926
1892
1924
1927
1895
1922
1905
1897
1925
1888
1934
1903
1870
1884
1868
1877
1929
1910
1898
1898
1925
1920
1895
1906
1913
1910
1874
1865
1937
1930
1900
1903
1919
1871
1885
1920
1914
1898
1898
1913
1897
1900
1908
1877
1908
1938
1902
1910
1940
1908
1894
1923
1926
1931
1910
1926
1895
1928
1924
1922
1897
1893
1902
1912
1914
1908
1913
1883
1939
1898
