1881
1891
1903
1901
1889
1915
1887
1868
1922
1921
1900
1930
1890
1878
1917
1923
1885
1931
1910
1933
1908
1922
1887
1886
1925
1923
1916
1887
1889
1920
1933
1904
1908
1926
1920
1897
1903
1904
1880
1934
1880
1940
1908
1935
1905
1930
1928
1936
1906
1907
1939
1935
1899
1914
1937
1930
1925
1883
1888
1921
1880
1880
1912
1917
1885
1918
1873
1910
1935
1899
1892
1882
1937
1939
1910
1909
1938
1909
1920
1917
1923
1924
1883
1927
1922
1890
1922
1894
1933
1893
1930
1902
1885
1895
1930
1904
1906
1932
1930
1894
1937
1936
1902
1909
1914
1939
1888
1922
1928
1925
1897
1910
1896
1871
1898
1878
