1896
1898
1911
1900
1907
1907
1911
1906
1904
1906
1913
1911
1913
1910
1914
1914
1901
1911
1897
1918
1923
1919
1917
1919
1913
1892
1896
1915
1903
1924
1910
1900
1924
1922
1924
1890
1904
1900
1923
1902
1925
1893
1931
1908
1899
1906
1905
1914
1922
1928
1929
1924
1928
1928
1927
1900
1886
1933
1920
1909
1908
1907
1907
1923
1888
1924
1897
1905
1926
1911
1911
1876
1895
1902
1924
1899
1898
1922
1910
1911
1904
1902
1888
1880
1895
1907
1905
1906
1908
1930
1900
1901
1896
1900
1922
1885
1927
1920
1938
1912
1925
1911
1851
1904
1895
1901
1925
1903
1908
1924
1920
1915
1936
1883
1919
1897
1898
1930
1927
1925
1903
1912
1941
1912
1902
1904
1892
1899
1929
1897
1920
1899
1917
1912
1913
1921
1922
1902
1896
1911
1938
1910
1901
1895
1904
1911
1921
1911
1912
1889
1922
1905
1916
1908
1920
1921
1915
1897
1913
1920
1896
1921
1887
1908
1913
1905
1895
1906
1917
1914
1900
1898
1922
1925
1920
1912
1899
1892
1926
1907
1888
1881
1900
1908
1926
1903
1903
1896
1892
1925
1925
1907
1903
1922
1909
1900
1926
1902
1907
1881
1893
1915
1909
1922
1911
1906
1908
1921
1918
1903
1883
1918
1898
1899
1903
1915
1891
1918
1889
1926
1903
1904
1915
1921
1928
1901
1903
1901
1911
1890
1893
1927
1900
1908
1896
1914
1889
1898
1895
1914
1890
1891
1901
1909
1893
1900
1931
1915
1880
1907
1924
1908
1923
1923
1924
1907
1899
1902
1902
1891
1920
1923
1900
1900
1932
1907
1929
1936
1899
1926
1902
1922
1904
1912
1924
1910
1924
1914
1883
1908
1903
1891
1925
1902
1917
1915
1927
1933
1910
1936
1910
1907
1904
1932
1901
1910
1902
1912
1920
1902
1931
1924
1894
1900
1881
1907
1897
1889
1905
1937
1909
1917
1888
1904
1903
1901
1900
1916
1899
1901
1922
1925
1889
1920
1887
1930
1890
1930
1927
1903
1899
1914
1922
