1908
1908
1912
1912
1937
1937
1890
1890
1918
1918
1920
1920
1923
1923
1926
1926
1929
1929
1904
1904
1917
1917
1915
1915
1939
1939
1927
1927
1915
1915
1914
1914
1923
1923
1912
1912
1897
1897
1914
1914
1916
1916
1904
1904
1920
1920
1904
1904
1893
1893
1888
1888
1924
1924
1903
1903
1928
1928
1926
1926
1900
1900
1900
1900
1912
1912
1899
1899
1918
1918
1904
1904
1909
1909
1913
1913
1920
1920
1897
1897
1923
1923
1926
1926
1899
1899
1929
1929
1926
1926
1910
1910
1910
1910
1935
1935
1912
1912
1920
1920
1895
1895
1928
1928
1900
1900
1914
1914
1913
1913
1917
1917
1911
1911
1907
1907
1907
1907
1902
1902
1902
1902
1899
1899
1925
1925
1895
1895
1909
1909
1906
1906
