1919
1877
1927
1925
1898
1919
1924
1919
1926
1928
1904
1904
1929
1920
1929
1895
1917
1922
1924
1907
1931
1883
1937
1924
1928
1893
1908
1910
1912
1877
1924
1906
1876
1930
1937
1902
1912
1892
1923
1925
1913
1934
1886
1928
1918
1940
1911
1923
1925
1891
1890
1898
1927
1898
1923
1916
1890
1910
1881
1934
1928
1898
1911
1940
1927
1891
1926
1896
1930
1930
1896
1929
1923
1888
1926
1911
1893
1919
1885
1909
1915
1912
1924
1912
1884
1886
1888
1916
1876
1898
1923
1918
1916
1915
1899
1932
1936
1907
1928
1899
1925
1918
1919
1919
1874
1937
1930
1923
1937
1930
1901
1929
1928
1901
1897
1924
1927
1941
1922
1933
1925
1935
1907
1938
1921
1933
1920
1890
1890
1922
1928
1925
1928
1881
1925
1901
1887
1892
1924
1926
1928
1923
1919
1909
1916
1921
1891
1881
1927
1928
1930
1889
1887
1885
1894
1922
1920
1924
1901
1901
1890
1925
1890
1920
1920
1926
1926
1890
1918
1918
1922
1922
1925
1925
1881
1912
1922
1940
1913
1915
1915
1896
1932
1923
1926
1921
1897
1930
1914
1922
1883
1918
1914
1887
1919
1914
1922
1882
1924
1930
1920
1927
1930
1894
1907
1939
1923
1921
1931
1908
1892
1913
1927
1916
1928
1921
1897
1923
1923
1938
1902
1910
1936
1938
1934
1877
1940
1904
1906
1940
1935
1908
1883
1912
1909
1885
1927
1906
1924
1879
1908
1902
1908
1935
1911
1924
1924
1920
1920
1925
1890
1922
1884
1920
1900
1898
1877
1924
1935
1927
1932
1892
1817
1905
1924
1927
1927
1923
1876
1910
1926
1876
1878
1918
1905
1912
1899
1921
1925
1924
1900
1907
1911
1908
1909
1939
1916
1924
1883
1905
1933
1908
1925
1920
1890
1917
1929
1899
1909
1931
1920
1902
1908
1929
1906
1870
