1910
1918
1886
1879
1900
1885
1916
1881
1920
1926
1896
1912
1882
1922
1886
1886
1902
1904
1920
1883
1910
1922
1926
1903
1912
1898
1926
1891
1881
1890
1919
1914
1905
1924
1888
1896
1892
1917
1921
1887
1910
1881
1909
1923
1887
1895
1892
1923
1920
1882
1887
1927
1891
1905
1920
1897
1891
1890
1885
1901
1921
1899
1919
1923
1885
1896
1925
1922
1915
1921
1917
1927
1923
1890
1905
1884
1925
1911
1922
1915
1878
1904
1897
1922
1889
1916
1920
1916
1910
1914
1905
1908
1927
1882
1892
1920
1924
1923
1887
1889
1906
1904
1908
1923
1922
1916
1889
1910
1916
1895
1891
1914
1886
1906
1927
1897
1891
1925
1922
1919
1909
1924
1916
1913
1905
1911
1892
1920
1923
1911
1878
1918
1913
1891
1915
1920
1916
1909
1880
1886
1898
1912
1920
1905
1886
1911
1904
1910
1916
1889
1891
1906
1911
1902
1884
1891
1886
1919
1914
1919
1892
1924
1891
1896
1903
1902
1922
1916
1888
1916
1887
1893
1887
1880
1917
1890
1885
1922
1911
1925
1921
1880
1910
1912
1926
1894
1918
1923
1921
1896
1892
1882
1911
1908
1914
1892
1913
1888
1915
1889
1925
1917
1916
1884
1920
1907
1911
1882
1904
1920
1923
1906
1910
1922
1907
1920
1926
1885
1908
1903
1908
