1893
1886
1914
1904
1926
1916
1910
1882
1887
1898
1934
1935
1920
1892
1923
1917
1927
1931
1898
1937
1930
1922
1935
1899
1902
1921
1902
1923
1889
1904
1939
1915
1923
1920
1933
1927
1891
1891
1907
1900
1892
1939
1910
1929
1903
1924
1924
1922
1938
1914
1915
1940
1888
1913
1934
1890
1923
1873
1904
1861
1885
1919
1880
1918
1870
1903
1901
1935
1925
1920
1928
1893
1894
1921
1923
1912
1909
1909
1881
1886
1890
1929
1925
1931
1912
1895
1929
1894
1926
1917
1930
1896
1925
1903
1927
1910
1940
1898
1923
1896
1927
1921
1896
1929
1925
1931
1903
1928
1934
1902
1916
1912
1905
1905
1908
1931
1905
1922
1919
1917
1933
1909
1939
1920
1896
1907
1911
1918
1919
1897
1896
1920
1917
1924
1939
1934
1928
1940
1914
1886
1882
1913
1911
1930
1902
1904
1928
1890
1907
1898
1903
1903
1892
1937
1928
1910
1910
1909
1877
1905
1937
1910
1911
1910
1909
1938
1902
1919
1940
1904
1891
1881
1915
1912
1881
1920
1936
1936
1915
1915
1891
1891
1910
1905
1915
1915
1910
1889
1912
1916
1899
1936
1914
1922
1924
1890
1891
1896
1922
1921
1913
1878
1918
