1889
1886
1920
1919
1930
1888
1923
1888
1916
1886
1918
1890
1915
1915
1920
1923
1929
1940
1896
1901
1937
1908
1885
1886
1885
1914
1910
1908
1910
1937
1918
1928
1931
1893
1911
1910
1939
1937
1870
1897
1897
1932
1926
1904
1933
1903
1904
1896
1923
1899
1922
1933
1927
1902
1886
1905
1907
1872
1867
1908
1914
1907
1939
1879
1904
1889
1915
1918
1929
1923
1924
1927
1890
1938
1910
1872
1895
1926
1889
1892
1898
1927
1929
1898
1935
1902
1894
1888
1926
1925
1929
1913
1924
1896
1931
1891
1907
1896
1925
1936
1894
1928
1906
1931
1905
1929
1936
1910
1913
1927
1885
1885
1888
1904
1908
1884
1885
1903
1912
1939
1933
1905
1911
1921
1877
1927
1914
1925
1886
1901
1927
1929
1932
1904
1938
1871
1873
1904
1900
1931
1939
1897
1900
1927
1910
1935
1907
1906
1864
1907
1901
1937
1936
1898
1927
1905
1938
1913
1913
1909
1907
1921
1897
1925
1934
1932
1908
1875
1897
1859
1875
1911
1939
1906
1922
1914
1923
1890
1925
1923
1879
1880
1890
1890
1919
1879
1914
1883
1888
1889
1896
1935
1900
1906
1917
1919
