1896
1896
1892
1892
1922
1922
1926
1926
1919
1919
1924
1924
1901
1901
1932
1932
1913
1913
1897
1897
1909
1909
1903
1903
1923
1923
1917
1917
1925
1925
1916
1916
1888
1888
1884
1884
1888
1888
1857
1857
1912
1912
1867
1867
1908
1908
1926
1926
1912
1912
1914
1914
1898
1898
1923
1923
1925
1925
1901
1901
1928
1928
1921
1921
1890
1890
1865
1865
1903
1903
1870
1870
1875
1875
1935
1935
1908
1908
1940
1940
1925
1925
1922
1922
1895
1895
1892
1892
1914
1914
1869
1869
1904
1904
1925
1925
1928
1928
1925
1925
1894
1894
1906
1906
1930
1930
1876
1876
1900
1900
1934
1934
1907
1907
1937
1937
1903
1903
1908
1908
1937
1937
1886
1886
1926
1926
1919
1919
1915
1915
1886
1886
1881
1881
1916
1916
1911
1911
1913
1913
1915
1915
1886
1886
1884
1884
1902
1902
