1911
1900
1925
1910
1917
1920
1879
1940
1908
1907
1933
1935
1928
1897
1894
1911
1926
1914
1942
1912
1914
1914
1916
1940
1925
1898
1923
1900
1922
1907
1902
1880
1926
1903
1928
1934
1914
1921
1875
1909
1914
1879
1909
1932
1924
1896
1929
1894
1905
1899
1908
1886
1914
1923
1897
1924
1926
1922
1938
1912
1913
1901
1904
1935
1928
1927
1894
1924
1882
1924
1923
1925
1920
1895
1893
1904
1919
1888
1928
1895
1894
1922
1903
1913
1905
1934
1898
1894
1894
1929
1925
1917
1907
1919
1923
1917
1922
1927
1919
1929
1886
1920
1883
1912
1875
1868
1913
1912
1929
1897
1937
1895
1923
1900
1927
1929
1931
1925
1899
1906
1936
1935
1880
1926
1904
1913
1909
1915
1918
1912
1878
1863
1937
1907
1912
1893
1916
1930
1926
1905
1928
1901
1924
1899
1898
1917
1887
1905
1912
1918
1909
1908
1910
1913
1939
1909
1939
1937
1938
1912
1908
1891
1883
1924
1894
1880
1925
1909
1910
1885
1907
1923
1920
1913
1920
1918
1880
1916
1915
1927
1927
1928
1918
1915
1900
1933
1902
1932
1905
1907
1904
1926
1875
1883
1928
1883
