1880
1880
1882
1882
1879
1879
1914
1914
1909
1909
1880
1880
1871
1871
1898
1898
1921
1921
1919
1919
1888
1888
1925
1925
1889
1889
1889
1889
1889
1889
1876
1876
1875
1875
1919
1919
1919
1919
1894
1894
1895
1895
1937
1937
1905
1905
1899
1899
1926
1926
1924
1924
1905
1905
1890
1890
1903
1903
1939
1939
1904
1904
1907
1907
1878
1878
1878
1878
1886
1886
1893
1893
1915
1915
1879
1879
1898
1898
1932
1932
1931
1931
1907
1907
1920
1920
1890
1890
1890
1890
1922
1922
1905
1905
1889
1889
1928
1928
1924
1924
1875
1875
1913
1913
1875
1875
1913
1913
1926
1926
1917
1917
1890
1890
1934
1934
1910
1910
1882
1882
1860
1860
1933
1933
1899
1899
1927
1927
1926
1926
1932
1932
1929
1929
1928
1928
1887
1887
1923
1923
1884
1884
1924
1924
1923
1923
1896
1896
1893
1893
1926
1926
1932
1932
1893
1893
1935
1935
1902
1902
1902
1902
1896
1896
1902
1902
1923
1923
1880
1880
1897
1897
1910
1910
1926
1926
1922
1922
1912
1912
1873
1873
1870
1870
1913
1913
1879
1879
1881
1881
1913
1913
1862
1862
1916
1916
1875
1875
1912
1912
1881
1881
1887
1887
1914
1914
1906
1906
1906
1906
1925
1925
1919
1919
1927
1927
1924
1924
1895
1895
1922
1922
1921
1921
1880
1880
1924
1924
1917
1917
1883
1883
1930
1930
1903
1903
1935
1935
1933
1933
1908
1908
1910
1910
1908
1908
1935
1935
1903
1903
1899
1899
1867
1867
1906
1906
1897
1897
1916
1916
1913
1913
1869
1869
1877
1877
1915
1915
1880
1880
1875
1875
1921
1921
1921
1921
1915
1915
1887
1887
1913
1913
1892
1892
1926
1926
1917
1917
1924
1924
1889
1889
1889
1889
1912
1912
1916
1916
1918
1918
1895
1895
1918
1918
1928
1928
1923
1923
1922
1922
1890
1890
1931
1931
1932
1932
1939
1939
1901
1901
1934
1934
1899
1899
1939
1939
1914
1914
1924
1924
1922
1922
1879
1879
1924
1924
1887
1887
1914
1914
1899
1899
1937
1937
1929
1929
1904
1904
1906
1906
1909
1909
1932
1932
1939
1939
1926
1926
1902
1902
1918
1918
1887
1887
1926
1926
1915
1915
1923
1923
1885
1885
1929
1929
1915
1915
1879
1879
1911
1911
1879
1879
1911
1911
1909
1909
1939
1939
1912
1912
1938
1938
1908
1908
1907
1907
1874
1874
1923
1923
1926
1926
1892
1892
1892
1892
1939
1939
1935
1935
1908
1908
1933
1933
1904
1904
1924
1924
1890
1890
1920
1920
1922
1922
1887
1887
1919
1919
1926
1926
1936
1936
1915
1915
1910
1910
1938
1938
1912
1912
1932
1932
1934
1934
1886
1886
1936
1936
1886
1886
1870
1870
1900
1900
1906
1906
1903
1903
1899
1899
1928
1928
1935
1935
1911
1911
1912
1912
1902
1902
1905
1905
1908
1908
1914
1914
1934
1934
1894
1894
1910
1910
1914
1914
1938
1938
1908
1908
1933
1933
1909
1909
1911
1911
1906
1906
1916
1916
1885
1885
1885
1885
1918
1918
1920
1920
1914
1914
1926
1926
1870
1870
1888
1888
1903
1903
1936
1936
1907
1907
1935
1935
1895
1895
1926
1926
1927
1927
1923
1923
1930
1930
1915
1915
1870
1870
1900
1900
1905
1905
1912
1912
1895
1895
1894
1894
1910
1910
1913
1913
1897
1897
1899
1899
1904
1904
1934
1934
1938
1938
1900
1900
1933
1933
1922
1922
1939
1939
1899
1899
1914
1914
1889
1889
1933
1933
1924
1924
1928
1928
1868
1868
1902
1902
1925
1925
1895
1895
1875
1875
1927
1927
1937
1937
1908
1908
1912
1912
1916
1916
1891
1891
1892
1892
1938
1938
1910
1910
1860
1860
1899
1899
1864
1864
1904
1904
1937
1937
1908
1908
1885
1885
1865
1865
1864
1864
1931
1931
1894
1894
1908
1908
1868
1868
1876
1876
1892
1892
1925
1925
1880
1880
1899
1899
1872
1872
1870
1870
1937
1937
1910
1910
1938
1938
1936
1936
1934
1934
1906
1906
1907
1907
1913
1913
1899
1899
1898
1898
1937
1937
1899
1899
1928
1928
1872
1872
1932
1932
1934
1934
1916
1916
1907
1907
1905
1905
1875
1875
1875
1875
1903
1903
1895
1895
1928
1928
1896
1896
1885
1885
1894
1894
1929
1929
1926
1926
1888
1888
1882
1882
1908
1908
1905
1905
1872
1872
1897
1897
1913
1913
