1882
1877
1879
1912
1910
1910
1890
1882
1917
1940
1912
1906
1915
1913
1935
1938
1909
1937
1909
1903
1930
1919
1925
1927
1912
1902
1899
1908
1909
1910
1906
1923
1917
1929
1904
1927
1923
1920
1929
1925
1894
1891
1887
1879
1914
1910
1905
1904
1914
1907
1878
1934
1909
1910
1939
1924
1926
1923
1917
1898
1914
1919
1925
1932
1911
1908
1886
1921
1920
1917
1926
1925
1921
1883
1925
1923
1916
1894
1890
1933
1905
1897
1915
1870
1924
1920
1915
1920
1890
1937
1914
1910
1907
1909
1913
1913
1900
1937
1898
1928
1926
1895
1911
1912
1921
1890
1913
1911
1904
1913
1903
1909
1937
1907
1933
1928
1902
1937
1904
1907
1912
1923
1906
1898
1908
1906
1888
1884
1934
1909
1937
1885
1879
1910
1898
1925
1880
1922
1884
1912
1892
1913
1907
1908
1917
1905
1938
1910
1911
1902
1910
1909
1882
1912
1943
1923
1925
1880
1909
1926
1928
1921
1921
1888
1887
1924
1928
1921
1931
1934
1938
1894
1883
1912
1914
1919
1924
1884
1925
1929
1899
1923
1895
1901
1899
1932
1896
1892
1919
1918
1895
1890
1940
1907
1914
1938
1912
1910
1892
1885
1904
1873
1917
1890
1914
1917
1888
1924
1915
1900
1915
1919
1914
1922
1893
1929
1897
1924
1915
1890
1895
1914
1887
1927
1902
1899
1932
1896
1918
1914
1911
1938
1889
1925
1880
1911
1922
1912
1914
1894
1921
1924
1912
1884
1908
1904
1919
1897
1939
1926
1906
1930
1934
1910
1883
1914
1911
1913
1923
1916
1910
1933
1942
1909
1907
1927
1911
1915
1923
1907
1932
1938
1907
1904
1929
1930
1927
1913
1902
1902
1922
1919
1909
1892
1887
1918
1929
1883
1917
1912
1924
1893
1912
1914
1923
1939
1914
1889
1926
1907
1904
1908
1907
1906
1904
1902
1917
1889
1929
1926
1913
1886
1925
1924
1895
1922
1935
1897
1912
1904
1912
1870
1936
1872
1907
1927
1905
1929
1929
1927
1885
1907
1907
1928
1930
1905
1906
1935
1900
1916
1912
1930
1932
1905
1925
1906
1931
1894
1931
1891
1933
1904
1931
1905
1917
1880
1886
1914
1939
1919
1894
1925
1916
1892
1933
1930
1923
1913
1926
1895
1900
1922
1875
1929
1924
1902
1916
1943
1929
1900
1861
1896
1931
1911
1928
1894
1892
1924
1926
1914
1908
1900
1895
1922
1910
1929
1939
1936
1910
1880
1917
1917
1923
1888
1885
1925
1928
1917
1908
1908
1908
1940
1907
1906
1914
1927
1884
1937
1938
1905
1909
1927
1929
1897
1908
1893
1930
1927
1912
1921
1909
1917
1919
1884
1923
1916
1880
1926
1908
1908
1918
1916
1902
1920
1889
1927
1925
1932
1902
1925
1925
1900
1913
1892
1888
1891
1921
1880
1930
1919
1922
1886
1927
1891
1912
1890
1918
1894
1889
1929
1898
1905
1931
1926
1899
1898
1927
1907
1939
1935
1886
1934
1929
1928
1901
1903
1939
1937
1930
1907
1902
1912
1913
1895
1908
1923
1926
1904
1909
1913
1882
1889
1922
1939
1913
1919
1919
1914
1890
1928
1900
1872
1914
1889
1921
1889
1932
1924
1927
1929
1928
1894
1928
1923
1906
1906
1943
1927
1924
1888
1894
1920
1909
1872
1914
1878
1942
1911
1930
1939
1897
1919
1916
1923
1915
1917
1911
1928
1919
1886
1906
1886
1912
1880
1913
1942
1939
1904
1896
1925
1919
1904
1905
1941
1915
1916
1914
1936
1905
1880
1876
1913
1902
1906
1933
1921
1919
1923
1908
1897
1865
1894
1912
1929
1933
1913
1925
1875
1885
1889
1875
1916
1907
1892
1920
1919
1916
1924
1901
1933
1911
1935
1931
1903
1903
1899
1907
1907
1912
1878
1910
1910
1870
1916
1898
1870
1875
1894
1889
1920
1918
1921
1911
