1905
1905
1930
1930
1924
1924
1881
1881
1920
1920
1909
1909
1907
1907
1937
1937
1902
1902
1923
1923
1925
1925
1921
1921
1924
1924
1914
1914
1907
1907
1916
1916
1924
1924
1883
1883
1909
1909
1882
1882
1923
1923
1914
1914
1923
1923
1920
1920
1925
1925
1924
1924
1893
1893
1939
1939
1914
1914
1890
1890
1902
1902
1937
1937
1908
1908
1912
1912
1940
1940
1907
1907
1908
1908
1923
1923
1912
1912
1923
1923
1908
1908
1909
1909
1933
1933
1918
1918
1909
1909
1909
1909
1926
1926
1888
1888
1928
1928
1904
1904
1914
1914
1929
1929
1927
1927
1888
1888
1934
1934
1931
1931
1926
1926
1906
1906
1930
1930
1932
1932
1938
1938
1903
1903
1930
1930
1925
1925
1927
1927
1921
1921
1918
1918
1918
1918
1925
1925
1898
1898
1908
1908
1905
1905
1905
1905
1903
1903
1932
1932
1929
1929
