1900
1900
1919
1900
1901
1901
1937
1937
1892
1886
1926
1895
1895
1900
1929
1900
1929
1907
1907
1874
1874
1883
1888
1908
1910
1910
1872
1878
1912
1900
1933
1900
1874
1900
1900
1900
1915
1912
1878
1878
1900
1900
1900
1900
1920
1924
1920
1931
1931
1914
1914
1916
1916
1903
1930
1905
1932
1929
1929
1903
1930
1905
1932
1929
1929
1885
1927
1888
1890
1931
1931
1928
1927
1906
1900
1900
1900
1940
1922
1926
1912
1912
1922
1922
1926
1894
1894
1885
1900
1937
1892
1937
1907
1895
1895
1928
1928
1927
1921
1891
1891
1897
1897
1933
1933
1895
1929
1890
1876
1876
1883
1878
1878
1891
1901
1901
1936
1936
1934
1934
1900
1891
1932
1935
1929
1904
1900
1925
1929
1900
1913
1913
1939
1939
1938
1938
1913
1913
1900
1902
1900
1900
1925
1900
1925
1925
1921
1925
1907
1894
1887
1894
1887
1905
1905
1905
1924
1924
1900
1881
1900
1898
1918
1909
1928
1900
1900
1926
1926
1924
1924
1927
1935
1935
1898
1898
1899
1899
1933
1933
1900
1900
1918
1907
1904
1936
1928
1922
1938
1936
1900
1900
1900
1900
1874
1882
1882
1874
1900
1923
1925
1903
1915
1936
1936
1926
1926
1898
1898
1924
1924
1923
1923
1900
1879
1879
1888
1922
1900
1913
1909
1922
1923
1886
1922
1925
1912
1888
1896
1917
1917
1873
1873
1935
1935
1904
1904
1888
1927
1927
1918
1875
1875
1913
1865
