1924
1922
1888
1888
1916
1895
1864
1914
1917
1914
1916
1937
1913
1915
1921
1908
1936
1908
1912
1928
1926
1899
1929
1910
1905
1912
1903
1930
1914
1885
1918
1895
1883
1917
1916
1916
1897
1880
1909
1870
1907
1909
1884
1898
1890
1893
1938
1909
1912
1913
1937
1903
1930
1938
1903
1903
1927
1931
1900
1931
1900
1907
1879
1883
1909
1881
1904
1887
1922
1894
1920
1894
1927
1909
1915
1877
1907
1933
1907
1930
1912
1916
1920
1891
1915
1923
1929
1922
1889
1903
1904
1880
1882
1927
1922
1891
1895
1919
1916
1907
1880
