1879
1882
1886
1875
1888
1880
1873
1877
1875
1880
1884
1875
1881
1891
1893
1904
1930
1902
1879
1933
1905
1898
1898
1900
1893
1886
1886
1884
1887
1878
1901
1880
1892
1883
1888
1890
1879
1885
1876
1876
1925
1880
1877
1893
1888
1885
1889
1877
1879
1897
1924
1892
1885
1885
1895
1887
1876
1891
1893
1897
1898
1899
1900
1882
1899
1883
1892
1894
1894
1893
1897
1879
1876
1928
1898
1923
1896
1875
1884
1877
1907
1880
1882
1886
1914
1891
1874
1864
1886
1885
1880
1916
1888
1914
1891
1886
1880
1895
1874
1877
1882
1900
1880
1875
1876
1876
