1931
1936
1905
1928
1933
1905
1913
1912
1882
1880
1920
1890
1938
1897
1902
1864
1927
1898
1928
1897
1913
1939
1909
1883
1922
1889
1917
1939
1884
1918
1919
1893
1928
1891
1937
1922
1922
1917
1925
1904
1927
1902
1902
1902
1925
1914
1909
1933
1908
1877
1901
1911
1903
1928
1917
1906
1932
1888
1923
1913
1888
1898
1911
1908
1902
1911
1935
1913
1882
1917
1890
1918
1890
1917
1933
1900
1905
1898
1937
1910
1932
1928
1905
1909
1914
1898
1893
1889
1931
1900
1888
1903
1936
1927
1929
1924
1861
1911
1937
1907
1878
1931
1914
1906
1940
1913
1937
1897
1926
1922
1924
1908
1937
1905
1932
1935
1934
1904
1902
1926
1895
1916
1891
1919
1923
1923
1891
1890
1930
1923
1891
1920
1892
1929
1898
1923
1933
1900
1939
1913
1914
1918
1912
1883
1916
1915
1888
1886
1918
1921
1916
1885
1874
