1900
1900
1897
1897
1924
1924
1891
1891
1909
1909
1939
1939
1910
1910
1890
1884
1900
1890
1884
1900
1880
1880
1882
1882
1879
1879
1889
1889
1910
1910
1908
1908
1921
1921
1876
1876
1881
1881
1918
1918
1900
1900
1928
1928
1889
1889
1924
1924
1907
1907
1906
1906
1938
1938
1894
1894
1924
1924
1900
1900
1929
1929
1884
1884
1893
1893
1904
1904
1926
1926
1929
1929
1903
1903
1885
1885
1888
1888
1878
1878
1878
1878
1889
1889
1886
1886
1901
1901
1899
1899
1922
1922
1903
1903
1908
1908
1884
1884
1877
1877
