1888
1889
1902
1888
1906
1921
1889
1880
1924
1896
1903
1875
1889
1938
1901
1881
1912
1899
1929
1879
1888
1880
1873
1896
1886
1905
1901
1899
1894
1915
1908
1882
1887
1923
1882
1923
1890
1884
1885
1884
1902
1897
1904
1905
1907
1904
1906
1886
1874
1875
1880
1907
1926
1903
1924
1898
1902
1901
1938
1876
1891
1888
1888
1886
1882
1920
1920
1906
1889
1900
1932
1912
1914
1909
1904
1906
1937
1902
1897
1891
1927
1912
1901
1934
1896
1926
1932
1903
1904
1892
1937
1911
1903
1908
1887
1877
1888
1891
1892
1937
1880
1912
1906
1879
1909
1879
1894
1900
1930
1924
1923
1895
1928
1907
1883
1892
1882
1887
1885
1889
1900
1888
1897
1877
1884
1885
1884
1907
1885
1916
1936
1916
1913
1938
1897
1882
1881
1925
1899
1906
1919
1898
1877
1885
1878
1877
1874
1889
1898
1902
1901
1902
1890
1899
1875
1894
1901
1913
1909
1906
1877
1880
1903
1893
1922
1884
1898
1900
1898
1932
1875
1904
1927
1880
1882
1924
1899
1922
1896
1911
1903
1877
1897
1888
1874
1893
1921
1923
1919
1915
1914
1918
1927
1901
1893
1928
1884
1883
1912
1909
1910
1907
1886
1909
1895
1893
1924
1877
1903
1917
1921
1901
1901
1885
1923
1884
1926
1885
1887
1890
1881
1902
1912
1912
1881
1914
1892
1896
1893
1900
1883
1879
1937
1879
1909
