1908
1917
1896
1908
1903
1908
1914
1936
1885
1925
1914
1939
1911
1882
1919
1931
1920
1876
1880
1910
1901
1891
1924
1938
1937
1939
1886
1893
1920
1906
1932
1925
1926
1892
1891
1924
1896
1896
1932
1936
1932
1936
1930
1908
1937
1906
1898
1926
1899
1913
1910
1942
1943
1910
1898
1887
1882
1923
1900
1906
1936
1888
1894
1940
1905
1937
1921
1907
1922
1890
1895
1915
1918
1924
1894
1891
1903
1904
1924
1906
1900
1927
1895
1881
1909
1912
1914
1886
1902
1891
1926
1917
1938
1829
1874
1928
1906
1935
1937
1933
1896
1929
1871
1925
1875
1885
1891
1909
1911
1898
1907
1932
1928
1900
1880
1913
1925
1917
1917
1923
1908
1902
1939
1914
1898
1879
1908
1911
1910
1911
1877
1887
1919
1899
1925
1889
1912
1911
1907
1934
1939
1905
1915
1942
1942
1915
1927
1924
1902
1896
1897
1864
1926
1927
1907
1909
1938
1899
1913
1932
1890
1893
1906
1901
1930
1920
1927
1902
1910
1924
1887
1932
1897
1922
1890
1911
1911
1941
1897
1926
1939
1919
1916
1930
1893
1886
1936
1925
1876
1932
1898
1908
1936
1902
1910
1883
1879
1939
1914
1904
1923
1923
1922
1920
1922
1939
1908
1937
1909
1909
1929
1931
1913
1937
1934
1937
1899
1886
1939
1885
1919
1917
1903
1927
1915
1894
1928
1937
1936
1903
1926
1902
1931
1922
1929
1920
1924
1863
1905
1921
1920
1907
1932
1938
1930
1927
1901
1902
1929
1934
1930
1899
1926
1938
1929
1938
1938
1904
1913
1913
1911
1884
1905
1902
1897
1938
1937
1937
1939
1939
1938
1871
1869
1939
1911
1910
1911
1906
1887
1860
1912
1939
1928
1939
1929
1897
1899
1928
1935
1902
1908
1937
1869
1875
1869
1938
1912
1937
1921
1884
1915
1913
1882
1938
1885
1938
1937
1913
1927
1940
1923
1888
1938
1923
1919
1908
1903
1920
1936
1900
1932
1939
1910
1931
1900
1903
1938
1900
1925
1895
1884
1920
1901
1908
1940
1890
1929
1926
1925
1891
1917
1916
1909
1910
1922
1924
1883
1899
1939
1937
1910
1908
1913
1916
1904
1879
1937
1883
1925
1903
1904
1931
1936
1911
1926
1925
1907
1913
1938
1867
1867
1939
1868
1902
1907
1867
1933
1908
1920
1913
1915
1909
1930
1900
1935
1926
1928
1912
1930
1896
1921
1905
1898
1931
1930
1891
1924
1888
1912
1939
1914
1872
1923
1919
1892
1905
1902
1910
1905
1873
1907
1874
1927
1922
1894
1930
1891
1882
1906
1904
1874
1937
1913
1914
1911
1901
1867
1920
1919
1892
1901
1879
1904
1916
1937
1912
