1918
1918
1889
1889
1884
1884
1909
1909
1914
1914
1924
1924
1900
1900
1921
1921
1879
1879
1887
1887
1905
1905
1900
1900
1933
1933
1928
1928
1909
1909
1900
1900
1909
1909
1910
1910
1935
1935
1907
1907
1932
1932
1938
1938
1901
1901
1927
1927
1904
1904
1900
1900
1900
1900
1921
1921
1900
1900
1884
1884
1913
1913
1883
1883
1933
1933
1924
1924
1926
1926
1898
1898
1896
1896
1900
1900
1924
1924
1935
1935
1900
1900
1911
1911
1902
1902
1915
1915
1930
1930
1878
1878
1907
1907
1911
1911
1934
1934
1939
1939
1905
1905
1931
1931
1923
1923
1909
1909
1900
1900
1919
1919
1935
1935
1940
1940
1900
1900
1880
1880
1910
1910
1889
1889
1935
1935
1912
1912
1910
1910
1906
1906
1913
1913
1900
1900
1883
1883
1900
1900
1921
1921
1916
1916
1874
1874
1900
1900
1889
1889
1900
1900
1899
1899
1900
1900
1900
1900
1910
1910
1936
1936
1934
1934
1900
1900
1900
1900
1933
1933
1930
1930
1908
1908
1908
1908
1915
1915
1903
1903
1930
1930
1927
1927
1896
1896
1912
1912
1900
1900
1936
1936
1900
1900
1891
1891
1900
1900
1900
1900
1888
1888
1919
1919
1907
1907
1938
1938
1910
1910
1925
1925
1897
1897
1900
1900
1900
1900
1913
1913
1900
1900
1900
1900
1887
1887
1900
1900
1935
1935
1905
1905
1900
1900
1915
1915
1928
1928
1903
1903
1881
1881
1909
1909
1933
1933
1900
1900
1911
1911
1881
1881
1939
1939
1900
1900
1900
1900
1912
1912
1935
1935
1938
1938
1887
1887
1910
1910
1917
1917
1900
1900
1900
1900
1900
1900
1900
1900
1900
1900
1885
1885
1900
1900
1905
1905
1919
1919
1925
1925
1923
1923
1893
1893
1909
1909
1871
1871
1900
1900
1900
1900
1907
1907
1907
1907
1900
1900
1900
1900
1897
1897
1924
1924
1895
1895
1909
1909
1891
1891
1909
1909
1900
1900
1900
1900
1927
1927
1898
1898
1900
1900
1922
1922
1900
1900
1900
1900
1923
1923
1895
1895
1900
1900
1900
1900
1900
1900
1879
1879
1919
1919
1876
1876
1900
1900
1915
1915
1884
1884
1913
1913
1900
1900
1902
1902
1900
1900
1940
1940
1939
1939
1929
1929
1921
1921
1896
1896
1900
1900
1923
1923
1925
1925
1896
1896
1915
1915
1885
1885
1887
1887
1936
1936
1940
1940
1902
1902
1915
1915
1931
1931
1934
1934
1931
1931
1889
1889
1900
1900
1944
1944
1900
1900
1937
1937
1935
1935
1940
1940
1900
1900
1900
1900
1900
1900
1900
1900
1900
1900
1900
1900
1900
1900
1929
1929
1898
1898
1935
1935
1900
1900
1900
1900
1900
1900
1912
1912
1870
1870
1868
1868
1879
1879
1938
1938
1932
1932
1909
1909
1909
1909
1934
1934
1915
1915
1900
1900
1920
1920
1929
1929
1886
1886
1892
1892
1926
1926
1926
1926
1911
1911
1937
1937
1910
1910
1903
1903
1908
1908
1913
1913
1901
1901
1874
1874
1939
1939
1900
1900
1896
1896
1896
1896
1929
1929
1921
1921
1898
1898
1900
1900
1900
1900
1923
1923
1876
1876
1900
1900
1884
1884
1904
1904
1931
1931
1912
1912
1909
1909
1873
1873
1900
1900
1909
1909
