1911
1886
1926
1924
1930
1936
1927
1871
1920
1918
1888
1888
1923
1870
1870
1872
1872
1908
1908
1914
1924
1881
1878
1905
1920
1920
1881
1881
1883
1883
1906
1906
1912
1868
1907
1939
1910
1908
1933
1866
1865
1877
1914
1877
1912
1916
1939
1912
1912
1912
1907
1907
1938
1938
1914
1914
1920
1920
1886
1886
1894
1926
1936
1881
1881
1925
1925
1923
1923
1920
1920
1892
1892
1870
1870
1889
1889
1891
1891
1912
1912
1923
1923
1913
1913
1902
1902
1886
1886
1902
1897
1897
1934
1934
1939
1939
1929
1929
1933
1933
1927
1927
1931
1931
1900
1900
1926
1926
1903
1903
1902
1914
1917
1920
1913
1885
1883
1912
1865
1920
1920
1886
1886
1921
1921
1887
1887
1866
1904
1936
1938
1910
1921
1926
1921
1926
1917
1917
1925
1928
1898
1898
1924
1924
1898
1904
1898
1904
1865
1865
1867
1867
1903
1903
1911
1911
1934
1932
1931
1903
1903
1929
1921
1925
1924
1898
1930
1930
1920
1920
1925
1927
1927
1932
1932
1892
1893
1891
1892
1891
1910
1910
1878
1874
1935
1920
1920
1918
1906
1916
1890
1910
1910
1898
1898
1883
1883
1919
1919
1930
1930
1896
1896
1922
1922
1924
1924
1932
1932
1924
1924
1927
1927
1931
1931
1927
1927
1898
1933
1935
1906
1906
1928
1928
1930
1928
1900
1900
1902
1902
1912
1939
1916
1918
1886
1924
1898
1929
1871
1869
1919
1919
1893
1893
1922
1922
1893
1893
1919
1921
1873
1873
1916
1926
1899
1937
1935
1902
1902
1904
1939
1934
1905
1902
1902
1906
1934
1905
1906
1868
1868
1926
1894
1894
1879
1879
1880
1880
1922
1895
1904
1904
1938
1938
1924
1924
1899
1899
1931
1924
1927
1893
1898
1898
1933
1931
1931
1929
1933
1929
1901
1931
1903
1938
1932
1933
1922
1922
1936
1935
1930
1931
1924
1923
1899
1899
1865
1865
1936
1932
1931
1903
1903
1929
1910
1914
1914
1882
1882
1935
1910
1910
1937
1909
1935
1935
1936
1906
1906
1924
1893
1928
1894
1902
1927
1898
1898
1925
1930
1897
1927
1897
1925
1930
1902
1902
1931
1931
1929
1929
1922
1926
1883
1919
1912
1922
1922
1918
1918
1927
1927
1896
1896
1914
1937
1910
1910
1902
1902
1935
1935
1907
1907
1920
1920
1923
1923
1870
1870
1878
1878
1923
1915
1888
1885
1931
1912
1926
1903
1903
1903
1935
1903
1929
1882
1882
1882
1882
1925
1925
1926
1905
1936
1907
1914
1914
1898
1868
1887
1887
1934
1904
1937
1937
1934
1889
1885
1919
1922
