1921
1899
1895
1927
1898
1905
1913
1884
1877
1912
1924
1914
1887
1922
1885
1909
1894
1873
1920
1888
1905
1905
1926
1921
1881
1893
1891
1891
1894
1881
1922
1890
1894
1924
1886
1926
1879
1912
1923
1928
1899
1896
1875
1876
1902
1905
1902
1890
1908
1910
1894
1882
1922
1885
1902
1909
1875
1888
1918
1918
1883
1898
1904
1901
1890
1917
1907
1874
1890
1881
1873
1882
1922
1910
1921
1881
1897
1920
1879
1924
1877
1921
1897
1886
1891
1900
1905
1912
1911
1935
1921
1929
1907
1893
1897
1921
1891
1907
1910
1899
1890
1915
1882
1873
1876
1894
