1884
1884
1900
1900
1876
1876
1870
1870
1884
1884
1892
1892
1874
1874
1903
1903
1938
1938
1893
1893
1907
1907
1873
1873
1923
1923
1875
1875
1925
1925
1896
1896
1864
1864
1899
1899
1927
1927
1858
1920
1920
1858
1886
1886
1913
1913
1886
1886
1914
1914
1925
1925
1908
1908
1909
1909
1889
1889
1887
1887
1908
1908
1929
1929
1912
1912
1907
1907
1876
1876
1901
1901
1906
1906
1909
1909
1927
1927
1876
1876
1867
1867
1870
1870
1908
1908
1903
1903
1939
1939
1911
1911
1909
1909
1887
1887
1916
1916
1908
1908
1878
1878
1913
1913
1907
1907
1868
1868
1891
1891
1917
1917
1913
1913
1923
1923
1873
1873
1929
1929
1938
1938
1906
1906
1899
1899
1940
1940
1913
1913
1912
1912
1897
1897
1902
1902
1931
1931
1892
1892
1940
1940
1925
1925
1867
1867
1906
1906
1925
1925
1863
1863
1901
1901
1897
1897
1921
1921
1890
1890
1926
1926
1909
1909
1929
1929
1899
1899
1925
1925
1899
1899
1895
1895
1926
1926
1920
1920
1924
1924
1891
1891
1917
1917
1908
1908
1920
1920
1900
1900
1883
1883
1908
1908
1906
1906
1912
1912
1899
1899
1904
1904
1880
1880
1870
1870
1939
1939
1878
1878
1900
1900
1880
1880
1919
1919
1913
1913
1938
1938
1923
1923
1881
1881
1886
1886
1918
1918
1903
1903
1903
1903
1931
1931
1904
1904
1926
1926
1914
1914
1885
1885
1923
1923
1911
1911
1917
1917
1918
1918
1908
1908
1882
1882
1887
1887
1900
1900
1926
1926
1926
1926
1896
1896
1910
1910
1911
1911
1939
1939
1930
1930
1896
1896
1928
1928
1893
1893
1934
1934
1883
1883
1932
1932
1895
1895
1867
1867
1912
1912
1882
1882
1907
1907
1908
1908
1900
1900
1900
1900
1914
1914
1877
1877
1874
1874
1860
1860
1891
1891
1894
1894
1875
1875
1906
1906
1881
1881
1924
1924
1920
1920
1913
1913
1923
1923
1897
1897
1926
1926
1890
1890
1921
1921
1880
1880
1913
1913
1880
1880
1897
1897
1903
1903
1887
1887
1857
1857
1886
1886
1924
1924
1905
1905
1909
1909
1865
1865
1883
1883
1903
1903
1906
1906
1914
1914
1887
1887
1908
1908
1912
1912
1884
1884
1878
1878
1872
1872
1900
1900
1922
1922
1897
1897
1920
1920
1926
1926
1924
1924
1895
1895
1880
1880
1914
1914
1912
1912
1910
1910
1883
1883
1887
1887
1907
1907
1900
1900
1938
1938
1902
1902
1907
1907
1895
1895
1929
1929
1906
1906
1889
1889
1886
1886
1926
1926
1894
1894
1908
1908
1938
1938
1883
1883
1856
1856
1900
1900
1909
1909
1887
1887
1889
1889
1932
1932
1886
1886
1923
1923
1865
1865
1887
1887
1916
1916
1921
1921
1922
1922
1891
1891
1894
1894
1908
1908
1915
1915
1884
1884
1940
1940
1912
1912
1913
1913
