1892
1886
1886
1892
1884
1889
1904
1934
1896
1922
1900
1873
1873
1879
1885
1875
1880
1885
1879
1911
1892
1886
1889
1894
1928
1922
1883
1872
1879
1899
1922
1897
1891
1881
1891
1893
1893
1888
1894
1899
1871
1869
1873
1884
1879
1923
1872
1877
1882
1881
1890
1903
1935
1913
1887
1921
1899
1883
1878
1874
1930
1894
1890
1890
1921
1908
1889
1873
1887
1873
1887
1884
1878
1897
1902
1864
1866
1890
1874
1872
1918
1884
1873
1900
1897
1882
1877
1892
1913
1879
1894
1882
1894
1894
1875
1881
1890
1926
1886
1927
1888
1889
1873
1888
1920
1877
