1909
1916
1936
1894
1915
1891
1924
1926
1930
1894
1920
1922
1895
1920
1917
1902
1929
1932
1900
1904
1912
1907
1907
1920
1918
1909
1911
1904
1903
1910
1917
1915
1914
1891
1894
1920
1926
1894
1925
1925
1923
1931
1896
1894
1901
1931
1928
1911
1879
1939
1912
1878
1881
1913
1927
1924
1882
1918
1921
1898
1907
1915
1911
1930
1938
1903
1896
1927
1899
1894
1872
1924
1899
1911
1918
1938
1906
1940
1899
1942
1909
1909
1914
1936
1909
1905
1900
1930
1925
1896
1922
1897
1902
1910
1938
1933
1908
1909
1917
1915
1910
1911
1909
1936
1940
1908
1911
1878
1918
1913
1879
1911
1939
1931
1932
1904
1895
1922
1917
1914
1877
1891
1888
1928
