1923
1874
1884
1902
1934
1894
1921
1911
1882
1890
1929
1877
1896
1864
1866
1893
1925
1896
1926
1891
1921
1928
1891
1922
1932
1924
1899
1931
1933
1894
1935
1925
1928
1904
1901
1883
1907
1900
1928
1925
1895
1894
1883
1866
1902
1877
1937
1892
1907
1911
1875
1910
1915
1885
1883
1918
1901
1926
1924
1915
1886
1926
1867
1900
1901
1932
1934
1929
1929
1927
1888
1898
1901
1904
1863
1903
1883
1927
1915
1890
1921
1911
1879
1908
1879
1874
1886
1888
1864
1925
1894
1930
1927
1871
1880
1909
1916
1926
1894
1888
1922
1930
1913
1919
1914
1937
1877
1877
1931
1921
1895
1934
1929
1925
1936
1899
1865
1932
1901
1905
1939
1904
1904
1898
1906
1936
1905
1933
1922
1927
1916
1919
1883
1913
1923
1882
1900
