1889
1927
1902
1925
1917
1874
1914
1875
1880
1882
1916
1922
1922
1882
1913
1916
1883
1891
1927
1930
1888
1922
1925
1886
1920
1914
1886
1900
1933
1901
1929
1907
1910
1935
1893
1913
1914
1893
1883
1892
1897
1907
1905
1897
1881
1925
1891
1889
1924
1897
1923
1896
1924
1900
1927
1883
1921
1883
1887
1855
1921
1926
1896
1927
1937
1909
1897
1874
1910
1937
1900
1927
1926
1925
1890
1923
1896
1917
1907
1864
1908
1899
1913
1899
1871
1889
1900
1937
1902
1880
1920
1899
1894
1928
1928
1932
1907
1910
1877
1876
1885
1916
1925
1886
1923
1883
1891
1893
1910
1905
1866
1886
1924
1911
1912
1920
1924
1922
1932
1926
1874
1913
1934
1914
1871
1885
1920
1938
1932
1901
1907
1903
1934
1908
1918
1892
1918
1882
1881
1876
1874
