1899
1899
1895
1893
1928
1931
1898
1882
1887
1913
1937
1937
1910
1910
1939
1939
1913
1920
1918
1893
1925
1887
1907
1933
1928
1909
1909
1912
1912
1931
1931
1928
1925
1928
1933
1887
1884
1905
1938
1910
1919
1939
1915
1896
1896
1907
1937
1926
1898
1928
1897
1879
1924
1882
1885
1914
1922
1919
1912
1916
1888
1939
1917
1917
1939
1917
1917
1890
1909
1912
1928
1916
1887
1923
1928
1907
1933
1922
1925
1925
1912
1898
1908
1938
1889
1889
1896
1896
1926
1925
1917
1905
1937
1904
1907
1905
1927
1906
1909
1909
1909
1909
1936
1908
1911
1879
1920
1926
1930
1897
1929
1908
1903
1932
1903
1877
1901
1911
1903
1917
1906
1899
1891
1891
1923
1925
1922
1912
1912
1920
1886
1939
1912
1871
1910
1876
1902
1902
1887
1887
1887
1890
1890
1926
1926
1924
1924
1928
1929
1930
1900
1898
1935
1909
1883
1925
1929
1885
1922
1893
1893
1896
1896
1928
1936
1899
1907
1913
1904
1879
1872
1918
1889
1889
1929
1914
1928
1883
1910
1910
1913
1913
1893
1893
1867
1867
1937
1937
1906
1906
1911
1908
1922
1928
1925
1930
1885
1925
1896
1883
1897
1928
1926
1910
1942
1901
1891
1927
1932
1926
1909
1895
1895
1911
1911
1912
1880
1919
1885
1879
1908
1908
1882
1882
1914
1914
1923
1923
1919
1919
1906
1938
1904
1931
1906
1939
1905
1926
1927
1892
1905
1901
1929
1941
1914
1898
1911
1938
1937
1940
1908
1934
1906
1937
1908
1909
1909
1904
1904
1919
1903
1885
1926
1887
1886
1887
1886
1911
1907
1923
1892
1919
1891
1890
1889
1889
1886
1886
1906
1908
1890
1884
1880
1906
1933
1927
1941
1909
1928
1900
1900
1887
1919
1904
1928
1882
1929
1931
1931
1879
1937
1901
1939
1909
1906
1902
1902
1913
1918
1884
1889
1889
1922
1922
1895
1895
1884
1922
1887
1907
1875
1905
1924
1893
1899
1924
1893
1899
1911
1938
1889
1917
1903
