1929
1890
1878
1929
1889
1896
1899
1928
1893
1919
1889
1926
1898
1924
1891
1923
1922
1892
1924
1912
1901
1926
1889
1885
1884
1896
1914
1911
1870
1877
1910
1879
1925
1907
1903
1910
1932
1885
1927
1885
1880
1924
1864
1865
1903
1929
1870
1905
1893
1897
1927
1925
1928
1926
1896
1926
1922
1922
1925
1930
1902
1900
1913
1879
1935
1935
1920
1900
1894
1924
1927
1901
1881
1926
1875
1935
1930
1902
1904
1876
1874
1914
1876
1870
1878
1928
1928
1902
1872
1900
1932
1912
1913
1871
1909
1873
1923
1909
1896
1889
1924
1898
1895
1894
1882
1881
1896
1895
1899
1890
