1919
1886
1926
1924
1924
1913
1891
1913
1884
1903
1907
1934
1907
1911
1930
1881
1931
1926
1908
1922
1884
1910
1925
1939
1939
1913
1886
1929
1928
1910
1892
1919
1883
1899
1925
1903
1897
1931
1906
1920
1929
1942
1892
1927
1891
1876
1914
1907
1903
1918
1928
1932
1894
1904
1934
1907
1908
1869
1890
1899
1903
1923
1896
1928
1897
1889
1942
1900
1932
1901
1933
1908
1919
1936
1890
1894
1906
1937
1880
1900
1923
1888
1892
1915
1879
1922
1888
1925
1879
1877
1913
1916
1911
1927
1886
1929
1881
1930
1897
1881
1877
1908
1923
1882
1886
1917
1914
1914
1935
1918
1910
1939
1932
1889
1897
1924
1911
1905
1901
1898
1901
1891
1915
1899
1881
1896
1904
1890
1913
1883
1926
1920
1907
1912
1919
1938
1920
1929
1924
1888
1917
1909
1898
1934
1924
1898
1906
1902
1929
1935
1900
1933
1892
1917
1939
1912
1913
1889
1881
1888
1928
1909
1899
1923
1894
1892
1887
1902
1927
1892
1907
1911
1933
1938
1911
1902
1888
1875
1901
1935
1937
1905
1901
1887
1889
1875
1875
1882
1914
1888
1917
1923
1924
1928
1880
1907
1932
1903
1906
1898
1900
1925
1929
1897
1919
1880
1915
1924
1887
1889
1929
1877
1902
1902
1885
1909
1909
1907
1918
1916
1928
1929
1906
1910
1919
1940
1909
1907
1875
1907
1907
1873
1886
1915
1919
1880
1904
1882
1909
1903
1896
1939
1910
1889
1903
1908
1909
1908
1875
1930
1937
1905
1910
1911
1938
1891
1888
1886
1913
1930
1906
1931
1902
1910
1894
1895
1892
1927
1920
1926
1889
1895
1895
1905
1901
1905
1931
1897
1929
1905
1896
1924
1929
1932
1890
1922
1920
1918
1870
1926
1912
1908
1908
1875
1886
1937
1913
1903
1927
1890
1935
1925
1927
1929
1906
1919
1887
1867
1937
1912
1871
1907
1931
1929
1934
1933
1927
1901
1898
1886
1914
1922
1919
1887
1910
1929
1881
1895
1899
1891
1890
1899
1938
1916
1923
1923
1919
1918
