1923
1890
1921
1911
1916
1908
1870
1925
1912
1919
1914
1910
1912
1914
1936
1913
1942
1937
1909
1932
1899
1928
1898
1903
1930
1907
1907
1937
1941
1920
1898
1925
1900
1893
1894
1914
1928
1924
1922
1919
1920
1924
1928
1918
1892
1909
1912
1886
1915
1916
1910
1917
1924
1889
1928
1930
1904
1922
1929
1905
1931
1900
1928
1903
1926
1893
1895
1930
1922
1920
1894
1935
1924
1930
1912
1899
1895
1896
1894
1934
1903
1925
1920
1897
1897
1931
1939
1909
1904
1928
1925
1903
1913
1915
1911
1907
1914
1901
1928
1924
1898
