1912
1912
1942
1942
1905
1905
1909
1909
1938
1938
1907
1907
1885
1885
1925
1925
1923
1923
1920
1920
1924
1924
1904
1904
1913
1913
1899
1899
1918
1918
1908
1908
1925
1925
1944
1944
1930
1930
1925
1925
1905
1905
1927
1927
1898
1898
1907
1907
1929
1929
1919
1919
1913
1913
1898
1898
1906
1906
1936
1936
1906
1906
1869
1869
1924
1924
1908
1908
1923
1923
1898
1898
1910
1910
1925
1925
1902
1902
1914
1914
1915
1915
1941
1941
1895
1895
1906
1906
1940
1940
1903
1903
1914
1914
1905
1905
1914
1914
1937
1937
1913
1913
1890
1890
1902
1902
1928
1928
1931
1931
1943
1943
1905
1905
1934
1934
1927
1927
1929
1929
1907
1907
1925
1925
1897
1897
1927
1927
1896
1896
1939
1939
1909
1909
1937
1937
1898
1898
1920
1920
1924
1924
1902
1902
1904
1904
1911
1911
1912
1912
1913
1913
1904
1904
1886
1886
1922
1922
1913
1913
1938
1938
1912
1912
1919
1919
1918
1918
1913
1913
1938
1938
1903
1903
1905
1905
1923
1923
1902
1902
1908
1908
1932
1932
1912
1912
1918
1918
1939
1939
1913
1913
1885
1885
1884
1884
1869
1869
1908
1908
1903
1903
1909
1909
1938
1938
1907
1907
1940
1940
1911
1911
1915
1915
1911
1911
1911
1911
1907
1907
1911
1911
1886
1886
1921
1921
1902
1902
1925
1925
1894
1894
1928
1928
1895
1895
1901
1901
1922
1922
1891
1891
1925
1925
1898
1898
1895
1895
1927
1927
1906
1906
1904
1904
1921
1921
1942
1942
1914
1914
1881
1881
1903
1903
1903
1903
1893
1893
1893
1893
1910
1910
1907
1907
1900
1900
1904
1904
1904
1904
1932
1932
1932
1932
1897
1897
1923
1923
1900
1900
1916
1916
1921
1921
1921
1924
1921
1921
1924
1921
1906
1906
1911
1911
1907
1907
1907
1907
1920
1920
1937
1937
1880
1880
