1931
1930
1928
1930
1929
1942
1930
1930
1931
1930
1929
1930
1930
1932
1930
1930
1930
1931
1929
1934
1931
1930
1932
1928
1938
1939
1928
1934
1933
1939
1934
1934
1929
1929
1931
1928
1929
1930
1930
1930
1930
1935
1903
1883
1930
1941
1933
1930
1930
1933
1934
1937
1927
1932
1930
1929
1931
1931
1929
1895
1929
1932
1932
1931
1928
1930
1928
1931
1928
1929
1931
1929
1930
1932
1933
1931
1930
1932
1935
1914
1933
1930
1896
1932
1937
1942
1930
1932
1930
1929
1929
1930
1930
1930
1930
1933
1932
1933
1937
1929
1929
1922
1931
1930
1930
1929
1928
1930
1929
1930
1929
1928
1930
1938
1929
1930
1930
1929
1931
1933
1935
1888
1930
1938
1930
1930
1939
1928
1932
1932
1931
1928
1898
1898
1931
1936
1939
1934
1935
1929
1929
1926
1927
1930
1929
1930
1936
1889
1930
1930
1935
1930
1929
1937
1935
1928
1930
1930
1921
1880
1889
1929
1930
1939
1934
1933
1942
1937
1935
1888
1930
1929
1928
1942
1929
1932
1930
1930
1932
1932
1932
1933
1932
1938
1938
1931
1936
1934
1932
1909
1928
1929
1939
1932
1942
1930
1928
1930
1929
1936
1930
1932
1935
1929
1930
1938
1929
1930
1938
1930
1934
1932
1936
1932
1929
1933
1938
1940
1932
1939
1928
1930
1931
1930
1931
1928
1930
1934
1931
1942
1932
1932
1926
1932
1931
1932
1932
1929
1929
1930
1931
1928
1933
1927
1933
1930
1934
1936
1934
1930
1933
1939
1932
1932
1941
1932
1932
1928
1929
1932
1933
1936
1926
1936
1932
1930
1932
1930
1932
1930
1936
1940
1930
1934
1932
1929
1930
1930
1929
1928
1930
1930
1930
1929
1929
1938
1934
1931
1929
1922
1929
1929
1929
1929
1930
1942
1930
1933
1935
1931
1930
1930
1929
1939
1935
1938
1936
1931
1935
1942
1930
1930
1932
1930
1930
1931
1930
1930
1937
1930
1942
1929
1932
1942
1931
1930
1932
1930
1932
1932
1935
1938
1928
1930
1931
1933
1930
1931
1930
1940
1931
1930
1932
1930
1933
1930
1932
1930
1931
1932
1934
1939
1933
1939
1931
1931
1932
1930
1930
1932
1940
1930
1939
1930
1941
1930
1930
1939
1938
1942
1932
1932
1939
1938
1934
1937
1931
1932
1934
1930
1930
1936
1934
1932
1920
1932
1930
1931
1932
1930
1931
1931
1930
1935
1930
1932
1930
1930
1930
1931
1930
1930
1935
1918
1889
1929
1909
1930
1930
1930
1931
1930
1931
1933
1930
1932
1930
1928
1933
1937
1942
1932
1933
1921
1932
1930
1868
1930
1930
1931
1939
1932
1933
1932
1932
1930
1931
1935
1931
1930
1932
1936
1936
1932
1930
1931
1937
1936
1938
1930
1931
1931
