1904
1904
1914
1914
1925
1925
1900
1900
1915
1915
1917
1917
1883
1883
1885
1885
1888
1888
1918
1918
1924
1924
1894
1894
1913
1913
1915
1915
1927
1927
1919
1919
1924
1924
1894
1894
1913
1913
1891
1891
1932
1932
1906
1906
1907
1907
1904
1904
1907
1907
1910
1910
1903
1903
1939
1939
1914
1914
1906
1906
1891
1891
1926
1926
1928
1928
1931
1931
1922
1922
1919
1919
1915
1915
1912
1912
1916
1916
1911
1911
1926
1926
1924
1924
1926
1926
1928
1928
1909
1909
1904
1904
1906
1906
1932
1932
1889
1889
1922
1922
1921
1921
1920
1920
1915
1915
1874
1874
1915
1915
1917
1917
1911
1911
1924
1924
1927
1927
1894
1894
1897
1897
1924
1924
1887
1887
1925
1925
1928
1928
1925
1925
1903
1903
1933
1933
1929
1929
1900
1900
1901
1901
1907
1907
1935
1935
1912
1912
1937
1937
1912
1912
1932
1932
1941
1941
1907
1907
1942
1942
1930
1930
1906
1906
1924
1924
1930
1930
1917
1917
1894
1894
1879
1879
1917
1917
1922
1922
1909
1909
1914
1914
1929
1929
1925
1925
1928
1928
1920
1920
1909
1909
1918
1918
1881
1881
1911
1911
1921
1921
1926
1926
1925
1925
1900
1900
1883
1883
1921
1921
1888
1888
1924
1924
