1889
1889
1919
1919
1887
1887
1917
1917
1920
1920
1911
1911
1916
1916
1922
1922
1890
1890
1890
1890
1918
1918
1900
1900
1903
1903
1900
1900
1904
1904
1903
1903
1905
1905
1926
1926
1887
1887
1913
1930
1913
1930
1932
1932
1925
1925
1889
1889
1915
1915
1929
1929
1895
1895
1900
1900
1888
1888
1903
1903
1915
1915
1907
1907
1922
1922
1914
1914
1879
1879
1905
1905
1908
1908
1868
1868
1865
1865
1900
1900
1868
1868
1924
1924
1900
1900
1914
1914
1877
1877
1882
1882
1909
1909
1883
1883
1909
1909
1900
1900
1910
1910
1900
1900
1912
1912
1868
1868
1875
1875
1876
1876
1915
1915
1939
1939
1865
1865
1860
1860
1865
1865
1879
1879
1898
1898
1935
1935
1923
1923
1892
1892
1910
1910
1925
1925
1902
1902
1927
1927
1899
1899
1910
1910
1920
1920
1886
1886
1885
1885
1890
1890
1894
1894
1912
1912
1931
1931
1914
1914
1935
1935
1907
1907
1914
1914
1929
1929
1926
1926
1891
1891
1893
1893
1918
1918
1893
1893
1900
1900
1914
1914
1882
1882
1926
1926
1889
1889
1900
1900
1900
1900
1930
1930
1905
1905
