1902
1931
1901
1939
1937
1930
1907
1933
1905
1914
1887
1939
1870
1884
1918
1875
1908
1920
1884
1882
1923
1924
1929
1895
1901
1917
1885
1886
1924
1903
1906
1909
1938
1934
1891
1919
1917
1921
1877
1878
1905
1937
1935
1900
1929
1932
1909
1933
1908
1895
1913
1940
1904
1937
1932
1899
1928
1915
1917
1875
1879
1919
1883
1887
1912
1923
1900
1907
1912
1880
1912
1887
1934
1906
1932
1930
1902
1905
1916
1924
1914
1936
1878
1931
1912
1882
1879
1914
1879
1910
1908
1921
1917
1879
1909
1880
1917
1902
1927
1886
1908
1914
1912
1915
1880
