1939
1939
1943
1939
1937
1928
1940
1936
1939
1937
1946
1940
1929
1930
1928
1934
1939
1939
1941
1939
1933
1936
1930
1936
1940
1932
1934
1931
1936
1938
1941
1938
1929
1934
1936
1944
1938
1937
1946
1936
1934
1939
1936
1933
1928
1942
1941
1934
1936
1932
1938
1936
1936
1937
1941
1939
1946
1944
1940
1936
1943
1939
1945
1931
1935
1934
1940
1932
1938
1935
1938
1939
1938
1938
1938
1933
1934
1940
1936
1946
1939
1939
1937
1932
1932
1931
1944
1934
1930
1932
1928
1931
1941
1937
1936
1935
1935
1936
1938
1931
1938
1940
1936
1935
1938
1937
1943
1938
1931
1935
1946
1940
1936
1939
1938
1934
1930
1936
1938
1932
1937
