1925
1894
1930
1896
1927
1900
1914
1912
1904
1914
1928
1920
1884
1914
1920
1925
1920
1911
1904
1899
1919
1902
1916
1925
1911
1917
1900
1926
1923
1912
1899
1909
1905
1906
1893
1919
1913
1929
1920
1907
1920
1921
1910
1919
1910
1909
1920
1928
1912
1902
1929
1914
1917
1924
1912
1907
1903
1912
1925
1883
1915
1903
1906
1906
1902
1906
1916
1919
1900
1912
1921
1916
1921
1920
1915
1925
1907
1899
1910
1901
1898
1910
1897
1897
1908
1926
1914
1918
1924
1910
1924
1907
1890
1905
1910
1928
1895
1910
1928
1905
1909
1905
1927
1907
1923
1909
1925
1907
1918
1876
1914
1897
1905
1924
1900
1917
1923
1925
1896
1928
1929
1928
1905
1927
1925
1926
1916
1909
1908
1910
1893
1913
1891
1928
1904
1926
1924
1888
1910
1908
1911
1914
1900
1895
1912
1915
1926
1904
1909
1894
1916
1912
1930
1909
1915
1906
1916
1917
1921
1925
1880
1898
1907
1904
1913
1908
1917
1924
1915
1910
1895
1905
1927
1909
1907
1907
1913
1927
1912
1922
1898
1928
1930
1898
1897
1924
1925
1896
1925
1896
1928
1906
1927
1912
1896
1910
1919
1898
1920
1921
1916
1899
1888
1922
1916
1929
1924
1916
1913
1906
1923
1905
1901
1909
1913
1925
1918
1891
1911
1923
1919
1896
1903
1925
1909
1907
1929
1926
1906
1923
1923
1894
1904
1901
1916
1927
1910
1896
1903
1918
1915
1925
1897
1918
1910
1913
1923
1927
1902
1905
1912
1909
1914
1916
1924
1902
1892
1912
1904
1923
1925
1898
1906
1924
1915
1901
1897
1927
1906
1897
1891
1925
1912
1920
1923
1929
1909
1927
1906
1927
1924
1915
1910
1894
1908
1928
1914
1915
1918
1914
1918
1904
1902
1901
1904
1911
1914
1901
1913
1922
1916
1920
1903
1902
1919
1925
1906
1928
1903
1899
1919
1926
1927
1925
1923
1911
1912
1912
1913
1922
1914
1911
1889
1895
1921
1920
1919
1902
1920
1904
1914
1921
1905
1928
1891
1910
1913
1921
1902
1926
1920
1926
1896
1900
1915
1921
1904
1909
1925
1896
1908
1915
1924
1928
1928
1910
1907
1913
1914
1894
1910
1908
1920
1916
1909
1906
1907
1905
1912
1900
1918
1895
1900
1913
1901
1919
1926
1917
1921
1919
1899
1924
1904
1922
1911
1914
1902
1927
1914
1928
1916
1928
1927
1921
1897
1899
1925
1921
1928
1912
1904
1929
1915
1909
1916
1907
1924
1907
1908
1899
1928
1930
1925
1923
1886
1922
1920
1925
1928
1921
1898
1928
1905
1924
1926
1915
1924
1906
1919
1922
1921
1913
1910
1910
1926
1925
1904
1928
1909
1926
1927
1928
1928
1929
1919
1913
1912
1895
1918
1883
1924
1925
1893
1905
1922
1913
1921
1911
1914
1921
1909
1907
1927
1902
1929
1916
1888
1927
1924
1911
1912
1910
1925
1923
1926
1924
1912
1925
1920
1909
1896
1918
1919
1895
1918
1926
1929
1913
1902
1923
1926
1920
1927
1911
1905
1929
1927
1904
1926
1930
1898
1924
1925
1921
1913
1912
1928
1924
1915
1926
1930
1900
1908
1908
1902
1902
1925
1929
1924
1924
1909
1926
1919
1924
1893
1898
1924
1906
1896
1906
1931
1913
1913
1907
1916
1927
1913
1914
1915
1925
1909
1905
1919
1929
1928
1913
1920
1905
1906
1914
1927
1899
1904
1910
1923
1927
1900
1926
1902
1897
1915
1923
1914
1902
1900
1913
1909
1902
1910
1917
1926
1919
1912
1913
1890
1913
1925
1920
1915
1900
1920
1927
1915
1904
1892
1910
1918
1922
1918
1910
1908
1905
1891
1910
1907
1913
1902
1916
1904
1899
1902
1923
1922
1924
1929
1911
1901
1928
1913
1906
1902
1914
1908
1914
1893
1925
1906
1920
1902
1895
1923
1913
1910
1908
1902
1924
1897
1904
1915
1923
1899
1926
1925
1927
1899
1927
1899
1908
1904
1909
1924
1925
1888
1914
1928
1928
1896
1926
1912
1902
1919
1908
1925
1909
1902
1917
1911
1905
1910
1899
1908
1917
1904
1916
1925
1907
1906
1923
1926
1905
1927
1927
1923
1919
1927
1926
1898
1893
1914
1916
1905
1897
1923
1928
1926
1916
1923
1893
1926
1920
1902
1910
1916
1902
1898
1893
1910
1924
1895
1914
1892
1927
1911
1921
1916
1913
1919
1912
1915
1922
1929
1915
1921
1912
1924
1926
1924
1911
1928
1907
1901
1899
1898
1913
1900
1897
1912
1918
1916
1884
1915
1896
1879
1925
1893
1901
1913
1924
1911
1904
1919
1914
1923
1926
1897
1920
1919
1890
1924
1905
1893
1917
1920
1897
1925
1900
1903
1909
1912
1921
1924
1912
1926
1925
1920
1924
1926
1919
1913
1929
1928
1899
1928
1910
1921
1928
1925
1930
1928
1900
1907
1928
1923
1915
1924
1899
1925
1914
1919
1921
1884
1912
1928
1913
1891
1903
1924
1929
1922
1897
1926
1894
1928
1921
1911
1923
1905
1912
1908
1912
1924
1895
1922
1921
1907
1910
1913
1909
1898
1906
1896
1904
1896
1924
1893
1919
1924
1906
1915
1898
1927
1908
1901
1905
1914
1905
1910
1910
1922
1904
1910
1927
1929
1900
1918
1907
1912
1904
1922
1907
1900
1908
1895
1906
1901
1930
1911
1914
1923
1924
1911
1917
1913
1917
1922
1908
1922
1900
1917
1897
1908
1909
1929
1913
1914
1921
1914
1928
1890
1886
1896
1929
1923
1927
1903
1929
1928
1900
1881
1899
1897
1894
1905
1912
1923
1904
1899
1897
1926
1924
1910
1916
1896
1908
1901
1907
1906
1917
1922
1885
1919
1908
1908
1925
1897
1893
1916
1923
1926
1910
1905
1919
1920
1915
1911
1891
1906
1926
1893
1905
1897
1928
1903
1914
1925
1903
1929
1924
1919
1904
1923
1899
1909
1928
1905
1916
1928
1923
1904
1928
1901
1920
1924
1923
1919
1898
1908
1902
1923
1895
1926
1922
1906
1901
1903
1892
1927
1926
1897
1912
1922
1905
1902
1925
1925
1928
1917
1893
1930
1926
1916
1920
1924
1921
1896
1909
1895
1904
1908
1913
1912
1903
1921
1904
1893
1912
1896
1907
1921
1922
1894
1918
1907
1910
1912
1926
1897
1905
1920
1902
1926
1930
1891
1926
1906
1908
1917
1912
1906
1912
1908
1926
1921
1908
1920
1914
1906
1926
1898
1915
1907
1894
1895
1904
1920
1923
1922
1901
1917
1924
1925
1920
1929
1898
1910
1908
1926
1920
1925
1910
1910
1925
1887
1890
1918
1905
1924
1905
1929
1905
1911
1920
1917
1923
1911
1896
1928
1904
1923
1902
1926
1928
1908
1913
1917
1911
1903
1915
1902
1916
1921
1894
1903
1907
1921
1915
1925
1930
1925
1928
1895
1928
1926
1929
1928
1899
1898
1905
1914
1927
1900
1897
1917
1926
1909
1924
1893
1889
1929
1926
1908
1915
1920
1907
1925
1922
1903
1905
1915
1905
1909
1916
1927
1925
1909
1892
1910
1922
1925
1888
1899
1924
1912
1903
1910
1912
1908
1920
1911
1915
1911
1912
1925
1914
1923
1891
1912
1900
1922
1912
1927
1923
1928
1897
1921
1918
1929
1906
1929
1906
1911
1916
1924
1902
1902
1901
1902
1911
1914
1908
1923
1896
1910
1924
1912
1922
1909
1908
1905
1916
1889
1924
1913
1922
1906
1919
1900
1927
1916
1908
1920
1916
1915
1919
1905
1898
1907
1915
1922
1922
1915
1918
1915
1899
1929
1918
1917
1926
1923
1921
1893
1894
1904
1910
1896
1894
1925
1918
1905
1904
1928
1912
1924
1912
1924
1900
1890
1890
1927
1915
1925
1909
1929
1912
1893
1904
1923
1923
1923
1918
1903
1902
1907
1924
1920
1920
1907
1915
1889
1910
1923
1910
1925
1907
1920
1896
1925
1915
1906
1913
1915
1918
1922
1915
1925
1893
1924
1900
1899
1912
1926
1923
1907
1917
1906
1922
1915
1928
1913
1926
1902
1915
1897
1923
1923
1917
1925
1928
1911
1894
1909
1913
1924
1911
1926
1906
1912
1920
1914
1907
1914
1921
1915
1929
1925
1913
1899
1914
1929
1918
1911
1913
1906
1927
1914
1916
1921
1911
1929
1925
1918
1909
1904
1929
1926
1877
1920
1903
1899
1895
1922
1911
1912
1920
1906
1914
1914
1896
1910
1897
1897
1924
1904
1908
1913
1912
1908
1914
1924
1925
1901
1894
1911
1907
1921
1913
1892
1912
1896
1908
1922
1897
1906
1920
1923
1925
1905
1898
1925
1921
1906
1925
1924
1910
1908
1906
1912
1926
1915
1903
1926
1906
1914
1919
1885
1927
1918
1903
1921
1916
1918
1894
1924
1905
1912
1922
1892
1902
1920
1913
1927
1926
1895
1920
1928
1925
1931
1903
1925
1913
1918
1908
1893
1893
1923
1918
1920
1903
1887
1908
1918
1906
1908
1924
1910
1909
1922
1912
1923
1910
1923
1897
1907
1922
1922
1917
1927
1922
1924
1911
1926
1919
1928
1918
1929
1914
1917
1903
1920
1919
1921
1927
1928
1929
1897
1901
1912
1903
1911
1909
1912
1909
1912
1909
1911
1917
1929
1886
1929
1929
1929
1927
1902
1924
1903
1905
1912
1920
1919
1916
1918
1899
1914
1922
1918
1902
1899
1892
1911
1904
1909
1916
1907
1921
1903
1921
1908
1924
1902
1910
1904
1925
1901
1906
1917
1911
1918
1890
1916
1925
1929
1901
1909
1893
1897
1921
1917
1895
1899
1925
1922
1898
1925
1926
1916
1900
1919
1916
1929
1911
1924
1917
1903
1915
1920
1919
1919
1899
1902
1910
1920
1924
1901
1926
1909
1917
1900
1913
1909
1911
1911
1898
1911
1912
1921
1924
1891
1932
1906
1904
1926
1924
1915
1882
1924
1899
1917
1907
1904
1925
1913
1925
1929
1919
1926
1924
1929
1929
1929
1925
1930
1925
1905
1908
1920
1904
1905
1910
1907
1928
1917
1895
1914
1927
1927
1922
1926
1926
1906
1905
1913
1908
1915
1925
1923
1924
1910
1919
1921
1923
1932
1928
1927
1906
1917
1923
1921
1927
1921
1920
1909
1918
1915
1919
1921
1923
1913
1922
1926
1916
1905
1911
1927
1927
1926
1880
1918
1926
1905
1925
1911
1906
1910
1902
1891
1905
1917
1910
1894
1899
1893
1896
1912
1928
1896
1905
1899
1921
1930
1917
1917
1912
1921
1924
1923
1928
1898
1913
1929
1926
1929
1918
1916
1929
1922
1925
1926
1929
1904
1913
1906
1905
1922
1900
1904
1892
1914
1915
1895
1902
1900
1910
1892
1916
1903
1928
1928
1927
1931
1920
1928
1885
1897
1901
1895
1888
1909
1924
1928
1909
1911
1925
1888
1928
1899
1931
1910
1899
1926
1910
1894
1930
1917
1899
1911
1910
1904
1892
1924
1922
1927
1907
1924
1898
1899
1922
1920
1904
1908
1899
1906
1923
1907
1924
1910
1927
1918
1929
1917
1925
1909
1924
1924
1918
1897
1914
1906
1903
1924
1922
1924
1918
1925
1928
1924
1914
1904
1908
1898
1904
1917
1925
1920
1900
1931
1930
1930
1919
1907
1927
1920
1927
1929
1899
1925
1905
1924
1909
1908
1928
1927
1925
1911
1918
1911
1928
1922
1926
1910
1902
1914
1919
1926
1890
1915
1920
1925
1917
1919
1915
1885
1925
1893
1927
1925
1905
1928
1907
1926
1924
1904
1899
1900
1928
1927
1927
1929
1931
1924
1924
1921
1913
1925
1916
1923
1888
1900
1925
1907
1920
1908
1923
1921
1907
1901
1900
1924
1925
1929
1901
1903
1914
1923
1908
1918
1897
1926
1917
1906
1915
1906
1907
1910
1896
1901
1916
1900
1920
1920
1911
1899
1910
1902
1922
1910
1900
1898
1922
1924
1923
1914
1915
1904
1899
1909
1904
1888
1926
1896
1905
1914
1895
1918
1919
1925
1925
1922
1904
1919
1903
1928
1906
1927
1912
1920
1916
1922
1904
1892
1902
1902
1921
1911
1921
1927
1905
1924
1912
1910
1922
1904
1910
1924
1914
1923
1922
1922
1923
1920
1922
1919
1899
1911
1886
1905
1896
1909
1902
1911
1909
1899
1911
1913
1913
1904
1912
1920
1905
1898
1924
1921
1907
1915
1910
1929
1899
1928
1924
1928
1893
1906
1898
1891
1922
1905
1921
1881
1902
1905
1926
1901
1912
1889
1918
1920
1923
1930
1929
1910
1910
1923
1928
1919
1920
1923
1898
1925
1905
1897
1930
1926
1924
1916
1906
1919
1917
1932
1927
1921
1918
1904
1925
1924
1907
1924
1930
1924
1915
1924
1923
1910
1851
1928
1914
1913
1887
1919
1917
1909
1920
1912
1915
1905
1915
1915
1913
1921
1914
1907
1915
1922
1919
1907
1924
1899
1912
1915
1913
1921
1913
1921
1929
1928
1903
1923
1905
1909
1888
1921
1921
1910
1914
1917
1916
1906
1911
1909
1903
1908
1928
1908
1896
1919
1912
1920
1900
1903
1929
1906
1928
1898
1926
1911
1930
1927
1891
1909
1924
1911
1908
1900
1906
1924
1898
1918
1926
1926
1901
1899
1884
1923
1902
1909
1909
1907
1903
1903
1919
1920
1916
1928
1928
1925
1929
1907
1917
1885
1928
1923
1922
1906
1924
1922
1893
1918
1899
1923
1908
1919
1900
1920
1907
1909
1922
1903
1922
1919
1890
1907
1925
1893
1911
1921
1914
1913
1906
1901
1894
1900
1907
1907
1922
1923
1914
1920
1927
1922
1911
1904
1915
1910
1925
1902
1923
1923
1924
1916
1922
1902
1904
1901
1920
1899
1926
1929
1907
1895
1927
1905
1903
1917
1923
1906
1920
1909
1911
1906
1923
1907
1909
1911
1925
1922
1896
1915
1925
1908
1911
1916
1920
1916
1903
1923
1917
1925
1910
1921
1902
1896
1912
1909
1905
