1905
1908
1917
1901
1921
1896
1901
1902
1908
1910
1897
1925
1918
1911
1918
1902
1913
1901
1905
1911
1906
1899
1908
1898
1925
1918
1921
1897
1906
1924
1893
1925
1914
1904
1920
1904
1899
1908
1906
1909
1912
1902
1918
1922
1925
1904
1906
1926
1908
1910
1912
1909
1900
1921
1907
1901
1906
1899
1911
1904
1926
1916
1902
1912
1898
1899
1926
1904
1908
1900
1923
1925
1900
1915
1910
1899
1900
1916
1923
1909
1904
1902
1919
1915
1909
1913
1915
1922
1907
1919
1922
1905
1905
1904
1922
1903
1911
1916
1911
1899
1907
1911
1925
1898
1908
1897
1931
1911
1902
1923
1910
1897
1926
1906
1911
1913
1926
1905
1916
1895
1902
1904
1896
1892
1906
1921
1925
1909
1910
1914
1922
1908
1907
1906
1900
1903
1904
1907
1910
1926
1924
1912
1906
1902
1925
1906
1906
1909
1909
1903
1910
1905
1916
1906
1919
1911
1903
1901
1925
1910
1904
1921
1906
1898
1902
1921
1924
1908
1908
1899
1926
1927
1898
1911
1902
1915
1899
1902
1926
1915
1924
1906
1912
1902
1906
1893
1915
1929
1906
1902
1919
1910
1905
1918
1921
1908
1905
1894
1922
1911
1900
1920
1906
1912
1903
1927
1903
1899
1906
1897
1920
1899
1901
1901
1926
