1920
1919
1913
1922
1918
1921
1908
1913
1898
1913
1906
1913
1914
1912
1922
1912
1899
1918
1905
1923
1916
1922
1925
1921
1913
1917
1922
1916
1920
1919
1913
1941
1908
1925
1910
1918
1921
1908
1904
1904
1909
1906
1916
1915
1921
1923
1906
1920
1923
1917
1922
1907
1923
1913
1920
1907
1925
1914
1912
1920
1912
1904
1918
1919
1923
1923
1911
1907
1921
1919
1922
1924
1922
1913
1904
1921
1912
1914
1922
1924
1922
1922
1903
1909
1916
1911
1913
1920
1914
1910
1907
1924
1914
1917
1919
1899
1921
1900
1920
1900
1918
1915
1915
1908
1903
1921
1914
1913
1910
1906
1921
1909
1919
1919
1912
1900
1920
1890
1909
1924
1921
1910
1912
1922
1921
1918
1913
1918
1907
1920
1921
1891
1889
1902
1919
1919
1920
1905
1914
1915
1896
1918
1900
1910
1910
1912
1913
1924
1922
1920
1919
1921
1907
1903
1919
1924
1901
1917
1909
1911
1905
1887
1904
1909
1910
1919
1924
1922
1916
1919
1924
1919
1916
1922
1919
1895
1923
1900
1921
1910
1919
1922
1925
1921
1922
1918
1922
1914
1923
1921
1925
1912
1922
1900
1925
1911
1900
1919
1907
1913
1921
1910
1922
1920
1909
1903
1921
1920
1892
1919
1919
1916
1916
1924
1912
1919
1916
1909
1921
1917
1911
1922
1920
1909
1921
1919
1924
1917
1919
1917
1916
1922
1911
1919
1915
1923
1909
