1928
1922
1926
1923
1921
1928
1924
1910
1924
1925
1916
1914
1922
1896
1930
1905
1928
1921
1927
1926
1925
1925
1930
1927
1927
1928
1912
1912
1916
1928
1929
1924
1928
1925
1926
1922
1926
1927
1921
1925
1920
1919
1925
1910
1929
1926
1927
1917
1922
1914
1924
1930
1922
1926
1922
1916
1908
1925
1917
1925
1906
1924
1920
1925
1928
1929
1928
1927
1929
1921
1929
1926
1929
1922
1923
1928
1927
1925
1917
1922
1928
1921
1912
1923
1922
1928
1916
1926
1926
1912
1912
1927
1927
1920
1923
1921
1929
1930
1928
1920
1925
1925
1930
1923
1920
1926
1925
1919
1924
1924
1925
1928
1919
1924
1909
1924
1927
1926
1921
1917
1926
1923
1920
1922
1918
1912
1928
1928
1918
1926
1924
1924
1927
1928
1926
1921
1926
1928
1923
1920
1926
1927
1928
1924
1928
1927
1923
1914
1928
1922
1921
1914
1927
1924
1927
1925
1922
1922
1921
1923
1925
1919
1890
1922
1923
1927
1926
1925
1907
1924
1923
1923
1925
1919
1919
1907
1924
1926
1922
1925
1911
1926
1927
1917
1921
1920
1926
1920
1928
1912
1916
1925
1924
1896
1919
1922
1916
1913
1925
1910
1904
1920
1925
1922
1922
1924
1924
