1918
1918
1940
1940
1910
1910
1933
1933
1878
1878
1915
1915
1874
1874
1904
1904
1907
1907
1938
1938
1928
1928
1894
1894
1897
1897
1934
1934
1901
1901
1929
1929
1931
1931
1901
1901
1923
1923
1939
1939
1926
1926
1880
1880
1930
1930
1928
1928
1869
1869
1885
1885
1897
1897
1896
1896
1927
1927
1923
1923
1886
1886
1914
1914
1884
1884
1931
1931
1937
1937
1911
1911
1873
1873
1871
1871
1905
1905
1910
1910
1908
1908
1894
1894
1905
1905
1900
1900
1900
1900
1908
1908
1881
1881
1939
1939
1915
1915
1919
1919
1918
1918
1882
1882
1887
1887
1914
1914
1919
1919
1913
1913
1912
1912
1915
1915
1916
1916
1882
1882
1913
1913
1883
1883
1882
1882
1911
1911
1907
1907
1921
1921
1912
1912
1907
1907
1908
1908
1872
1872
1938
1938
1905
1905
1908
1908
1932
1932
1937
1937
1910
1910
1897
1897
1922
1922
1928
1928
1925
1925
1918
1918
1925
1925
1937
1937
1913
1913
1909
1909
1898
1898
1923
1923
1915
1915
1928
1928
1925
1925
1909
1909
1900
1900
1938
1938
1935
1935
1912
1912
1928
1928
1878
1878
1893
1893
1909
1909
1904
1904
1880
1880
1918
1918
1913
1913
1920
1920
1914
1914
1875
1875
1916
1916
1903
1903
1906
1906
1919
1919
1893
1893
1916
1916
1893
1893
1907
1907
1900
1900
1888
1888
1929
1929
1908
1908
1923
1923
1883
1883
1937
1937
1902
1902
1930
1930
1898
1898
1924
1924
