1928
1900
1923
1907
1877
1908
1937
1930
1921
1893
1926
1895
1922
1898
1899
1932
1888
1890
1898
1887
1866
1922
1891
1927
1917
1908
1909
1910
1912
1883
1914
1921
1895
1912
1933
1928
1900
1912
1870
1873
1910
1913
1911
1892
1898
1906
1874
1899
1919
1894
1925
1895
1926
1906
1936
1893
1937
1917
1893
1923
1897
1897
1926
1892
1895
1882
1882
1887
1915
1916
1910
1916
1896
1905
1876
1909
1898
1930
1894
1901
1933
1905
1937
1896
1925
1893
1928
1923
1908
1897
1884
1921
1893
1899
1889
1894
1864
1909
1894
1921
1924
1922
1894
1908
1885
1875
1909
1941
1902
1899
1926
1887
1889
1924
1883
1913
1911
1882
1907
1893
1874
1880
1891
1889
1918
1886
1915
1888
1892
1883
1883
1930
1903
1913
1913
1927
1900
1924
1897
1887
1918
1881
1881
1931
1930
1900
1916
1900
1924
1928
1891
1888
1895
1922
1904
1938
1910
1915
1930
1901
1934
1900
1932
1880
1904
1927
1934
1902
1890
1907
1936
1877
1892
1922
1892
1907
1865
1934
1922
1924
1896
1923
1906
1865
1901
1907
1912
1869
1934
1910
1896
1926
