1908
1903
1903
1893
1893
1929
1929
1915
1915
1911
1911
1914
1910
1916
1944
1911
1924
1903
1908
1929
1896
1922
1924
1924
1897
1919
1931
1908
1908
1919
1919
1915
1915
1902
1911
1911
1922
1922
1918
1923
1922
1907
1917
1917
1911
1927
1886
1927
1902
1932
1909
1932
1932
1906
1906
1907
1907
1919
1919
1938
1938
1908
1908
1942
1942
1911
1907
1907
1920
1920
1929
1929
1929
1894
1925
1915
1915
1936
1902
1932
1925
1891
1932
1944
1944
1929
1929
1916
1916
1937
1931
1895
1895
1919
1912
1924
1914
1902
1891
1925
1891
1932
1891
1887
1924
1918
1943
1912
1912
1918
1924
1920
1892
1904
1904
1905
1905
1904
1906
1908
1927
1918
1882
1890
1881
1916
1902
1902
1903
1903
1936
1936
1932
1932
1909
1936
1924
1924
1918
1918
1920
1920
1884
1884
1905
1905
1907
1908
1914
1926
1941
1902
1899
1919
1920
1920
1929
1935
1932
1932
1923
1923
1920
1930
1930
1925
1925
1938
1908
1887
1919
1911
1924
1886
1927
1921
1906
1906
1932
1932
1903
1903
1909
1883
1911
1897
1912
1912
1937
1910
1903
1933
1903
1912
1888
1904
1904
1898
1914
1923
1921
1926
1921
1918
1904
1917
1943
1904
1904
1927
1894
1918
1896
1912
1900
1910
1938
1904
1926
1930
1930
1905
1932
1900
1900
1894
1894
1905
1902
1931
1931
1932
1932
1906
1906
1941
1941
1935
1943
1924
1924
1921
1920
1924
1924
1923
1923
1896
1896
1914
1895
1906
1888
1888
1889
1889
1924
1920
1912
1914
1910
1910
