1909
1911
1907
1903
1906
1916
1884
1870
1901
1883
1904
1910
1922
1884
1881
1920
1892
1878
1867
1894
1902
1896
1901
1906
1911
1886
1901
1879
1915
1917
1911
1909
1872
1875
1872
1900
1897
1896
1892
1890
1887
1894
1886
1936
1906
1904
1881
1882
1878
1924
1908
1894
1899
1899
1924
1922
1899
1897
1925
1921
1907
1911
1902
1896
1900
1888
1916
1911
1892
1911
1915
1909
1873
1872
1913
1913
1896
1875
1909
1905
1897
1909
1902
1875
1885
1914
1891
1886
1910
1897
1871
1876
1910
1891
1890
1936
1907
1891
1912
1912
1893
1901
1877
1884
1910
1869
