1907
1932
1891
1932
1907
1896
1929
1923
1924
1925
1889
1896
1928
1938
1901
1908
1933
1939
1923
1900
1929
1893
1894
1918
1925
1892
1920
1918
1907
1897
1874
1927
1902
1930
1896
1898
1905
1933
1907
1937
1901
1902
1937
1913
1889
1922
1931
1897
1920
1929
1896
1922
1914
1916
1944
1873
1928
1883
1922
1918
1918
1876
1936
1934
1919
1886
1908
1939
1933
1908
1908
1911
1938
1935
1911
1913
1936
1902
1901
1933
1925
1928
1930
1918
1916
1894
1924
1919
1933
1915
1912
1914
1914
1916
1920
1909
1889
1889
1926
1906
1907
1876
1935
1934
