1921
1885
1888
1939
1928
1914
1912
1902
1923
1897
1908
1914
1907
1904
1897
1929
1936
1877
1912
1908
1914
1912
1940
1880
1916
1871
1895
1937
1902
1892
1900
1915
1910
1921
1878
1917
1886
1915
1917
1926
1879
1909
1885
1911
1939
1910
1914
1908
1917
1914
1888
1917
1931
1899
1927
1921
1891
1927
1928
1897
1925
1884
1913
1884
1923
1911
1873
1885
1911
1913
1876
1878
1916
1925
1923
1903
1894
1926
1910
1927
1897
1922
1918
1892
1932
1927
1892
1924
1929
1893
1886
1930
1917
1917
1896
1885
1911
1898
1916
1921
1918
1929
1925
1922
1895
1920
1889
1915
1919
1918
1884
1880
