1921
1917
1926
1913
1904
1908
1906
1932
1938
1898
1922
1916
1884
1909
1905
1918
1924
1900
1903
1903
1909
1919
1884
1917
1923
1929
1904
1925
1910
1921
1914
1899
1899
1927
1923
1898
1929
1902
1874
1868
1889
1912
1897
1924
1910
1926
1895
1901
1924
1935
1899
1887
1900
1899
1928
1908
1928
1929
1903
1894
1933
1924
1894
1907
1909
1938
1904
1893
1893
1927
1925
1922
1897
1921
1894
1907
1875
1906
1906
1934
1909
1895
1937
1907
1906
1908
1867
1926
1905
1928
1889
1887
1907
1906
1931
1903
1933
1908
1907
1909
1907
1905
1898
1924
1928
1916
1908
1935
1908
1918
1910
1900
1903
