1903
1903
1900
1900
1900
1900
1885
1885
1939
1939
1870
1870
1877
1877
1913
1913
1911
1911
1911
1911
1908
1908
1932
1932
1901
1901
1900
1900
1935
1935
1900
1900
1900
1900
1904
1904
1895
1895
1903
1903
1913
1913
1939
1939
1914
1914
1920
1920
1886
1886
1926
1926
1925
1925
1883
1883
1925
1925
1889
1889
1896
1896
1891
1891
1930
1930
1916
1916
1897
1897
1894
1894
1924
1924
1887
1887
1910
1910
1940
1940
1937
1937
1880
1880
1909
1909
1907
1907
1931
1931
1928
1928
1884
1884
1894
1894
1908
1908
1930
1930
1884
1884
1912
1912
1939
1939
1865
1865
1865
1865
1897
1897
1891
1891
1930
1930
1926
1926
1923
1923
1932
1932
1900
1900
1905
1905
1917
1917
1920
1920
1937
1937
1913
1913
1874
1874
1930
1930
1914
1914
1904
1904
1902
1902
1900
1900
1904
1904
1930
1930
1936
1936
1937
1937
1906
1906
1886
1886
1908
1908
1912
1912
1892
1892
1918
1918
1921
1921
1913
1913
1922
1922
1908
1908
1900
1900
1932
1932
1908
1908
1927
1927
1924
1924
1935
1935
1902
1902
1898
1898
1902
1902
1934
1934
1922
1922
1906
1906
1920
1920
1936
1936
1909
1909
1902
1902
1891
1891
1931
1931
1901
1901
1907
1907
1914
1914
1899
1899
1899
1899
1925
1925
1880
1880
1880
1880
1916
1916
1940
1940
1900
1900
1888
1888
1932
1932
1926
1926
1900
1900
1891
1891
1929
1929
1926
1926
1859
1859
1894
1894
1930
1930
1902
1902
1887
1887
1880
1880
1928
1928
1893
1893
1926
1926
1928
1928
1914
1914
1930
1930
1910
1910
1938
1938
1905
1905
1932
1932
1908
1908
1874
1874
1902
1902
1883
1883
1883
1883
1913
1913
1923
1923
1914
1914
1892
1892
1885
1885
1908
1908
1912
1912
1901
1901
1923
1923
1899
1899
1893
1893
1923
1923
1878
1878
1886
1886
1875
1875
1906
1906
1927
1927
1900
1900
1912
1912
1933
1933
1938
1938
1919
1919
1899
1929
1909
1899
1909
1929
1883
1883
1931
1931
1903
1903
1904
1904
1913
1913
1913
1913
1874
1874
1920
1920
1899
1899
1922
1922
1902
1902
1935
1935
1929
1929
1930
1930
1882
1882
1916
1916
1939
1939
1888
1888
1924
1924
1913
1913
1913
1913
1911
1911
1907
1907
1910
1910
1932
1932
1928
1928
1932
1932
1926
1926
1927
1927
1924
1924
1891
1891
1926
1926
1933
1933
1931
1931
1899
1899
1901
1901
1925
1925
1909
1909
1911
1911
1893
1893
1900
1900
1928
1928
1896
1896
1892
1892
1924
1924
1911
1911
1912
1912
1890
1890
1907
1907
1931
1931
1904
1904
1905
1905
1880
1880
1892
1892
1905
1905
1911
1911
1934
1934
1938
1938
1908
1908
1885
1885
1923
1923
1883
1883
1893
1893
1929
1929
1903
1903
1925
1925
1906
1906
1881
1881
1878
1878
1902
1902
