1936
1936
1939
1905
1860
1898
1935
1906
1872
1909
1915
1914
1914
1873
1930
1904
1927
1934
1908
1887
1913
1935
1898
1900
1909
1878
1939
1904
1930
1936
1895
1928
1927
1935
1933
1904
1896
1939
1896
1930
1894
1897
1903
1909
1882
1879
1931
1913
1924
1880
1917
1866
1937
1907
1905
1932
1878
1878
1905
1904
1916
1880
1921
1882
1917
1922
1888
1895
1927
1898
1898
1872
1877
1907
1925
1904
1918
1886
1921
1918
1910
1926
1884
1925
1889
1930
1900
1930
1928
1926
1914
1915
1892
1932
1920
1922
1924
1930
1892
1918
1936
1932
1898
1910
1937
1934
1932
1906
1931
1922
1882
1915
1882
1885
1896
1910
1909
1939
1928
1933
1901
1890
1907
1906
1932
1938
1896
1924
1899
1936
1926
1931
1923
1883
1883
1921
1896
1887
1922
1923
1891
1889
1928
1926
1929
1928
1902
1904
1914
1863
1888
1918
1910
1932
1931
1876
1907
1884
1910
1933
1901
1870
1912
1908
1937
1904
1932
1903
1938
1908
1936
1920
1908
1914
1882
1873
1940
1913
1875
1875
1873
1880
1885
1894
1928
1929
1931
1893
1890
1922
1926
1924
1909
1890
1884
1861
1896
1887
1890
