1911
1898
1927
1902
1909
1935
1933
1898
1927
1928
1924
1939
1906
1905
1916
1872
1912
1895
1886
1924
1915
1920
1920
1923
1885
1936
1916
1931
1892
1912
1910
1912
1940
1938
1911
1895
1930
1926
1897
1916
1913
1908
1907
1898
1928
1904
1927
1901
1928
1918
1880
1913
1930
1906
1902
1928
1933
1935
1904
1922
1886
1919
1886
1910
1911
1939
1930
1930
1929
1938
1930
1927
1901
1908
1908
1925
1912
1923
1918
1911
1910
1935
1909
1915
1938
1897
1927
1922
1930
1923
1896
1888
1915
1922
1925
1895
1894
1917
1938
1906
1916
1908
1936
1902
1909
1903
1911
1874
1902
1931
1928
1923
1935
1930
1929
1897
1930
1910
1915
1889
1924
1927
1890
1925
1903
1922
1879
1885
1920
1884
1877
1904
1898
1898
1924
1926
1912
1872
1914
1900
1909
1884
1906
1891
1920
1914
1912
1923
1879
1885
1926
1906
1910
1902
1927
1887
1901
1887
1887
1921
1896
1926
1918
1881
1878
1941
1916
1907
1923
1924
1922
1931
1908
1925
1902
1902
1923
1856
1913
1880
1881
