1884
1884
1927
1927
1906
1906
1884
1884
1896
1896
1922
1922
1918
1918
1929
1929
1931
1931
1912
1912
1911
1911
1919
1919
1909
1909
1940
1940
1909
1909
1908
1908
1912
1912
1888
1888
1928
1928
1930
1930
1891
1891
1890
1890
1923
1923
1916
1916
1912
1912
1912
1912
1913
1913
1926
1926
1915
1915
1926
1926
1908
1908
1903
1903
1899
1899
1881
1881
1915
1915
1910
1911
1910
1911
1901
1901
1943
1943
1880
1880
1925
1925
1922
1922
1927
1927
1893
1893
1932
1932
1929
1929
1878
1878
1892
1892
1908
1908
1922
1922
1930
1930
1892
1892
1894
1894
1904
1904
1888
1888
1907
1907
1911
1911
1909
1909
1926
1926
1923
1923
1900
1900
1927
1927
1906
1906
1915
1915
1940
1940
1937
1937
1911
1911
1909
1909
1891
1891
1879
1879
1919
1919
1910
1910
1900
1900
1929
1929
1924
1924
1926
1926
1920
1920
1916
1916
1909
1909
1930
1930
1933
1933
1911
1911
1915
1915
1899
1899
1904
1904
1910
1910
1876
1876
1874
1874
1912
1912
1913
1913
1919
1919
1908
1908
1922
1922
1919
1919
1921
1921
1902
1902
1914
1914
1888
1888
1917
1917
1920
1920
1923
1923
1913
1913
1915
1915
1914
1914
1894
1894
1934
1934
1906
1906
1919
1919
1903
1903
1890
1890
1890
1890
1920
1920
1929
1929
1909
1909
1882
1882
1923
1923
1921
1921
1908
1908
1921
1921
1885
1885
1925
1925
1910
1910
1916
1916
1935
1935
1905
1905
1932
1932
1906
1906
1938
1938
1894
1894
1896
1896
1921
1921
1918
1918
1917
1917
1922
1922
1894
1894
1889
1889
1905
1905
1930
1930
1900
1900
1930
1930
1925
1925
1902
1902
1892
1892
1915
1915
1924
1924
1898
1898
1902
1902
1927
1927
1929
1929
1931
1931
1905
1905
1890
1890
1908
1908
