1894
1894
1892
1892
1887
1887
1904
1904
1920
1920
1926
1926
1883
1883
1888
1888
1915
1915
1923
1923
1889
1889
1862
1862
1913
1913
1939
1939
1907
1907
1880
1880
1911
1911
1896
1896
1926
1926
1903
1903
1932
1932
1939
1939
1933
1933
1904
1904
1906
1906
1927
1927
1917
1917
1874
1874
1913
1913
1875
1875
1894
1894
1923
1923
1929
1929
1921
1921
1914
1914
1925
1925
1913
1913
1910
1892
1910
1892
1919
1919
1880
1880
1874
1874
1915
1915
1886
1886
1915
1915
1885
1885
1925
1925
1920
1920
1917
1917
1922
1922
1927
1927
1885
1885
1917
1917
1882
1882
1883
1883
1914
1914
1881
1881
1909
1909
1938
1938
1874
1874
1911
1911
1890
1890
1935
1935
1936
1936
1912
1912
1908
1908
1908
1908
1931
1931
1929
1929
1906
1906
1909
1909
1895
1895
