1908
1893
1928
1931
1898
1881
1914
1918
1923
1919
1879
1909
1932
1886
1914
1922
1919
1907
1930
1905
1907
1935
1933
1932
1903
1908
1907
1891
1887
1900
1905
1894
1875
1911
1862
1884
1867
1931
1910
1909
1903
1891
1897
1927
1899
1931
1926
1911
1939
1907
1878
1904
1910
1934
1908
1936
1928
1898
1932
1924
1889
1921
1930
1902
1910
1936
1935
1939
1933
1906
1932
1905
1940
1936
1906
1906
1909
1890
1858
1891
1897
1897
1930
1927
1925
1928
1905
1927
1901
1931
1897
1900
1930
1925
1899
1892
1905
1935
1909
1934
1940
1908
1911
1939
1936
1911
1905
1934
1907
1931
1905
1907
1900
1940
1867
1866
1926
1919
1883
1881
1907
1938
1871
1893
1899
1925
1900
1876
1896
1912
1888
1880
1876
1912
1917
1925
1911
1933
1897
1927
1892
1929
1862
1889
1926
1888
1901
1870
1917
1914
1922
1884
1925
1880
1886
1922
1882
1872
1928
1889
1888
1907
1895
1937
1892
1893
1916
1918
1919
1908
1908
1932
1905
1903
1881
1896
1926
1894
1908
1908
1934
1891
1918
1890
1921
1924
1883
1879
1914
1918
1920
1910
1908
1931
1928
1935
1909
1934
1900
1900
1925
1864
1899
1889
1892
1909
1931
1907
1936
1933
1902
1939
1913
1894
1897
1898
1872
1900
1899
1926
1915
1909
1896
1907
1887
1896
1901
1926
1871
1935
1898
1875
1900
1885
1873
1937
1908
1908
1907
1886
1855
1899
1918
1912
1904
1900
1901
1936
1905
1908
1911
1915
1911
1922
1889
1882
1919
1923
1900
1939
1893
1853
1910
1928
1925
1887
1900
1882
1885
1902
1871
1897
1933
1902
1929
1911
1878
1880
1904
1928
1889
1893
1915
1925
1929
1898
1913
1904
1919
1910
1902
1933
1877
1939
1870
1898
1927
1893
1925
1932
1897
1895
1894
1924
1921
1868
1907
1940
1935
1938
1913
1910
1911
1934
1933
1906
1909
1884
1915
1937
1936
1884
1917
1922
1881
1878
1940
1936
1932
1903
1903
1905
1910
1908
1926
1900
1870
1923
1893
1920
1879
1925
1876
1870
1901
1899
1867
1907
1939
1918
1905
1927
1921
1895
1922
1930
1924
1928
1919
1860
1895
1927
1935
1906
1906
1936
1925
1888
1922
1939
1908
1915
1906
1939
1906
1900
1891
1888
1903
1933
1898
1874
1889
1889
1896
1893
1894
1902
1936
1926
1932
1934
1924
1888
1899
1926
1922
1923
1894
1896
1883
1892
1914
1912
1928
1929
1936
1926
1898
1894
1921
1923
1919
1901
1907
1908
1894
1928
1888
1926
1929
1914
1914
1895
1894
1929
1932
1936
1907
1907
1891
1933
1902
1917
1901
1892
