1933
1932
1932
1934
1932
1933
1933
1933
1932
1932
1933
1932
1933
1933
1933
1933
1933
1931
1933
1933
1933
1932
1932
1933
1932
1933
1932
1932
1934
1931
1932
1932
1932
1933
1931
1931
1932
1932
1933
1932
1930
1931
1932
1932
1930
1933
1929
1930
1932
1932
1931
1930
1933
1933
1931
1932
1933
1931
1933
1930
1933
1932
1932
1932
1932
1933
1934
1933
1934
1933
1933
1933
1933
1931
1933
1933
1932
1933
1932
1933
1933
1932
1931
1933
1933
1930
1933
1932
1934
1931
1933
1932
1933
1931
1933
1933
1933
1932
1932
1932
1930
