1920
1927
1894
1904
1940
1913
1913
1925
1897
1930
1928
1893
1886
1930
1922
1901
1901
1904
1919
1922
1940
1930
1932
1897
1917
1926
1901
1885
1926
1925
1902
1934
1929
1939
1905
1904
1885
1888
1919
1920
1922
1911
1933
1938
1907
1935
1912
1933
1935
1933
1904
1905
1880
1942
1914
1909
1900
1918
1916
1891
1917
1927
1889
1925
1888
1888
1923
1919
1857
1915
1893
1920
1934
1919
1933
1906
1907
1875
1870
1915
1888
1908
1880
1908
1939
1909
1909
1931
1902
1924
1894
1896
1928
1905
1880
1881
1885
1910
1913
1941
1886
1911
1905
1910
1917
1893
1891
1926
1899
1865
1894
1920
1894
1912
1881
1912
1897
1915
1931
1893
1923
1897
1895
1924
1934
1904
1905
1867
1914
1904
1924
1935
1922
1873
1896
1893
1914
1924
1925
1896
1894
1928
1932
1903
1931
1904
1920
