1917
1917
1880
1880
1914
1914
1868
1868
1904
1904
1898
1898
1910
1910
1897
1897
1899
1899
1926
1926
1896
1896
1868
1868
1868
1868
1908
1908
1908
1908
1910
1910
1910
1910
1878
1878
1878
1878
1900
1900
1900
1900
1900
1900
1900
1900
1900
1900
1900
1900
1900
1900
1900
1900
1916
1916
1916
1916
1876
1876
1872
1872
1915
1915
1883
1883
1924
1924
1921
1921
1877
1877
1911
1911
1905
1905
1922
1922
1885
1885
1927
1927
1920
1920
1916
1916
1924
1924
1918
1918
1899
1899
1938
1938
1905
1905
1900
1900
1900
1900
1936
1936
1936
1936
1900
1900
1900
1900
1932
1932
1932
1932
1911
1911
1880
1880
1885
1885
1901
1901
1901
1901
1930
1930
1930
1930
1907
1907
1907
1907
1898
1898
1895
1895
1895
1895
1898
1898
1937
1937
1910
1910
1885
1885
1914
1914
1908
1908
1860
1860
1878
1878
1895
1895
1928
1928
1931
1931
1923
1923
1929
1929
1925
1925
1886
1886
1913
1913
1917
1917
1871
1871
1869
1869
1865
1865
1919
1919
1879
1879
1938
1938
1900
1910
1900
1910
1900
1910
1900
1910
1874
1874
1930
1930
1900
1900
1939
1939
1904
1904
1928
1928
1900
1900
1850
1850
1928
1928
1933
1933
1940
1940
1938
1938
1903
1903
1902
1902
1929
1929
1905
1905
1880
1880
1894
1894
1886
1886
1922
1922
1886
1886
1917
1917
1912
1912
1919
1919
1921
1921
1913
1913
1920
1920
1887
1887
1923
1923
1888
1888
1905
1905
1910
1910
1905
1905
1901
1901
1868
1868
1908
1908
1915
1915
1915
1915
1883
1883
1883
1883
1883
1883
1883
1883
1928
1928
1888
1888
1928
1928
1900
1900
1868
1868
1870
1870
1909
1909
1928
1928
1900
1900
1910
1910
1903
1903
