1876
1886
1905
1916
1872
1892
1924
1924
1909
1908
1939
1881
1923
1873
1909
1883
1911
1895
1936
1912
1908
1876
1908
1892
1914
1889
1922
1912
1937
1910
1920
1935
1911
1912
1925
1919
1922
1920
1924
1913
1933
1877
1875
1931
1895
1901
1880
1893
1885
1882
1909
1905
1935
1891
1925
1888
1898
1876
1908
1902
1913
1913
1913
1935
1904
1939
1908
1896
1893
1888
1910
1926
1922
1900
1930
1928
1914
1914
1910
1926
1898
1912
1916
1890
1881
1934
1938
1937
1933
1904
1906
1902
1925
1926
1928
1900
1901
1899
1935
1937
1931
1901
1908
1910
1926
1940
1909
1875
1898
1912
1923
1899
1926
1900
1873
1933
1924
1923
1878
1882
1881
1919
1883
1908
1920
1915
1891
1889
1920
1918
1912
1924
1913
1914
1894
1896
1926
1923
1913
1892
1900
1928
1918
1907
1882
1920
1882
1914
1940
1900
1892
1914
1890
1882
1877
1916
1917
1904
1899
1940
1939
1915
1897
1912
1933
1924
1937
1943
1917
1894
1893
1937
1920
1914
1932
1895
1919
1925
1896
1937
1912
1933
1916
1910
1897
1899
1932
1928
1902
1909
1930
1895
1910
1922
1894
1922
1928
1891
1916
1930
1938
1906
1901
1928
1925
1911
1889
1910
1920
1916
1929
1891
1892
1924
1915
1929
1923
1906
1927
1920
1890
1900
1904
1908
1907
1925
1907
1912
1938
1934
1903
1902
1901
1912
1939
1920
1922
1913
1890
1927
1898
1927
1932
1928
1895
1899
1887
1925
1920
1867
1891
1916
1880
1875
1936
1908
1920
1880
1912
1914
1912
1939
1933
1931
1939
1898
1934
1916
1902
1938
1912
1910
1910
1914
1884
1923
1917
1888
1914
1897
1933
1907
1899
1875
1891
1923
1924
1927
1924
1909
1873
1912
1910
1912
1903
1939
1886
1897
1922
1922
1885
1881
1910
1893
1882
1909
1909
1903
1878
1909
1939
1936
1932
1905
1902
1928
1903
1932
1902
1896
1929
1906
1936
1902
1889
1917
1915
1924
1901
1884
1919
1915
1919
1918
1912
1866
1909
1877
1907
1901
1905
1934
1898
1893
1924
1924
1938
1877
1881
1939
1914
1910
1896
1908
1917
1912
1875
1912
1907
1906
1898
1907
1875
1921
1888
1916
1888
1920
1940
