1919
1920
1923
1901
1909
1928
1924
1921
1925
1925
1920
1912
1913
1916
1920
1919
1921
1920
1923
1921
1925
1920
1912
1923
1927
1923
1920
1918
1913
1912
1906
1920
1923
1914
1921
1918
1907
1885
1920
1922
1922
1915
1925
1920
1923
1920
1926
1921
1917
1923
1912
1919
1924
1897
1921
1917
1920
1923
1921
1920
1916
1921
1921
1917
1913
1920
1913
1924
1898
1921
1920
1920
1925
1905
1909
1924
1905
1920
1924
1918
1923
1923
1925
1912
1923
1920
1923
1924
1919
1924
1920
1920
1919
1921
1907
1919
1919
1921
1900
1921
1925
1923
1909
1917
1924
1924
1925
1912
1926
1927
1921
1925
1924
1908
1921
1915
1912
1921
1921
1912
1925
1918
1920
1925
1924
1923
1923
1923
1924
1896
1915
1923
1911
