1914
1917
1913
1914
1916
1902
1905
1904
1899
1933
1898
1940
1930
1891
1928
1908
1921
1911
1888
1929
1925
1917
1922
1907
1929
1931
1905
1908
1931
1910
1909
1905
1922
1926
1901
1910
1908
1907
1900
1924
1909
1923
1898
1906
1904
1935
1900
1930
1933
1937
1905
1934
1898
1918
1905
1926
1908
1909
1917
1918
1904
1910
1933
1919
1923
1904
1939
1928
1901
1898
1924
1932
1898
1929
1911
1922
1899
1912
1898
1913
1914
1909
1916
1910
1893
1930
1891
1922
1914
1891
1906
1894
1911
1922
1919
1924
1927
1907
1914
1919
1883
1939
1890
1909
1925
1919
1927
1904
1910
1917
1914
1922
1898
1929
1923
1906
1921
1921
1920
1926
1929
1895
1928
1899
1900
1929
1927
1900
1924
1937
1912
1925
1900
1912
1913
1918
1908
1917
1932
1907
1905
1912
1938
1909
1928
1907
1898
1901
1896
1927
1919
1914
1916
1929
1926
1911
1923
1922
1913
1920
1911
1911
1905
1903
1921
1923
1923
1925
1887
1929
1922
1895
1920
1918
1888
1917
1926
1912
1909
1916
1910
1919
1914
1939
1908
1908
1944
1924
