1894
1901
1910
1929
1901
1903
1937
1933
1907
1917
1919
1921
1893
1925
1914
1921
1897
1899
1888
1901
1927
1927
1924
1916
1907
1923
1897
1911
1917
1921
1893
1895
1923
1925
1931
1899
1919
1911
1923
1897
1916
1891
1922
1924
1889
1917
1894
1923
1917
1939
1902
1933
1913
1911
1940
1914
1941
1876
1898
1899
1933
1925
1893
1924
1893
1919
1923
1907
1935
1912
1882
1914
1925
1940
1916
1919
1887
1917
1924
1927
1925
1895
1928
1918
1924
1911
1890
1924
1921
1923
1925
1896
1932
1922
1941
1893
1921
1930
1924
1928
1926
1915
1939
1910
1922
1928
1896
1923
1896
1896
1882
1899
1903
1901
1904
1932
1936
1892
1928
1916
1926
1896
1910
1932
1931
1903
1924
1925
1920
1911
1909
1912
1894
1935
1937
1896
1926
1922
1924
1896
1921
1928
1881
1923
1893
1921
1920
1895
1924
1943
1916
1916
1905
1940
1914
1914
1939
1944
1914
1938
1914
1909
1925
1916
1913
1911
1938
1936
1916
1912
1937
1937
1906
1906
1933
1878
1917
1910
1918
1879
1912
1899
1919
1929
1896
1908
1900
1927
1924
1906
1915
1922
1912
