1919
1919
1907
1907
1934
1934
1940
1940
1912
1912
1914
1914
1884
1884
1892
1892
1907
1907
1903
1903
1878
1878
1936
1936
1924
1924
1904
1904
1897
1897
1908
1908
1912
1912
1914
1914
1890
1890
1920
1920
1894
1894
1920
1920
1916
1916
1944
1944
1918
1918
1902
1902
1902
1902
1902
1902
1914
1914
1913
1913
1876
1876
1916
1916
1900
1900
1929
1929
1902
1902
1884
1884
1914
1914
1916
1916
1901
1901
1920
1920
1916
1916
1891
1891
1924
1924
1891
1891
1914
1914
1896
1896
1894
1894
1921
1921
1926
1926
1905
1905
1929
1929
1923
1923
1911
1911
1912
1912
1898
1898
1878
1878
1930
1930
1879
1879
1917
1917
1906
1906
1901
1901
1906
1906
1937
1937
1899
1899
1944
1944
1907
1907
1930
1930
1933
1933
1901
1901
1908
1908
1933
1933
1910
1910
1914
1914
1920
1920
1903
1903
1897
1897
1911
1911
1897
1897
1914
1914
1913
1913
1896
1896
1931
1931
1920
1920
1927
1927
1920
1920
1923
1923
1900
1900
1884
1884
1924
1924
1915
1915
1921
1921
1898
1898
1927
1927
1923
1923
1925
1925
1913
1913
1906
1906
1939
1939
1932
1932
1923
1923
1916
1916
1895
1895
1921
1921
1897
1897
1940
1940
1933
1933
1937
1937
1910
1910
1906
1906
1875
1875
1909
1909
1906
1906
1922
1922
1904
1904
1935
1935
1910
1910
1934
1934
1905
1905
1934
1934
1907
1907
1937
1937
1907
1907
1926
1926
1909
1909
1904
1904
1894
1894
1902
1902
1916
1916
1934
1934
1939
1939
1894
1894
1896
1896
1927
1927
1900
1900
1900
1900
1922
1922
1926
1926
1882
1882
1892
1892
1893
1893
1929
1929
1929
1929
1891
1891
1925
1925
1930
1930
1918
1918
1931
1931
1937
1937
1911
1911
1908
1908
1920
1920
1916
1916
1909
1909
1920
1920
1892
1892
1882
1882
1886
1886
1886
1886
1896
1896
1908
1908
1920
1920
1898
1898
1892
1892
1925
1925
1918
1918
1888
1888
1922
1922
1920
1920
1891
1891
1900
1900
1933
1933
1929
1929
1896
1896
1928
1928
1926
1926
1903
1903
1918
1918
1928
1928
1935
1935
1902
1902
1932
1932
1906
1906
1907
1907
1909
1909
1938
1938
1902
1902
1904
1904
1926
1926
1928
1928
1932
1932
1905
1905
