1933
1905
1930
1901
1901
1936
1908
1924
1894
1920
1890
1928
1904
1907
1868
1906
1932
1934
1911
1936
1903
1940
1873
1885
1890
1919
1916
1912
1897
1898
1934
1929
1864
1903
1862
1874
1905
1874
1892
1885
1911
1900
1930
1935
1925
1923
1894
1898
1927
1931
1895
1937
1928
1930
1899
1902
1926
1933
1936
1875
1904
1909
1911
1869
1925
1886
1911
1886
1913
1903
1929
1933
1915
1938
1899
1932
1927
1900
1903
1903
1931
1917
1897
1899
1903
1906
1904
1940
1908
1907
1939
1911
1894
1894
1920
1898
1921
1908
1902
1933
1937
1929
1889
1929
1896
1933
1890
1919
1895
1889
1924
1893
1931
1903
1906
1926
1894
1908
