1879
1907
1903
1898
1898
1938
1910
1910
1907
1912
1913
1910
1924
1923
1887
1925
1888
1915
1918
1913
1906
1875
1922
1878
1873
1908
1913
1878
1935
1906
1930
1922
1888
1934
1917
1919
1868
1868
1909
1911
1908
1905
1926
1902
1903
1919
1913
1939
1908
1902
1902
1897
1897
1904
1925
1937
1931
1928
1909
1917
1934
1883
1937
1925
1939
1905
1922
1923
1920
1936
1906
1918
1921
1885
1918
1921
1889
1915
1913
1925
1939
1910
1915
1907
1932
1899
1934
1884
1933
1901
1928
1904
1874
1932
1929
1878
1910
1908
1937
1924
1880
1919
1880
1917
1903
1907
1937
1880
1929
1887
1902
1876
1918
1904
1933
