1869
1900
1893
1928
1931
1898
1914
1918
1923
1912
1908
1883
1895
1903
1906
1938
1904
1919
1915
1909
1875
1874
1886
1914
1919
1922
1932
1907
1930
1897
1933
1902
1905
1920
1907
1935
1933
1932
1903
1888
1891
1921
1908
1907
1881
1905
1911
1894
1872
1889
1897
1917
1914
1913
1884
1890
1902
1867
1898
1910
1909
1903
1898
1909
1943
1891
1897
1927
1899
1931
1926
1892
1924
1900
1878
1911
1939
1907
1902
1883
1909
1875
1938
1933
1906
1932
1905
1940
1936
1906
1919
1883
1893
1909
1926
1898
1894
1923
1923
1914
1888
1891
1882
1888
1912
1913
1897
1930
1927
1925
1897
1885
1928
1905
1927
1901
1931
1898
1900
1930
1938
1914
1910
1925
1899
1892
1935
1909
1880
1877
1871
1934
1897
1910
1939
1936
1934
1907
1931
1905
1879
1907
1866
1867
1935
1903
1898
1883
1926
1895
1926
1929
1934
1883
1914
1881
1907
1913
1917
1907
1912
1938
1871
1893
1899
1925
1900
1876
1896
1912
1880
1912
1891
1929
1876
1883
1917
1894
1919
1925
1919
1917
1927
1890
1891
1918
1873
1878
1892
1903
1911
1897
1906
1938
1933
1929
1897
1927
1892
1860
1901
1895
1888
1870
1917
1914
1942
1925
1880
1884
1914
1928
1886
1922
1882
1943
1889
1907
1888
1906
1932
1898
1892
1916
1918
1919
1891
1890
1921
1924
1921
1908
1908
1917
1895
1903
1932
1905
1893
1890
1913
1879
1914
1920
1908
1908
1934
1908
1906
1879
1928
1925
1935
1909
1900
1931
1928
1934
1900
1925
1910
1908
1913
1899
1932
1907
1936
1933
1902
1913
1939
1919
1894
1897
1897
1886
1890
1923
1919
1917
1905
1898
1874
1900
1899
1926
1909
1915
1896
1907
1897
1908
1908
1877
1919
1914
1875
1913
1896
1901
1926
1885
1873
1899
1918
1901
1914
1894
1916
1934
1901
1904
1936
1904
1940
1911
1915
1923
1931
1893
1929
1885
1878
1879
1883
1926
1924
1922
1879
1909
1882
1918
1928
1892
1887
1905
1893
1928
1925
1887
1900
1900
1939
1910
1876
1932
1896
1882
1885
1913
1920
1933
1902
1929
1897
1928
1893
1915
1904
1906
1919
1889
1924
1890
1915
1889
1927
1928
1870
1898
1917
1910
1933
1922
1877
1940
1935
1870
1893
1898
1879
1927
1893
1925
1932
1897
1924
1895
1894
1921
1916
1907
1886
1902
1938
1910
1913
1933
1933
1918
1911
1916
1897
1906
1936
1925
1888
1939
1908
1915
1905
1926
1925
1900
1901
1907
1899
1867
1908
1940
1881
1878
1940
1905
1910
1925
1907
1933
1928
1904
1876
1939
1905
1927
1921
1898
1922
1930
1924
1928
1919
1895
1927
1935
1906
1906
1917
1909
1884
1915
1937
1936
1884
1917
1922
1888
1899
1926
1922
1923
1894
1896
1883
1892
1939
1906
1900
1907
1917
1878
1904
1886
1889
1891
1888
1877
1889
1889
1902
1928
1926
1929
1924
1936
1893
1894
1920
1885
1889
1923
1896
1905
1929
1923
1911
1912
1914
1912
1909
1904
1910
1934
1908
1936
1922
1919
1919
1938
1934
1903
1936
1907
1915
1913
1908
1928
1926
1894
1929
1914
1903
1933
1898
1914
1895
1894
1929
1932
1936
1907
1913
1921
1920
1898
1928
1932
1924
1889
1930
1926
1907
1933
1902
1891
1917
1892
