1944
1944
1912
1912
1902
1924
1932
1936
1925
1926
1944
1920
1923
1923
1913
1913
1898
1898
1886
1886
1924
1924
1944
1887
1887
1913
1932
1930
1932
1930
1913
1900
1900
1906
1906
1913
1913
1902
1902
1913
1913
1936
1936
1913
1935
1935
1921
1921
1933
1933
1925
1924
1917
1917
1918
1918
1925
1925
1903
1903
1897
1924
1911
1892
1893
1902
1928
1906
1908
1914
1915
1915
1923
1892
1892
1926
1926
1894
1894
1931
1931
1923
1929
1929
1919
1919
1921
1921
1925
1925
1930
1905
1932
1905
1920
1920
1911
1911
1869
1869
1907
1907
1878
1878
1929
1929
1928
1918
1915
1915
1932
1905
1905
1936
1930
1934
1941
1930
1930
1903
1903
1935
1935
1916
1941
1941
1937
1937
1908
1908
1909
1909
1884
1884
1938
1938
1906
1906
1930
1905
1932
1905
1920
1916
1916
1922
1922
1944
1944
1934
1934
1937
1937
1909
1909
1941
1941
1923
1899
1926
1895
1928
1941
1913
1908
1908
1904
1904
1914
1914
1924
1921
1921
1910
1940
1885
1885
1913
1913
1908
1908
1902
1884
1884
1915
1915
1910
1910
1910
1910
1907
1893
1922
1922
1877
1891
1922
1922
1911
1911
1906
1907
1905
1901
1899
1899
1922
1922
