1898
1898
1897
1897
1918
1918
1924
1924
1914
1914
1873
1873
1877
1877
1904
1904
1906
1906
1930
1930
1912
1912
1914
1914
1922
1922
1883
1883
1887
1887
1910
1910
1888
1888
1911
1911
1916
1916
1923
1923
1921
1921
1927
1927
1932
1932
1908
1908
1938
1938
1935
1935
1910
1910
1929
1929
1894
1894
1899
1899
1923
1923
1934
1934
1932
1932
1909
1909
1909
1909
1936
1936
1886
1886
1930
1930
1924
1924
1890
1890
1922
1922
1903
1903
1878
1878
1900
1900
1880
1880
1921
1921
1887
1887
1929
1929
1925
1925
1907
1907
1919
1919
1916
1916
1926
1926
1883
1883
1878
1878
1911
1911
1874
1874
1887
1887
1912
1912
1880
1880
1921
1921
1880
1880
1924
1924
1939
1939
1905
1905
1916
1916
1909
1909
1913
1913
1909
1909
1920
1920
1925
1925
1892
1892
1927
1927
1876
1876
1915
1915
1876
1876
1868
1868
1875
1875
1904
1904
1898
1898
1909
1909
1909
1909
1931
1931
1928
1928
1897
1897
1930
1930
1901
1901
1901
1901
1899
1899
1897
1897
1934
1934
1929
1929
1901
1901
1906
1906
1909
1909
1932
1932
1896
1896
1928
1928
1935
1935
1925
1925
1896
1896
1881
1881
1882
1882
1912
1912
1940
1940
1907
1907
1910
1910
1938
1938
1911
1911
1900
1900
1926
1926
1897
1897
1924
1924
1926
1926
1888
1888
1935
1935
1933
1933
1931
1931
1876
1876
1929
1929
1890
1890
1919
1919
1927
1927
1922
1922
1924
1924
1882
1882
1935
1935
1870
1870
1935
1935
1899
1899
1899
1899
1916
1916
1860
1860
1886
1886
1893
1893
1863
1863
1934
1934
1902
1902
1936
1936
1907
1907
1919
1919
1921
1921
1883
1883
1883
1883
1924
1924
1923
1923
1914
1914
1887
1887
1886
1886
1896
1896
1929
1929
1930
1930
1897
1897
1936
1936
1939
1939
1906
1906
1911
1911
1908
1908
1894
1894
1928
1928
1894
1894
1927
1927
1916
1916
1929
1929
1920
1920
1885
1885
1885
1885
1903
1903
1930
1930
1933
1933
1936
1936
1902
1902
1902
1902
1930
1930
1924
1924
1926
1926
1889
1889
1922
1922
1934
1934
1903
1903
1912
1912
1902
1902
1926
1926
1936
1936
1928
1928
1932
1932
1904
1904
