1929
1923
1895
1908
1890
1916
1922
1883
1907
1914
1924
1927
1905
1930
1876
1900
1937
1875
1876
1898
1899
1933
1937
1904
1906
1939
1893
1926
1930
1878
1915
1918
1924
1896
1873
1933
1929
1932
1899
1927
1924
1906
1906
1925
1914
1884
1887
1903
1926
1928
1925
1921
1896
1891
1896
1887
1863
1865
1937
1913
1890
1924
1920
1930
1894
1931
1887
1920
1886
1899
1929
1868
1897
1925
1927
1932
1898
1907
1907
1915
1869
1934
1900
1937
1934
1927
1900
1928
1872
1942
1867
1894
1936
1931
1932
1943
1871
1937
1906
1907
1908
1933
1926
1926
1907
1917
1908
1928
1941
1911
1906
1925
1918
1915
1879
1920
1892
1896
1925
1922
1892
1892
1911
1912
1907
1912
1879
1911
1937
1876
1907
1899
1876
1926
1887
1928
1890
1873
1913
1915
1876
1913
1885
1892
1931
1894
1922
1897
1926
1916
1894
1912
1921
1924
1877
1878
1935
1933
1939
1919
1913
1914
1885
1916
1882
1908
1868
1921
1921
1925
1918
1918
1879
1916
1916
1929
1888
1909
1934
1909
1939
1873
1868
1868
1887
1909
1917
1917
1916
1899
1935
1930
1899
1912
1909
1916
1891
1887
1920
1922
1924
1881
1880
1931
1929
1913
1896
1924
1925
1891
1893
1924
1926
1883
1882
1906
1904
1883
1909
1875
1903
1923
1926
1924
1898
1890
1890
1894
1929
1917
1920
1916
1923
1920
1906
1919
1938
1925
1929
1903
1936
1934
1932
1914
1877
1880
1913
1900
1892
1878
1931
1897
1928
1910
1913
1917
1925
1923
1924
1888
1888
1911
1912
1884
1894
1930
1927
1925
1924
1922
1886
1903
1941
1915
1920
1938
1886
1938
1912
1933
1926
1928
1889
1923
1921
1919
1890
1907
1909
1895
1889
1923
1895
1920
1931
1923
1873
1889
1920
1905
1900
1865
1909
1942
1900
1908
1911
1938
1892
1911
1880
1922
1909
1874
1924
1886
1878
1920
1906
1909
1875
1932
1914
1935
1933
1906
1937
1919
1873
1916
1873
1897
1930
1923
1925
1914
1879
1925
1883
1885
1932
1900
1924
1877
1903
