1913
1923
1888
1929
1919
1913
1883
1909
1926
1918
1925
1929
1884
1885
1912
1888
1909
1909
1909
1906
1929
1928
1905
1909
1907
1927
1916
1919
1924
1893
1902
1902
1917
1917
1912
1899
1902
1929
1918
1916
1916
1937
1911
1916
1916
1919
1919
1939
1921
1921
1887
1918
1926
1920
1922
1928
1916
1924
1913
1922
1901
1926
1929
1888
1894
1894
1930
1930
1922
1922
1902
1907
1931
1935
1927
1909
1876
1935
1919
1924
1922
1925
1925
1924
1904
1919
1920
1920
1927
1890
1936
1933
1898
1928
1899
1931
1934
1929
1908
1905
1933
1916
1913
1926
1922
1879
1884
1879
1937
1929
1906
1897
1936
1932
1914
1905
1909
1937
1912
1912
1900
1900
1911
1888
1938
1937
1913
1912
1898
1898
1929
1929
1916
1930
1923
1893
1893
1925
1925
1918
1918
1879
1879
1922
1882
1885
1916
1930
1923
1924
1924
1905
1922
1927
1910
1893
1924
1917
1917
1888
1888
1912
1912
1926
1913
1882
1924
1910
1917
1939
1932
1897
1927
1925
1934
1910
1878
1880
1908
1908
1931
1931
1902
1902
1931
1907
1938
1910
1933
