1899
1912
1911
1918
1901
1904
1907
1896
1908
1909
1913
1891
1915
1921
1904
1884
1905
1896
1905
1891
1894
1899
1897
1920
1905
1898
1918
1895
1898
1907
1897
1904
1907
1881
1899
1892
1899
1923
1892
1879
1914
1888
1898
1899
1909
1912
1901
1903
1907
1896
1907
1884
1889
1901
1912
1910
1921
1921
1895
1900
1907
1900
1907
1906
1912
1908
1899
1899
1902
1902
1895
1900
1901
1902
1905
1920
1901
1918
1899
1921
1901
1902
1900
1897
1891
1896
1908
1899
1909
1909
1907
1904
1895
1888
1909
1920
1897
1887
1913
1909
1889
1890
1897
1903
1918
1906
1908
1885
1902
1899
1894
1900
1888
1920
1905
1905
1900
1896
1896
1898
1887
1909
1909
1923
1885
1885
1902
1896
1905
1903
1888
1901
1899
1912
1912
1920
1903
1905
1901
1914
1922
1896
1908
1904
1906
1893
1907
1911
1922
1921
1910
1884
1897
1905
1896
1899
1912
1900
1915
1899
1898
1908
1908
1908
1889
1900
1897
1917
1917
1892
1900
1903
1902
1905
1894
1902
1894
1900
1898
1907
1888
1886
1907
1911
1891
1887
1896
1910
1915
1888
1903
1920
1910
1910
1906
1898
1879
1905
1886
1901
1906
1905
1888
1898
1919
1920
1895
1911
1887
1922
1894
1898
1917
1900
1912
1899
1901
1909
1908
1920
1899
1917
1904
1917
1901
1912
1920
1884
1913
1913
1911
1905
1901
1905
1901
1892
1907
1902
1904
1903
1902
1895
1910
1911
1911
1904
1888
1905
1894
1893
1913
1900
1896
1908
1899
1891
1890
1899
1901
1907
1896
1901
1910
1919
1891
1909
1896
1903
1902
1884
1900
1907
1899
1897
1915
1901
1891
1909
1908
1912
1917
1900
1904
1921
1897
1907
1904
1900
1908
1912
1908
1923
1909
1893
1890
1899
1906
1889
1908
1902
1915
1906
1894
1915
1906
1904
1902
1884
1906
1902
1909
1879
1904
1892
1900
1906
1883
1893
1901
1901
1908
1912
1904
1905
1906
1919
1901
1920
1910
1901
1895
1895
1891
1898
1907
1915
1898
1909
1901
1906
1913
1911
1918
1896
1907
1915
1902
1902
1903
1901
1909
1899
1908
1889
1907
1899
1907
1904
1908
1900
1887
1884
1895
1895
1896
1901
1904
1892
1909
1901
1896
1894
1899
1902
1909
1910
1887
1883
1920
1920
1917
1900
1906
1897
1908
1913
1897
1907
1921
1887
1913
1897
1890
1916
1901
1893
1913
1900
1901
1900
1901
1905
1909
1899
1919
1917
1891
1899
1897
1901
1897
1915
1909
1893
1886
1907
1901
1901
1890
1912
1891
1909
1907
1908
1894
1921
1915
1888
