1921
1921
1889
1889
1923
1923
1932
1932
1897
1897
1924
1924
1926
1926
1935
1935
1939
1939
1910
1910
1910
1910
1936
1936
1920
1920
1908
1908
1911
1911
1924
1924
1930
1930
1892
1892
1915
1915
1903
1903
1922
1925
1925
1922
1899
1899
1907
1907
1897
1897
1922
1922
1929
1929
1898
1898
1928
1928
1925
1925
1925
1925
1922
1922
1884
1884
1907
1907
1897
1897
1923
1923
1889
1889
1919
1919
1926
1926
1921
1921
1880
1880
1904
1904
1925
1925
1881
1881
1862
1862
1891
1891
1933
1933
1891
1891
1886
1886
1893
1893
1902
1902
1901
1901
1914
1914
1885
1885
1900
1900
1937
1937
1933
1933
1936
1936
1904
1904
1872
1872
1932
1932
1901
1901
1900
1900
1904
1904
1904
1904
1930
1930
1931
1931
1921
1921
1915
1915
1933
1933
1935
1935
1869
1869
1904
1904
1905
1905
1909
1909
