1935
1907
1912
1908
1897
1925
1934
1932
1934
1906
1923
1919
1911
1924
1922
1893
1897
1903
1928
1935
1907
1932
1923
1908
1922
1914
1926
1868
1903
1897
1919
1896
1929
1933
1905
1907
1936
1938
1906
1903
1902
1892
1923
1921
1904
1916
1884
1913
1898
1869
1869
1921
1915
1886
1921
1925
1912
1923
1932
1900
1900
1926
1932
1903
1911
1912
1906
1897
1923
1930
1929
1915
1911
1939
1919
1918
1912
1908
1942
1899
1913
1937
1902
1931
1932
1906
1919
1902
1898
1914
1926
1923
1925
1899
1912
1926
1929
1900
1902
1880
1887
1924
1893
1936
1926
1901
1929
1925
1888
1927
1924
1890
1886
1905
1925
1900
1908
1937
1926
1925
1909
1916
1907
1911
1889
1902
1908
1911
1903
1879
1935
1882
1910
1909
1936
1910
1922
1887
1885
1918
1873
1877
1908
1882
1903
1886
1896
1916
1885
1885
1881
1903
1920
1926
1894
1890
1929
1924
1887
1900
1903
1890
1926
1934
1938
1886
1902
1897
1918
1890
1922
1914
1924
1930
1898
1901
1924
1909
1910
1890
1888
1912
1879
1899
1914
1909
1918
1913
1914
1882
1927
1916
1883
1887
1918
1925
1941
1932
1922
1916
1931
1913
1926
1928
1901
1920
1888
1914
1898
1908
1907
1904
1902
1906
1903
1938
1937
1897
1929
1880
1902
1914
1888
1912
1909
1917
1882
1878
1905
1911
1942
1929
1903
1915
1925
1898
1928
1888
1916
1914
1907
1900
1921
1892
1901
1903
1880
1914
1903
1934
1908
1888
1925
1889
1897
1902
1925
1927
1899
1935
1875
1908
1878
1890
1915
1917
1910
1909
1888
1887
1905
1923
1917
1883
1887
1936
1932
1898
1912
1880
1913
1890
1897
1896
1929
1927
1886
1924
1893
1927
1887
1921
1884
1906
1937
1906
1892
1886
1877
1873
1922
1860
1894
1891
1908
1910
1906
1867
1867
1931
1884
1913
1895
1899
1899
1923
1929
1888
1889
1889
1915
1918
1913
1908
1909
1890
1897
1922
1923
1890
1921
1926
1928
1902
1937
1904
1926
1889
1879
1913
1917
1919
1919
1897
1926
1914
1939
1911
1896
1894
