1939
1919
1938
1930
1906
1930
1907
1920
1893
1907
1928
1920
1901
1904
1890
1922
1919
1927
1924
1910
1911
1900
1929
1891
1917
1878
1908
1911
1908
1912
1921
1941
1944
1910
1880
1918
1912
1911
1907
1904
1931
1924
1931
1926
1891
1891
1903
1928
1918
1907
1932
1910
1899
1901
1902
1926
1924
1895
1943
1895
1935
1931
1905
1908
1904
1899
1912
1913
1889
1923
1881
1897
1930
1902
1916
1908
1908
1923
1931
1906
1929
1914
1904
1902
1900
1942
1916
1926
1917
1923
1925
1903
1928
1926
1923
1920
1894
1913
1942
1891
1894
1919
1895
1921
1867
1906
1935
1900
1905
1908
1935
1931
1933
1940
1905
1908
1922
1924
1895
1913
1916
1892
1924
1934
1902
1937
1933
1897
1931
1885
1921
