1908
1928
1914
1937
1939
1918
1918
1908
1915
1904
1921
1878
1879
1914
1909
1938
1877
1922
1934
1928
1917
1913
1927
1928
1930
1912
1923
1919
1910
1907
1917
1907
1901
1912
1900
1927
1922
1928
1931
1921
1921
1917
1917
1918
1893
1897
1890
1913
1919
1917
1919
1909
1892
1862
1920
1907
1905
1906
1883
1921
1926
1919
1889
1910
1898
1915
1921
1905
1913
1937
1937
1911
1936
1919
1915
1936
1923
1916
1921
1935
1912
1912
1896
1921
1917
1917
1914
1916
1912
1913
1879
1902
1913
1905
1911
1913
1913
1917
1917
1922
1922
1909
1907
1917
1915
1909
1917
1913
1907
1937
1939
1908
1901
1915
1914
1911
1912
1917
1920
1902
1912
1918
1936
1937
1911
1904
1918
1903
1930
1907
1921
1916
1916
1888
1908
1938
1911
1909
1934
1899
1900
1911
1938
1907
1915
1919
1906
1909
1919
1914
1919
1912
1905
1909
1909
1907
1902
1904
1904
1898
1914
1918
1917
1920
1919
1916
1900
1921
1865
1887
1915
1818
1909
1913
1889
1889
1905
1933
1929
1859
1907
1919
1907
1919
1926
1899
1924
1923
1902
1939
1923
1909
1918
1918
1912
1914
1901
1916
1881
1917
1927
1909
1910
1897
1937
1938
1936
1933
1938
1916
1880
1914
1914
1889
1916
1903
1904
1911
1916
1909
1925
1929
1923
1892
1892
1894
1916
1909
1920
1907
1907
1920
1921
1936
1909
1911
1889
1916
1913
1923
1906
1928
1923
1920
1918
1880
1906
1893
1919
1899
1919
1906
1911
1915
1923
1893
1891
1924
1925
1927
1918
1895
1903
1888
1885
1910
1910
1925
1887
1889
1887
1894
1914
1913
1920
1904
1918
1913
1919
1919
1905
1907
1900
1895
1919
1918
1916
1918
1915
1917
1920
1884
1924
1915
1909
1917
1929
1893
1907
1870
1939
1912
1916
1898
1911
1885
1918
1899
1918
1930
1889
1927
1917
1936
1917
1916
1917
1915
1930
1920
1926
1892
1899
1889
1893
1916
1906
1927
1886
1920
1915
1913
1914
1937
1915
1901
1926
1919
1928
1918
1892
1896
1916
1912
1916
1875
1905
1915
1923
1919
1913
1909
1935
1900
1902
1916
1917
1922
1898
1920
1898
1920
1890
1892
1919
1921
1924
1913
1936
1911
1914
1909
1926
1898
1902
1916
1922
1912
1914
1924
1919
1916
1915
1936
1934
1921
1918
1916
1914
1916
1913
1909
1913
1927
1889
1921
1913
1921
1888
1936
1910
1901
1898
1927
1925
1919
1912
1906
1916
1914
1903
1913
1915
1911
1915
1908
1905
1889
1898
1915
1922
1891
1921
1918
1888
1894
1920
1911
1914
1887
1921
1917
1920
1912
1929
1939
1924
1915
1917
1917
1916
1888
1930
1932
1905
1910
1907
1916
1912
1913
1918
1923
1895
1913
1896
1915
1917
1910
1920
1886
1979
1917
1920
1907
1915
