1899
1899
1931
1931
1905
1905
1934
1934
1923
1923
1905
1905
1883
1883
1926
1926
1924
1924
1919
1919
1922
1922
1923
1923
1926
1926
1914
1914
1916
1916
1940
1940
1910
1910
1918
1918
1926
1926
1928
1928
1931
1931
1933
1933
1905
1905
1904
1904
1909
1909
1916
1916
1915
1915
1920
1920
1932
1932
1907
1907
1910
1910
1923
1923
1895
1895
1922
1922
1902
1902
1926
1926
1928
1928
1925
1925
1905
1905
1944
1944
1908
1908
1903
1903
1932
1932
1910
1910
1901
1901
1924
1924
1886
1886
1925
1925
1882
1882
1926
1926
1928
1928
1907
1907
1934
1934
1932
1932
1895
1895
1907
1907
1914
1914
1921
1921
1907
1907
1919
1919
1922
1922
1928
1928
1924
1924
1938
1938
1911
1911
1913
1913
1908
1908
1922
1922
1913
1913
1934
1934
1909
1909
1912
1912
1919
1919
1890
1890
1906
1906
1899
1899
1930
1930
1909
1909
1901
1901
1909
1909
1927
1927
1899
1899
1921
1921
1926
1926
1928
1928
1922
1922
1897
1897
1930
1930
1904
1904
1921
1921
1905
1905
1928
1928
1902
1902
1941
1941
1895
1895
1896
1896
1927
1927
1923
1923
1924
1924
1922
1922
1925
1925
1929
1929
1907
1907
1909
1909
1930
1930
1897
1897
1914
1914
1922
1922
1896
1896
1919
1919
1890
1890
1931
1931
1928
1928
1937
1937
1922
1922
1912
1912
1911
1911
1917
1917
1891
1891
1923
1923
1924
1924
1928
1928
1919
1919
1927
1927
1896
1896
1933
1933
1912
1912
1928
1928
1908
1908
1933
1933
1907
1907
1908
1908
1923
1923
1888
1888
1910
1910
1903
1903
1938
1938
1935
1935
1904
1904
1913
1913
1917
1917
1923
1923
1915
1915
1915
1915
1931
1931
1912
1912
1907
1907
1913
1913
1882
1882
1919
1919
1883
1883
1886
1886
1928
1928
1902
1902
1937
1937
1904
1904
1903
1903
1934
1934
