1898
1930
1897
1928
1917
1915
1914
1911
1913
1912
1904
1900
1882
1925
1908
1904
1897
1929
1920
1896
1912
1926
1894
1901
1915
1911
1937
1908
1909
1937
1912
1915
1878
1940
1914
1924
1898
1924
1896
1897
1932
1922
1930
1896
1910
1944
1919
1924
1897
1928
1926
1893
1921
1896
1899
1938
1914
1913
1932
1924
1890
1889
1929
1927
1919
1925
1930
1928
1915
1938
1881
1922
1913
1908
1919
1908
1929
1900
1879
1920
1927
1904
1905
1931
1938
1919
1892
1922
1916
1927
1926
1894
1902
1926
1902
1904
1899
1897
1908
1932
1900
1930
1914
1918
1938
1914
1932
1933
1905
1936
1905
1900
1895
1924
1918
1908
1909
1919
1910
1933
1911
1909
1900
1931
1898
1913
1892
1926
1896
1920
1923
1898
1898
1925
1889
1884
1927
1888
1897
1902
1930
1890
1932
1891
1890
1888
1896
1936
1910
1917
1896
1879
1910
1908
1879
1905
1901
1894
1891
1895
1925
1921
1939
1899
1907
1933
1915
1906
1939
1924
1919
1913
1912
1907
1911
1913
1882
1917
1926
1918
1908
1872
1906
1921
1914
1900
1899
1910
1912
1929
1923
1906
1920
1927
1892
1916
1911
1906
1899
1929
1928
1929
1924
1943
1885
1915
1878
1914
1904
1924
1905
1931
1883
1918
1913
1940
1912
1903
1914
1917
1918
1915
1893
1906
1926
1903
1932
1938
1907
1904
1898
1907
1903
1932
1932
1896
1920
1886
1924
1919
1932
1898
1932
1932
1901
1932
1925
1906
1928
1931
1911
1904
1890
1926
1936
1906
1919
1920
1916
1904
1927
1930
1903
1909
1938
1930
1904
1927
1905
1905
1885
1882
1919
1908
1926
1910
1928
1903
1902
1907
1923
1886
1909
1904
1931
1905
1888
1924
1927
1932
1903
1929
1927
1903
1933
1922
1927
1912
1924
1907
1929
1896
1926
1914
1929
1924
1890
1917
1927
1910
1910
1914
1908
1884
1909
1895
1892
1929
1904
1924
1895
1926
1900
1924
1904
1903
1913
1913
1930
1890
1925
1891
1905
1893
1920
1911
1904
1938
1895
1926
1924
1924
1924
1929
1902
1909
1932
1909
1913
1891
1930
1921
1907
1892
1888
1918
1924
1927
1923
1897
1900
1908
1906
1905
1898
1941
1899
1926
1903
1911
1932
1924
1921
1900
1924
1929
1896
1910
1936
1912
1933
1908
1915
1911
1873
1924
1914
1932
1905
1923
1904
1894
