1886
1930
1930
1887
1886
1911
1940
1907
1913
1872
1890
1873
1912
1934
1911
1930
1893
1911
1923
1938
1921
1911
1910
1937
1912
1918
1904
1930
1910
1936
1927
1937
1899
1898
1932
1923
1923
1940
1930
1922
1901
1924
1929
1898
1926
1899
1894
1932
1905
1905
1874
1934
1908
1915
1938
1919
1894
1873
1870
1883
1922
1875
1925
1920
1894
1928
1893
1907
1876
1887
1922
1916
1875
1929
1933
1925
1924
1898
1926
1926
1903
1927
1929
1906
1924
1934
1910
1910
1917
1917
1919
1919
1879
1879
1913
1913
1924
1896
1902
1926
1928
1902
1932
1900
1908
1911
1876
1878
1936
1908
1930
1908
1931
1931
1929
1924
1900
1926
1931
1899
1924
1928
1925
1898
1872
1900
1936
1937
1898
1911
1912
1905
1923
1907
1880
1880
1925
1877
1878
1876
1889
1924
1884
1929
1901
1890
1887
1891
1914
1925
1921
1891
1890
1882
1882
1901
1900
1918
1864
1897
1935
1893
1920
1920
1936
1909
1932
1938
1931
1906
1934
1910
1928
1927
1900
1932
1930
1903
1885
1875
1895
1926
1935
1863
1900
1932
1922
1897
1904
1899
1936
1938
1874
1867
1865
1904
1911
1874
1935
1917
1866
1897
1906
1928
1887
1884
1920
1880
1911
1935
1884
1911
1890
1879
1909
1938
1921
1910
1916
1885
1870
1908
1932
1888
1885
1922
1891
1925
1884
1927
1920
1898
1925
1911
1887
1903
1888
1904
1886
1922
1883
1889
1910
1919
1911
1894
1903
1921
1932
1907
1908
1875
1913
1903
1871
1934
1907
1928
1927
1881
1906
1906
1882
1887
1912
1892
1938
1924
1935
1921
1909
1915
1917
1876
1879
1911
1924
1900
1920
1930
1929
1912
1893
1910
1925
1897
1929
1920
1892
1926
1929
1920
1892
1926
1907
1907
1914
1914
1885
1912
1911
1910
1886
1926
1924
1881
1908
1905
1934
1942
1912
1908
1917
1886
1932
1915
1911
1918
1885
1915
1908
1936
1909
1883
1913
1889
1931
1922
1920
1924
1903
1897
1922
1892
1925
1927
1912
1924
1897
1917
1867
1875
1927
1899
1903
1911
1885
1882
1878
1901
1930
1886
1896
1883
1925
1920
1926
1875
1923
1931
1897
1925
1882
1886
1903
1904
1927
1933
1901
1915
1902
1941
1936
1919
1905
1931
1902
1904
1916
1904
1903
1905
1886
1881
1924
1932
1914
1897
1901
1925
1940
1910
1906
1925
1932
1937
1921
1879
1932
1879
1940
1911
1911
1895
1919
1890
1918
1904
1900
1923
1925
1930
1878
1930
1878
1928
1909
1912
1923
1909
1929
1908
1938
1915
1904
1895
1897
1921
1927
1901
1913
1906
1905
1934
1902
1936
1888
1898
1880
1896
1896
1893
1923
1867
1902
1897
1923
1889
1925
1901
1901
1925
1926
1886
1922
1916
1930
1902
1878
1875
1927
1894
1920
1920
1932
1932
1927
1927
1931
1931
1929
1929
1895
1918
1918
1911
1893
1929
1928
1902
1928
1930
1894
1925
1917
1904
1924
1937
1936
1936
1925
1936
1935
1920
1925
1933
1907
1906
1934
1905
1894
1876
1938
1911
1923
1932
1898
1888
1907
1877
1914
1910
1902
1876
1882
1878
1904
1906
1926
1899
1934
1909
1937
1902
1899
1902
1925
1939
1889
1926
1915
1900
1929
1903
1897
1890
1891
1909
1900
1914
1937
1928
1924
1889
1897
1884
1879
1918
1924
1922
1918
1893
1929
1893
1882
1925
1936
1938
1925
1931
1928
1878
1889
1923
1899
1919
1914
1926
1891
1894
1921
1870
1929
1931
1919
1900
1910
1887
1928
1880
1875
1904
1942
1881
1919
1919
1922
1923
1931
1904
1900
1894
1919
1938
1938
1908
1908
1911
1904
1932
1929
1931
1901
1904
1869
1908
1883
1909
1931
1935
1901
1892
1873
1880
1928
1930
1903
1888
1921
1927
1921
1919
1894
1891
1900
1912
1926
1902
1897
1925
1886
1923
1884
1924
1924
1884
1871
1879
1938
1904
1917
1882
1884
1889
1909
1910
1893
1928
1899
1925
1869
1894
1918
1932
1927
1925
1900
1922
1927
1867
1912
1925
1889
1885
1886
1915
1939
1911
1925
1912
1941
1901
1934
1883
1882
1925
1941
1875
1885
1909
1908
1930
1926
1925
1929
1904
1927
1929
1923
1923
1923
1890
1890
1927
1937
1880
1931
1900
1887
1924
1864
1899
1916
1906
1884
1920
1909
1913
1879
1889
1882
1882
1891
1890
1918
1934
1931
1923
1924
1929
1926
1927
1904
1932
1937
1920
1912
1923
1888
1895
1913
1881
1940
1879
1938
1903
1905
1905
1908
1932
1937
1913
1916
1889
1907
1891
1927
1898
1884
1882
1890
1913
1885
1899
1906
1939
1918
1932
1923
1884
1906
1907
1878
1905
1926
1925
1891
1880
1887
1922
1928
1931
1930
1914
1913
1918
1937
1909
1924
1884
1922
1932
1926
1886
1884
1916
1921
1885
1917
1872
1903
1905
1940
1911
1881
1906
1912
1929
1884
1920
1924
1926
1934
1893
1894
1924
1923
1885
1909
1876
1895
1877
1907
1924
1886
1876
1889
1879
1911
1830
1884
1869
1884
1881
1927
1934
1903
1937
1930
1930
1926
1895
1921
1934
1936
1909
1899
1894
1934
1885
1927
1927
1903
1903
1936
1936
1908
1908
1922
1885
1918
1895
1897
1897
1870
1879
1895
1895
1924
1884
1894
1940
1917
1911
1936
1932
1896
1934
1923
1924
1896
1876
1913
1936
1909
1925
1924
1928
1894
1919
1920
1924
1894
1928
1929
1928
1922
1894
1889
1890
1924
1928
1900
1910
1911
1865
1923
1932
1903
1890
1879
1908
1912
1911
1897
1871
1902
1908
1939
1890
1919
1879
1916
1896
1913
1931
1931
1939
1939
1907
1907
1904
1904
1882
1889
1899
1927
1926
1885
1882
1934
1902
1904
1868
1923
1887
1880
1915
1912
1906
1910
1938
1922
1891
1897
1929
1909
1879
1899
1932
1906
1934
1888
1890
1927
1921
1921
1920
1893
1923
1920
1924
1924
1862
1868
1913
1921
1888
1914
1925
1938
1937
1931
1928
1911
1907
1909
1888
1915
1919
1908
1911
1905
1928
1899
1924
1900
1897
1926
1900
1888
1926
1900
1921
1915
1904
1925
1904
1928
1935
1926
1929
1896
1906
1903
