1937
1937
1905
1905
1903
1903
1933
1933
1899
1899
1926
1926
1923
1923
1914
1914
1900
1900
1912
1912
1902
1902
1908
1908
1900
1900
1892
1892
1923
1923
1916
1916
1918
1918
1920
1920
1916
1916
1923
1923
1900
1900
1883
1883
1918
1918
1900
1900
1911
1911
1921
1921
1880
1880
1913
1913
1878
1878
1916
1916
1904
1904
1910
1910
1903
1903
1865
1865
1900
1900
1924
1924
1893
1893
1918
1918
1919
1919
1930
1930
1928
1928
1930
1930
1876
1876
1876
1876
1897
1897
1893
1893
1927
1927
1913
1913
1913
1913
1931
1931
1904
1904
1934
1934
1902
1902
1914
1914
1879
1879
1912
1912
1932
1932
1929
1929
1899
1899
1898
1898
1908
1908
1900
1900
1900
1900
1900
1900
1900
1900
1919
1919
1878
1878
1900
1900
1905
1905
1885
1885
1915
1915
1887
1887
1928
1928
1927
1927
1914
1914
1921
1921
1902
1902
1907
1907
1907
1907
1922
1922
1935
1935
1928
1928
1907
1907
1897
1897
1937
1937
1931
1931
1886
1886
1892
1892
1914
1914
1905
1905
1936
1936
1902
1902
1904
1904
1937
1937
1886
1886
1873
1873
1900
1900
1915
1915
1906
1906
1889
1889
1895
1913
1895
1913
1921
1921
1891
1891
1938
1938
1908
1908
1935
1935
1938
1938
1908
1908
1932
1932
1900
1900
1925
1925
1935
1935
1893
1893
1892
1892
1897
1897
1925
1925
1928
1928
1895
1895
1874
1874
1877
1877
1919
1919
1884
1884
1920
1920
1885
1885
1914
1914
1913
1913
1940
1940
1912
1912
1917
1917
1939
1939
1910
1910
1896
1896
1885
1885
1872
1872
1858
1858
1926
1926
1887
1887
1918
1918
1916
1916
1881
1881
1914
1914
1881
1881
1922
1922
1926
1926
1939
1939
1909
1909
1935
1935
1911
1911
1900
1900
1938
1938
1892
1892
1912
1912
1924
1924
1908
1908
1938
1938
1907
1907
1930
1930
1902
1902
1911
1911
1913
1913
1939
1939
1912
1912
1898
1898
1933
1933
1898
1898
1926
1926
