1914
1918
1912
1918
1911
1908
1917
1898
1915
1903
1932
1902
1913
1916
1915
1900
1907
1919
1913
1914
1904
1906
1913
1913
1910
1915
1915
1913
1920
1926
1927
1907
1914
1909
1912
1914
1917
1915
1905
1914
1917
1912
1910
1922
1914
1876
1908
1903
1921
1904
1923
1913
1927
1921
1924
1925
1914
1913
1913
1910
1923
1921
1921
1873
1905
1897
1919
1922
1901
1920
1924
1917
1917
1907
1920
1918
1903
1924
1918
1911
1918
1911
1917
1921
1926
1916
1905
1916
1915
1934
1872
1925
1905
1924
1907
1930
1875
1901
1915
1916
1916
1921
1913
1900
1926
1915
1901
1920
1925
1918
1915
1917
1926
1922
1874
1919
1892
1895
1904
1885
1921
