1925
1924
1913
1920
1918
1890
1930
1915
1887
1922
1926
1897
1931
1897
1938
1910
1910
1939
1889
1886
1884
1914
1924
1879
1917
1924
1920
1892
1917
1915
1904
1931
1929
1932
1899
1928
1899
1911
1924
1897
1920
1924
1888
1923
1884
1913
1912
1916
1886
1887
1921
1931
1898
1922
1898
1919
1924
1897
1897
1893
1933
1921
1920
1924
1929
1891
1894
1893
1893
1893
1929
1865
1922
1908
1882
1906
1883
1899
1923
1932
1885
1925
1922
1906
1897
1920
1939
1914
1938
1898
1916
1895
1930
1914
1907
1930
1911
1882
1908
1907
1933
1870
1904
1939
1914
1911
1898
1920
1898
1926
1922
1931
1924
1938
1910
1910
1913
1937
1938
1880
1909
1922
1894
1924
1916
1895
1923
1864
1890
1869
1896
1918
1898
1909
1871
1913
1913
1940
1893
1883
1926
1886
1922
1915
1924
1889
1923
1893
1887
1919
1894
1908
1922
1885
1922
1919
1885
1885
1888
1929
1888
1926
1923
1925
1907
1870
1904
1916
1912
1914
1917
1920
1930
1897
1928
1903
1933
1899
1932
1930
1905
1928
1938
1911
1916
1881
1891
1924
1866
1872
1888
1923
1922
