1928
1928
1930
1930
1901
1901
1927
1927
1900
1900
1924
1924
1919
1919
1928
1928
1897
1897
1920
1920
1910
1910
1910
1910
1934
1934
1910
1910
1907
1907
1911
1911
1908
1908
1903
1903
1878
1878
1916
1916
1920
1920
1914
1914
1891
1891
1896
1896
1911
1911
1935
1935
1934
1934
1907
1907
1908
1908
1935
1935
1938
1938
1911
1911
1919
1919
1924
1924
1882
1882
1934
1934
1934
1934
1911
1911
1909
1909
1923
1923
1891
1891
1933
1933
1888
1888
1927
1927
1899
1899
1887
1887
1912
1912
1926
1926
1902
1902
1908
1908
1910
1910
1913
1913
1932
1932
1931
1931
1908
1908
1906
1906
1923
1923
1892
1892
1938
1938
1913
1913
1913
1913
1917
1917
1929
1929
1899
1899
1927
1927
1914
1914
1908
1908
1905
1905
1924
1924
1935
1935
1903
1903
1932
1932
1908
1908
1922
1922
1930
1930
1919
1919
1924
1924
1928
1928
1922
1922
1931
1931
1903
1903
1883
1883
1920
1920
1885
1885
1926
1926
1914
1914
1916
1916
1893
1893
1915
1915
1914
1914
1912
1912
1943
1943
1930
1930
1895
1895
1895
1895
1935
1935
1909
1909
1926
1926
1903
1903
1904
1904
1907
1907
1913
1913
1881
1881
1916
1916
1925
1925
1905
1905
1911
1911
1921
1921
1906
1906
1886
1886
1924
1924
1912
1912
1911
1911
1926
1926
1927
1927
1903
1903
1938
1938
1938
1938
1906
1906
1905
1905
1934
1934
1904
1904
1911
1911
1915
1915
1907
1907
1915
1915
1911
1911
1937
1937
1944
1944
1903
1903
1904
1904
1928
1928
1931
1931
1893
1893
1917
1917
1926
1926
1919
1919
1920
1920
1931
1931
1922
1922
1897
1897
1924
1924
1924
1924
1944
1944
1928
1928
1924
1924
1891
1891
1909
1909
1918
1918
1892
1892
1886
1886
1928
1928
1875
1875
1939
1939
1913
1913
1881
1881
1922
1922
1886
1886
1917
1917
1929
1929
1921
1921
1926
1926
1891
1891
