1900
1900
1900
1900
1900
1900
1925
1925
1900
1900
1900
1900
1924
1924
1928
1928
1900
1900
1896
1896
1914
1914
1911
1911
1908
1908
1883
1883
1909
1909
1878
1878
1934
1934
1907
1907
1936
1936
1908
1908
1900
1900
1900
1900
1900
1900
1900
1900
1900
1900
1900
1900
1900
1900
1900
1900
1900
1900
1900
1900
1917
1917
1900
1900
1900
1900
1888
1888
1920
1920
1900
1900
1927
1927
1882
1882
1900
1900
1925
1925
1931
1931
1901
1901
1899
1899
1931
1931
1900
1900
1908
1908
1912
1912
1906
1906
1933
1933
1900
1900
1900
1900
1900
1900
1900
1900
1921
1921
1912
1912
1887
1887
1900
1900
1900
1900
1900
1900
1900
1900
1900
1900
1904
1904
1932
1932
1935
1935
1932
1932
1910
1910
1934
1934
1906
1906
1900
1900
1900
1900
1900
1900
1900
1900
1900
1900
1900
1900
1935
1935
1900
1900
1900
1900
1900
1900
1900
1900
1877
1877
1882
1882
1905
1905
1895
1895
1931
1931
1886
1886
1861
1861
1917
1917
1897
1897
1900
1900
1869
1869
1900
1900
1939
1939
1932
1932
1899
1899
1900
1900
1900
1900
1900
1900
1900
1900
1900
1900
1900
1900
1900
1900
1900
1900
1900
1900
1900
1900
1900
1900
1900
1900
1900
1900
1900
1900
1900
1900
1900
1900
1900
1900
1900
1900
1900
1900
1900
1900
1900
1900
1934
1934
1900
1900
1900
1900
1888
1888
1900
1900
1900
1900
1901
1901
1900
1900
1900
1900
1915
1915
1913
1913
1921
1921
1900
1900
1900
1900
1900
1900
1900
1900
1879
1879
1893
1893
1900
1900
1900
1900
1900
1900
1900
1900
1900
1900
1887
1887
1909
1909
1922
1922
1900
1900
1901
1901
1915
1915
1876
1876
1910
1910
1875
1875
1910
1910
1900
1900
1900
1900
1900
1900
1896
1896
1900
1900
1920
1891
1891
1920
1924
1900
1924
1900
1912
1912
1917
1917
1900
1900
1900
1900
1884
1884
1900
1900
1894
1894
1892
1892
1923
1923
1900
1900
1910
1910
1900
1900
1912
1912
1880
1880
1900
1900
1900
1900
1900
1900
1900
1900
1923
1923
1900
1900
1900
1900
1900
1900
1900
1900
1900
1900
1900
1900
1900
1900
1900
1900
1897
1897
1892
1892
1924
1924
1923
1923
1888
1888
1922
1922
1918
1918
1910
1910
1912
1912
1900
1900
1900
1900
1900
1900
1900
1900
1900
1900
1911
1911
1906
1906
1875
1875
1915
1915
1905
1905
1910
1910
1915
1915
1900
1900
1855
1855
1918
1918
1900
1900
1900
1900
1900
1900
1886
1886
1900
1900
1900
1900
1900
1900
1900
1900
1900
1900
1900
1900
