1912
1912
1908
1908
1933
1933
1933
1933
1938
1938
1905
1905
1932
1932
1909
1909
1919
1919
1905
1905
1935
1935
1903
1903
1934
1934
1938
1938
1905
1905
1898
1898
1928
1928
1918
1918
1929
1929
1905
1905
1912
1912
1889
1889
1889
1889
1918
1918
1928
1928
1924
1924
1901
1901
1925
1925
1931
1931
1917
1917
1914
1914
1897
1897
1916
1916
1919
1919
1929
1929
1870
1870
1933
1933
1908
1908
1930
1930
1926
1926
1928
1928
1928
1928
1903
1903
1924
1924
1905
1905
1910
1910
1932
1932
1909
1909
1940
1940
1893
1893
1923
1923
1896
1896
1913
1913
1923
1923
1925
1925
1921
1921
1894
1894
1894
1894
1916
1916
1918
1918
1928
1928
1892
1892
1918
1918
1899
1899
1926
1926
1932
1932
1906
1906
1888
1888
1915
1915
1919
1919
1923
1923
1878
1878
1922
1922
1904
1904
1902
1902
1932
1932
1910
1910
1926
1926
1925
1925
1923
1923
1926
1926
1913
1913
1920
1920
1905
1905
1898
1898
1914
1914
1913
1913
1911
1911
1909
1909
1906
1906
1908
1908
1910
1910
1901
1901
1934
1934
1908
1908
1909
1909
1913
1913
1873
1873
1903
1903
