1910
1910
1916
1916
1877
1877
1905
1905
1905
1905
1878
1878
1876
1876
1884
1884
1921
1921
1870
1870
1892
1892
1910
1910
1938
1938
1913
1913
1942
1942
1900
1900
1900
1900
1900
1900
1918
1918
1897
1897
1915
1915
1897
1897
1902
1902
1882
1882
1923
1923
1923
1923
1882
1882
1880
1880
1925
1925
1903
1930
1905
1937
1903
1930
1905
1937
1872
1872
1902
1902
1930
1930
1902
1902
1894
1894
1932
1932
1930
1930
1930
1930
1897
1897
1924
1924
1927
1927
1897
1897
1900
1900
1929
1929
1932
1932
1922
1922
1893
1893
1893
1893
1925
1925
1909
1935
1911
1938
1938
1909
1935
1911
1910
1910
1900
1900
1924
1924
1928
1928
1886
1886
1921
1921
1913
1913
1890
1890
1897
1897
1914
1914
1918
1918
1919
1919
1931
1931
1898
1898
1935
1935
1928
1928
1902
1902
1931
1931
1908
1908
1940
1940
1910
1910
1900
1900
1904
1904
1936
1936
1907
1907
1900
1900
1932
1932
1929
1929
1898
1898
1891
1891
1921
1921
1910
1910
1935
1935
1931
1931
1929
1929
1939
1939
1899
1899
1930
1930
1898
1898
1937
1937
1926
1926
1919
1919
1927
1927
1924
1924
1920
1920
1907
1907
1924
1924
1932
1932
1932
1932
1899
1899
1896
1896
1910
1910
1919
1919
1883
1883
1883
1883
1900
1900
1900
1900
1924
1924
1918
1918
1927
1927
1882
1882
1925
1925
1929
1929
1882
1882
1911
1911
1886
1886
1869
1869
1900
1900
1911
1911
1917
1917
1899
1899
1931
1931
1912
1912
1897
1897
1902
1902
1932
1932
1902
1902
1923
1923
1926
1926
1893
1893
1913
1913
1924
1924
1918
1918
1922
1922
1908
1908
1920
1920
1885
1885
1918
1918
1914
1914
1916
1916
1931
1931
1909
1909
1907
1907
1912
1912
1937
1937
1907
1907
1911
1911
1914
1914
1892
1892
1926
1926
1906
1906
1935
1935
1900
1900
1923
1923
1905
1905
1925
1925
1899
1899
1930
1930
1900
1900
1900
1900
1891
1891
1897
1897
1920
1920
1933
1933
1904
1904
1908
1908
1937
1937
1938
1938
1909
1909
1900
1900
1886
1886
1920
1920
1880
1880
1913
1913
1914
1914
1911
1911
1881
1881
1913
1913
1908
1908
1922
1922
1882
1882
1908
1908
1935
1935
1911
1918
1918
1911
1900
1900
1915
1915
1890
1890
1892
1892
1859
1859
1929
1929
1918
1918
1921
1921
1921
1921
1925
1925
1896
1896
1891
1891
1920
1920
1900
1900
1913
1913
1916
1916
1919
1919
1902
1902
1924
1924
1904
1904
1893
1893
1922
1922
1892
1892
1872
1872
1910
1910
1934
1934
1902
1902
1889
1889
1889
1889
1927
1927
1909
1909
1892
1892
1868
1868
1938
1938
1909
1909
1913
1913
1910
1910
1877
1877
1901
1901
1877
1877
1872
1872
1877
1877
1911
1911
1871
1871
1909
1909
1925
1925
1918
1918
1930
1930
1900
1900
1900
1900
1900
1900
1900
1900
1928
1928
1894
1894
1926
1926
1902
1902
1927
1927
1906
1906
1910
1910
1930
1930
1938
1938
