1888
1877
1886
1927
1885
1917
1916
1898
1912
1938
1937
1935
1885
1909
1909
1937
1907
1903
1938
1940
1937
1918
1900
1922
1891
1866
1869
1938
1905
1937
1902
1884
1923
1862
1848
1901
1885
1936
1905
1892
1929
1918
1922
1897
1918
1895
1896
1925
1877
1924
1917
1929
1923
1894
1924
1896
1926
1926
1930
1896
1879
1878
1854
1900
1895
1931
1891
1902
1931
1913
1877
1871
1876
1930
1929
1898
1932
1898
1925
1927
1887
1914
1880
1876
1913
1921
1925
1890
1888
1880
1937
1910
1937
1912
1916
1905
1890
1920
1889
1890
1916
1926
1922
1895
1910
1920
1887
1912
1936
1910
1879
1877
