1925
1915
1886
1923
1886
1919
1925
1915
1908
1890
1896
1923
1926
1924
1896
1934
1908
1895
1925
1895
1900
1904
1931
1907
1902
1931
1893
1921
1923
1926
1893
1892
1873
1914
1882
1901
1929
1900
1938
1931
1904
1902
1921
1920
1924
1929
1889
1894
1902
1902
1911
1935
1912
1877
1870
1883
1883
1917
1883
1912
1917
1917
1883
1914
1908
1878
1918
1908
1933
1941
1941
1932
1910
1937
1939
1906
1931
1906
1935
1911
1909
1937
1904
1933
1873
1911
1911
1915
1919
1909
1935
1909
1941
1926
1904
1875
1875
1898
1903
1922
1925
1914
1927
1887
1930
1875
1879
1910
1939
1901
1907
1910
1913
1876
1899
1904
1904
1934
1909
1862
1915
1919
1936
1907
1906
1915
1940
1911
1919
1911
1906
1932
1936
1923
1916
1914
1927
1885
1922
1911
1877
1911
1939
1885
1887
1918
1915
1922
1895
1892
1924
1922
1927
1892
1918
1882
1911
1920
1880
1904
1934
1923
1885
1912
1929
1893
1921
1892
1918
1931
1921
1900
1904
1872
1933
1937
1904
1907
1932
1934
1896
1926
1924
1894
1878
1920
1929
1927
1924
1937
1891
1896
1931
1866
1867
1881
1932
1925
1912
1911
1939
1939
1925
1912
1908
1871
1910
1901
1923
1892
1937
1904
1908
1926
1910
1894
1929
1906
1909
1934
1876
1876
1902
1934
1929
1907
1939
1918
1924
1895
1924
1926
1897
1922
1895
1890
1918
1927
1903
1935
1905
1936
1923
1898
1926
1896
1903
1928
1931
1924
1927
1907
1883
1885
1906
1879
1886
1886
1886
1886
1900
1908
