1931
1904
1870
1933
1885
1911
1915
1878
1907
1911
1887
1885
1905
1871
1908
1934
1929
1890
1875
1927
1914
1876
1912
1922
1892
1925
1885
1896
1869
1913
1916
1935
1911
1934
1897
1899
1932
1918
1906
1935
1901
1877
1876
1910
1912
1899
1925
1895
1900
1891
1884
1913
1879
1909
1929
1907
1939
1906
1932
1897
1866
1881
1880
1877
1898
1924
1927
1918
1914
1864
1892
1922
1875
1904
1915
1913
1911
1910
1876
1924
1900
1938
1899
1928
1935
1912
1892
1892
1875
1901
1908
1913
1915
1934
1938
1894
1899
1898
1897
1927
1924
1912
1901
1902
1910
1913
1913
1936
1908
1937
1889
1921
1885
1924
1903
1910
1907
1932
1925
1930
1927
1937
1901
1922
1892
1922
1887
1913
1889
1922
1932
1926
1874
1902
1892
1910
1870
1907
1905
1910
1912
1880
1910
1902
1865
1901
1899
1895
1890
1923
1922
1899
1894
1931
1924
1931
1928
1928
1867
1896
1937
1925
1928
1906
1875
1871
1912
1909
1909
1885
1913
1920
1912
1905
1935
1906
1910
1901
