1879
1879
1876
1876
1877
1877
1860
1860
1905
1905
1898
1898
1934
1934
1929
1929
1905
1905
1925
1925
1908
1908
1913
1913
1877
1877
1897
1897
1894
1894
1898
1898
1885
1885
1925
1925
1915
1915
1910
1910
1879
1879
1918
1918
1881
1881
1914
1914
1882
1882
1881
1881
1933
1933
1886
1886
1931
1931
1890
1890
1875
1875
1924
1924
1896
1896
1927
1927
1900
1900
1923
1923
1893
1893
1925
1925
1927
1927
1931
1931
1938
1938
1909
1909
1910
1910
1905
1905
1932
1932
1907
1907
1890
1890
1882
1882
1878
1878
1879
1879
1876
1876
1905
1905
1880
1880
1878
1878
1874
1874
1907
1907
1906
1906
1933
1933
1935
1935
1929
1929
1876
1876
1879
1879
1896
1896
1904
1904
1925
1925
1930
1930
1926
1926
1915
1915
1925
1925
1901
1901
1918
1918
1916
1916
1931
1931
1903
1903
1929
1870
1870
1929
1880
1880
1889
1889
1920
1920
1895
1895
1917
1917
1892
1892
1894
1894
1926
1926
1913
1913
1914
1914
1917
1917
1856
1856
1912
1912
1868
1868
1920
1920
1906
1906
1893
1893
1896
1896
1866
1866
1899
1899
1880
1880
1902
1902
1919
1919
1915
1915
1886
1886
1928
1928
1888
1888
1917
1917
1927
1927
1894
1894
1930
1930
1924
1924
1928
1928
1895
1895
1934
1934
1930
1930
1904
1904
1884
1884
1895
1895
1927
1927
1925
1925
1923
1923
1919
1919
1933
1933
1876
1876
1927
1927
1898
1898
1931
1931
1932
1932
1935
1935
1910
1910
1906
1906
1913
1913
1911
1911
1937
1937
1875
1875
1905
1905
1885
1885
1880
1880
1913
1913
1917
1917
1927
1927
1895
1895
1905
1905
1883
1883
1915
1915
1912
1912
1916
1916
1883
1883
1875
1875
1900
1900
1938
1938
1923
1923
1924
1924
1883
1883
1895
1895
1921
1921
1884
1884
1925
1925
1930
1930
1915
1915
1896
1896
1923
1923
1917
1917
1890
1890
1917
1917
1880
1880
1896
1896
1920
1920
1896
1896
1899
1899
1870
1870
1903
1903
1932
1932
1926
1926
1903
1903
1928
1928
1910
1910
1903
1903
1874
1874
1926
1926
1890
1890
1896
1896
1911
1911
1934
1934
1912
1912
1906
1906
1911
1911
1887
1887
1930
1930
1933
1933
1937
1937
1909
1909
1909
1909
1926
1926
1901
1901
1928
1928
1930
1930
1925
1925
1933
1933
1889
1889
1897
1897
1896
1896
1930
1930
1927
1927
1925
1925
1933
1933
1929
1929
1924
1924
1904
1904
1935
1935
1910
1910
1908
1908
1901
1901
1913
1913
1884
1884
1874
1874
1914
1914
1916
1916
1908
1908
1876
1876
1875
1875
1892
1892
1858
1858
1874
1874
1869
1869
1904
1904
1925
1925
1888
1888
1878
1878
1920
1920
