1930
1898
1908
1895
1885
1925
1925
1897
1897
1889
1889
1923
1922
1869
1880
1905
1920
1904
1938
1929
1932
1936
1935
1905
1905
1913
1913
1900
1894
1894
1894
1894
1909
1909
1909
1929
1867
1920
1922
1895
1896
1907
1907
1907
1907
1936
1938
1910
1910
1923
1922
1901
1901
1901
1901
1901
1924
1924
1924
1924
1921
1919
1922
1922
1892
1892
1931
1932
1930
1898
1922
1896
1861
1922
1880
1901
1868
1923
1875
1877
1916
1913
1906
1906
1906
1906
1881
1914
1921
1921
1900
1886
1929
1929
1925
1925
1886
1884
1884
1892
1920
1922
1893
1870
1870
1917
1917
1921
1921
1922
1921
1900
1900
1900
1900
1900
1922
1893
1937
1922
1922
1922
1922
1922
1904
1922
1920
1922
1863
1863
1897
1881
1920
1920
1921
1916
1916
1875
1924
1941
1916
1934
1898
1898
1898
1898
1938
1910
1921
1921
1880
1880
1880
1878
1895
1895
1895
1908
1929
1929
1917
1921
1864
1873
1938
1932
1935
1940
1930
1903
1903
1903
1903
1903
1908
1886
1872
1903
1903
1931
1894
1894
1009
1894
1906
1906
1906
1906
1903
1915
1925
1925
1925
1925
1890
1890
1890
1893
1893
1893
1893
1921
1920
1905
1910
1924
1906
1906
1906
1890
1890
1890
1890
1859
1869
1887
1868
1920
1924
1927
1926
1898
1922
1922
1934
1939
1909
1909
1895
1875
1875
1875
1898
1898
1898
1923
1923
1923
1920
1915
1894
1904
1904
1904
1904
1904
1904
1904
1920
1887
1896
1896
1896
1896
1896
1896
1896
1896
1896
1896
1896
1896
1896
1898
1896
1896
1922
1922
1900
1921
1864
1922
1900
1913
1913
1913
1913
1913
1913
1913
1913
1900
1923
1908
1908
1908
1908
1908
1908
1908
1908
1901
1901
1901
1901
1901
1901
1901
1901
1901
1901
1901
1905
1909
1905
1909
1930
1930
1898
1898
1898
1898
1905
1923
1923
1923
1923
1923
1923
1923
1917
1917
1917
1917
1917
1901
1901
1909
1922
1922
1922
1922
1922
1922
1896
1896
1896
1920
1920
1920
1930
1930
1924
1924
1906
1924
1907
1901
1882
1896
1896
1896
1896
1896
1896
1896
1896
1896
1896
1896
1896
1896
1901
1901
1901
1901
1878
1920
1909
1905
1905
1923
1929
1926
1922
1894
1904
1896
1902
1895
1876
1905
1907
1907
1908
1908
1875
1912
1904
1904
1904
1904
1904
1914
1914
1914
1900
1889
1893
1938
1892
1925
1887
1887
1913
1918
1924
1924
1898
1898
1863
1912
1864
1895
1895
1895
1920
1890
1919
1865
1865
1883
1906
1934
1934
1913
1911
1911
1928
1928
1892
1892
1879
1920
1890
1880
1913
1862
1870
1922
1908
1886
1893
1904
1925
1926
1929
1898
1922
1922
1921
1883
1883
1883
1915
1923
1921
1899
1899
1899
1899
1871
1010
1921
1923
1921
1920
1921
1906
1906
1906
1871
1871
1920
1882
1913
1913
1913
1913
1913
1908
1923
1923
1921
1922
1908
1887
1921
1872
1933
1933
1910
1910
1899
1899
1899
1858
1914
1914
1888
1888
1923
1922
1923
1869
1870
1901
1901
1922
1922
1922
1920
1895
1895
1895
1895
1900
1901
1901
1901
1901
1924
1925
1914
1914
1938
1889
1889
1889
1889
1889
1889
1889
1889
1914
1912
1912
1912
1912
1912
1912
1912
1912
1914
1912
1912
1912
1898
1900
1912
1892
1886
1886
1923
1930
1900
1920
1920
1920
1920
1920
1920
1920
1920
1920
1920
1920
1892
1921
1921
1892
1898
1920
1920
1920
1865
1885
1865
1906
1922
1922
1922
1922
1897
1912
1921
1923
1922
1920
1898
1905
1905
1940
1934
1903
1903
1903
1905
1922
1878
1878
1907
1915
1907
