1916
1907
1924
1926
1915
1903
1926
1918
1923
1925
1929
1913
1920
1927
1927
1925
1929
1925
1938
1922
1924
1925
1925
1922
1914
1925
1918
1922
1928
1924
1929
1916
1926
1918
1928
1920
1928
1914
1924
1926
1926
1926
1922
1919
1928
1926
1930
1919
1914
1924
1920
1915
1924
1925
1926
1908
1923
1930
1920
1922
1921
1914
1912
1928
1925
1924
1923
1923
1915
1925
1905
1922
1916
1929
1922
1920
1912
1925
1927
1924
1929
1918
1920
1929
1923
1928
1920
1923
1931
1921
1920
1926
1922
1923
1906
1927
1929
1921
1916
1924
1918
1905
1913
1921
1931
1916
1919
1924
1925
1919
1926
1929
1916
1929
1912
1930
1919
1922
