1902
1899
1920
1873
1873
1895
1875
1862
1885
1876
1867
1897
1897
1878
1867
1889
1935
1876
1869
1894
1881
1886
1895
1869
1873
1882
1901
1879
1907
1932
1906
1885
1867
1869
1896
1873
1877
1883
1870
1894
1923
1939
1911
1908
1872
1875
1885
1881
1884
1893
1899
1874
1904
1931
1899
1868
1896
1890
1866
1875
1875
1876
1909
1885
1879
1878
1903
1870
1889
1879
1892
1876
1927
1867
1932
1877
1892
1880
1884
1907
1897
1878
1908
1881
1875
1872
1873
1898
1874
1875
1888
1883
1888
1880
1872
1888
1918
1872
1885
1894
1875
1900
1883
1887
1888
1922
1897
1886
1901
1869
1875
1878
1906
1882
1891
1882
1912
