1940
1941
1941
1941
1941
1940
1941
1941
1941
1940
1940
1941
1941
1923
1941
1892
1941
1940
1941
1868
1910
1941
1941
1894
1856
1879
1881
1895
1913
1888
1941
1860
1897
1904
1877
1941
1900
1940
1880
1914
1941
1875
1883
1909
1890
1941
1941
1941
1917
1941
1941
1862
1866
1856
1901
1860
1899
1940
1941
1868
1891
1902
1873
1883
1871
1881
1868
1940
1867
1889
1896
1941
1875
1941
1870
1895
1941
1941
1941
1865
1941
1941
1875
1857
1906
1941
1890
1926
1941
1911
1867
1941
1864
1884
1920
1900
1894
1860
1860
1895
1907
1908
1940
1877
1906
1941
1883
1879
1941
1872
1893
1874
1872
1854
1912
1941
1864
1894
1941
1941
1849
1941
1866
1878
1888
1882
1904
1883
1912
1941
1941
1862
1941
1941
1896
1901
1862
1900
1874
1911
1871
1858
1896
1905
1909
1873
1941
1876
1855
1925
1941
1874
1879
1856
1871
1893
1860
1907
1875
1902
1942
1870
1908
1866
1844
1942
1913
1871
1877
1868
1942
1879
1880
1872
1942
1877
1917
1877
1942
1873
1888
1897
1906
1913
1882
1892
1885
1942
1942
1863
1942
1942
1924
1942
1937
1863
1942
1862
1870
1942
1890
1875
1862
1865
1910
1897
1887
1873
1914
1942
1942
1921
1882
1922
1942
1895
1905
1873
1909
1887
1874
1874
1942
1942
1859
1942
1879
1868
1919
1877
1862
1938
1920
1922
1908
1881
1910
1942
1941
1942
1886
1891
1942
1875
1942
1941
1898
1942
1914
1898
1932
1940
1873
1941
1942
1942
1882
1936
1942
1883
1896
1917
1925
1939
1942
1941
1879
1941
1869
1885
1942
1942
1942
1885
1867
1879
1940
1927
1942
1942
1874
1868
1938
1876
1894
1877
1908
1885
1876
1911
1889
1871
1901
1877
1941
1869
1895
1917
1868
1875
1925
1911
1874
1890
1894
1866
1886
1883
1941
1861
1936
1872
1883
1872
1949
1901
1885
1890
1942
1891
1877
1893
1868
1876
1933
1871
1888
1876
1912
1865
1941
1868
1871
1918
1938
1873
1871
1905
1923
1865
1877
1886
1931
1922
1924
1874
1909
1941
1900
1888
1866
1935
1883
1882
1873
1898
1928
1906
1881
1898
1942
1892
1882
1895
1862
1877
1913
1887
1942
1871
1896
1868
1883
1893
1883
1907
1910
1875
1917
1875
1902
1907
1882
1889
1861
1881
1888
1925
1930
1872
1860
1885
1889
1939
1859
1940
1891
1884
1876
1922
1904
1890
