1908
1908
1918
1918
1882
1882
1894
1894
1893
1893
1912
1912
1917
1917
1880
1880
1914
1914
1916
1916
1927
1927
1923
1923
1906
1906
1941
1941
1907
1907
1917
1917
1911
1911
1914
1914
1919
1919
1900
1900
1911
1911
1914
1914
1921
1921
1909
1909
1911
1911
1922
1922
1926
1926
1937
1937
1910
1910
1935
1935
1930
1930
1900
1900
1891
1891
1911
1911
1914
1914
1919
1919
1924
1924
1925
1925
1910
1910
1927
1927
1886
1886
1900
1900
1925
1925
1882
1882
1919
1919
1909
1909
1898
1898
1938
1938
1909
1909
1940
1940
1934
1934
1944
1944
1936
1936
1909
1909
1877
1877
1903
1903
1875
1875
1916
1916
1910
1910
1939
1939
1897
1897
1929
1929
1912
1912
1944
1944
1920
1920
1923
1923
1924
1924
1920
1920
1920
1920
1919
1919
1920
1920
1924
1924
1887
1887
1922
1922
1910
1910
1921
1921
1924
1924
1927
1927
1920
1920
1925
1925
1903
1903
1929
1929
1909
1909
1917
1917
1923
1923
1921
1921
1922
1922
1914
1914
1926
1926
1921
1921
1903
1903
1901
1901
1922
1922
1914
1914
1917
1917
1923
1923
1940
1940
1916
1916
1912
1912
1918
1918
1924
1924
1929
1929
1924
1924
1926
1926
1940
1940
1918
1918
1922
1922
1920
1920
1911
1911
1914
1914
1905
1905
1903
1903
1919
1919
1925
1925
1922
1922
1874
1874
1938
1938
1908
1908
1908
1908
1907
1907
1910
1910
1937
1937
1923
1923
1921
1921
1894
1894
1923
1923
1926
1926
1908
1908
1940
1940
1909
1909
1898
1898
1920
1920
1939
1939
1907
1907
1914
1914
1894
1894
1912
1912
1898
1898
1913
1913
