1926
1924
1888
1921
1928
1893
1922
1899
1932
1913
1881
1933
1900
1929
1895
1925
1933
1923
1910
1929
1893
1934
1896
1917
1915
1939
1914
1936
1890
1930
1927
1894
1926
1897
1928
1930
1913
1927
1889
1922
1926
1893
1930
1924
1931
1935
1923
1886
1913
1875
1928
1915
1937
1892
1925
1911
1884
1925
1918
1921
1884
1890
1871
1890
1905
1884
1906
1934
1882
1915
1875
1920
1937
1901
1926
1891
1928
1890
1922
1935
1899
1925
1930
1927
1880
1924
1914
1894
1909
1924
1888
1918
1913
1927
1915
1884
1910
1902
1940
1898
1907
1867
1924
1895
1919
1922
1870
1881
1925
1859
1884
1869
1904
1919
1865
1885
1914
1909
1920
1912
1909
1907
1936
1892
