1900
1900
1939
1939
1905
1905
1905
1905
1904
1904
1902
1902
1902
1902
1937
1937
1899
1899
1904
1904
1920
1920
1910
1910
1889
1889
1919
1919
1904
1904
1931
1931
1933
1933
1937
1937
1899
1899
1902
1902
1909
1909
1900
1900
1923
1923
1914
1914
1907
1907
1910
1910
1923
1923
1929
1929
1912
1912
1919
1919
1918
1918
1944
1944
1940
1940
1907
1907
1911
1911
1937
1937
1937
1937
1904
1904
1940
1940
1913
1913
1933
1933
1935
1935
1903
1903
1901
1901
1934
1934
1916
1916
1912
1912
1944
1944
1892
1892
1896
1896
1909
1909
1929
1929
1906
1906
1910
1910
1904
1904
1926
1926
1932
1932
1897
1897
1909
1909
1896
1896
1894
1894
1893
1893
1920
1914
1914
1920
1918
1918
1915
1915
1941
1941
1943
1943
1924
1924
1888
1888
1942
1942
1900
1900
1912
1912
1937
1937
1913
1913
1912
1912
1919
1919
1927
1927
1919
1919
1931
1931
1891
1891
1913
1913
1895
1895
1919
1919
1910
1910
1909
1909
1907
1907
1921
1921
1923
1923
1926
1926
1912
1912
1887
1887
1895
1895
1908
1907
1907
1908
1936
1936
1908
1908
1906
1906
1930
1930
1907
1907
1938
1938
1909
1909
1901
1901
1934
1934
1937
1937
1935
1935
1918
1918
1929
1929
1894
1894
1899
1899
1929
1929
1922
1922
1927
1927
1920
1920
1892
1892
1925
1925
1921
1921
1892
1892
1928
1928
1903
1903
1921
1921
1908
1908
1912
1912
1925
1925
1924
1924
1898
1898
1935
1935
1909
1909
1910
1910
1939
1939
1911
1911
1919
1919
1905
1905
1934
1934
1940
1940
1926
1926
1924
1924
1928
1928
1920
1920
1911
1911
1935
1935
1944
1944
1908
1908
1907
1907
1915
1915
1905
1905
1891
1891
1901
1901
1928
1928
1896
1896
1925
1925
1904
1904
1911
1911
1908
1908
1911
1911
1889
1889
1918
1918
1900
1900
1916
1916
1909
1909
1910
1910
1937
1937
1909
1909
1930
1930
1924
1924
1920
1920
1882
1882
1904
1904
1902
1902
1925
1925
1903
1903
1899
1899
1903
1903
1939
1939
1905
1905
1905
1905
1904
1904
1937
1937
1909
1909
1922
1922
1900
1900
1927
1927
1929
1929
1922
1922
1926
1926
1899
1899
1924
1924
1886
1886
1910
1910
1907
1907
1905
1905
1912
1912
1911
1911
1911
1911
1901
1901
1901
1901
1892
1892
1927
1927
1920
1920
1926
1926
1908
1908
1905
1905
1913
1913
1915
1915
1885
1885
1910
1910
1913
1913
1940
1940
1893
1893
1911
1911
1891
1891
1923
1923
1925
1925
1924
1924
1927
1927
1930
1930
1907
1907
1928
1928
1933
1933
1925
1925
1919
1919
1887
1887
1918
1918
1915
1915
1912
1912
1893
1893
1927
1927
1921
1921
1931
1931
1898
1898
1924
1924
1900
1900
1913
1913
1928
1928
1907
1907
1886
1886
1914
1914
1919
1919
1915
1915
1932
1932
1897
1897
1921
1921
1925
1925
1897
1897
1930
1930
1928
1928
1912
1912
1919
1919
1909
1909
1911
1911
