1870
1902
1894
1920
1890
1923
1921
1925
1898
1923
1903
1908
1907
1926
1903
1898
1904
1916
1922
1903
1925
1928
1894
1895
1920
1900
1873
1903
1887
1922
1864
1914
1931
1905
1929
1904
1894
1927
1933
1899
1925
1902
1923
1926
1917
1934
1903
1938
1892
1901
1926
1932
1892
1928
1929
1897
1896
1916
1919
1934
1892
1903
1904
1931
1931
1929
1933
1933
1920
1869
1906
1862
1869
1922
1873
1877
1892
1882
1922
1922
1885
1889
1918
1897
1916
1916
1934
1904
1932
1895
1918
1892
1914
1921
1925
1931
1928
1890
1910
1889
1913
1930
1908
1888
1909
1933
1893
1904
1902
1925
1902
1902
1929
1909
1914
1939
1906
1909
1894
1881
1917
1904
1889
1913
1889
1936
1925
1929
1903
1941
1902
1927
1912
1924
1926
1923
1913
1885
1909
1921
1925
1874
1880
1908
1914
1933
1936
1905
1902
1919
1913
1934
1871
1915
1902
1915
1942
