1917
1926
1921
1911
1910
1930
1904
1895
1932
1897
1886
1897
1935
1928
1903
1927
1904
1892
1926
1898
1925
1928
1925
1900
1903
1905
1921
1934
1938
1926
1873
1923
1914
1906
1880
1926
1890
1925
1915
1911
1914
1920
1927
1925
1921
1913
1877
1913
1910
1896
1927
1923
1918
1923
1929
1899
1926
1920
1893
1919
1916
1916
1924
1925
1923
1922
1912
1901
1923
1899
1897
1901
1873
1918
1903
1909
1900
1900
1925
1903
1933
1928
1938
1924
1928
1898
1921
1887
1919
1930
1925
1900
1927
1924
1914
1922
1925
1918
1924
1893
1930
1907
1914
1935
1903
1928
1930
1932
1902
1897
1908
1931
1928
1890
1890
1927
1905
1898
1926
1927
1903
1907
1913
1924
1925
1875
1914
1872
1908
1922
1925
1905
1914
1912
1915
1909
1909
1917
1929
1900
1928
1904
1936
1931
1910
1904
1909
1884
1916
1901
1901
1889
1896
1928
1923
1927
1931
1935
1910
1932
1937
