1923
1919
1922
1892
1895
1926
1929
1876
1928
1898
1924
1901
1873
1919
1875
1899
1907
1913
1897
1906
1910
1900
1910
1884
1913
1913
1877
1889
1892
1938
1905
1877
1902
1922
1888
1891
1900
1907
1933
1887
1890
1920
1888
1876
1875
1900
1895
1919
1896
1891
1884
1857
1909
1892
1923
1886
1912
1913
1921
1914
1890
1889
1926
1921
1940
1908
1918
1880
1888
1927
1891
1920
1889
1899
1922
1932
1894
1927
1922
1899
1900
1932
1905
1911
1905
1901
1875
1896
1939
1904
1868
1884
1939
1907
1885
1906
1886
1885
1913
1887
1880
1923
1888
1917
1923
1885
1913
1910
1912
1940
1920
1920
1912
1879
1879
1907
1931
1903
1898
1917
1886
1883
1912
1879
1876
1931
1928
1895
1900
1905
1908
1912
1885
1883
1870
1899
1922
1896
1927
1927
1908
1914
1880
1879
1907
1912
1921
1930
1880
1906
1913
1912
1907
1904
1879
1874
1875
1900
1913
1888
1898
1918
1877
1880
1906
1895
1933
1913
1911
1872
1871
1913
1913
