1910
1910
1911
1911
1933
1933
1937
1937
1918
1918
1907
1907
1897
1897
1928
1928
1931
1931
1898
1898
1924
1924
1926
1926
1935
1935
1885
1885
1929
1929
1891
1891
1912
1912
1875
1875
1906
1906
1937
1937
1901
1901
1911
1911
1932
1932
1901
1901
1937
1937
1930
1930
1923
1923
1885
1885
1856
1856
1887
1887
1883
1883
1934
1934
1911
1911
1937
1937
1888
1888
1914
1914
1898
1898
1898
1898
1900
1900
1885
1885
1883
1883
1866
1866
1917
1917
1900
1900
1925
1925
1939
1939
1905
1905
1914
1914
1916
1916
1905
1905
1922
1922
1896
1896
1931
1931
1904
1904
1866
1866
1937
1937
1934
1934
1894
1894
1881
1881
1875
1875
1908
1908
1871
1871
1919
1919
1905
1905
1919
1919
1908
1908
1878
1878
1914
1914
1910
1910
1938
1938
1903
1903
1918
1918
1899
1899
1925
1925
1924
1924
1937
1937
1907
1907
1896
1896
1916
1916
1926
1926
1894
1894
1930
1930
1894
1894
1889
1889
1889
1889
1931
1931
1919
1919
1934
1934
1932
1932
1929
1929
1894
1894
1920
1920
1925
1925
1930
1930
1903
1903
1879
1879
1894
1894
1912
1912
1893
1893
1884
1884
1938
1938
1899
1899
1914
1914
1900
1900
1905
1905
1936
1936
1939
1939
1897
1897
1934
1934
1928
1928
1930
1930
1903
1903
1923
1923
1883
1883
1882
1882
1891
1891
1914
1914
1916
1916
1881
1881
1919
1919
1940
1940
1907
1907
1903
1903
1870
1870
1925
1925
1926
1926
1921
1921
1892
1892
1892
1892
1903
1903
1912
1912
1907
1907
1932
1932
1931
1931
1935
1935
1898
1898
1928
1928
1926
1926
1903
1903
