1898
1898
1898
1920
1918
1918
1918
1899
1899
1909
1887
1901
1910
1903
1903
1903
1901
1901
1901
1885
1902
1906
1906
1906
1912
1913
1896
1904
1907
1908
1908
1908
1908
1903
1910
1902
1904
1904
1904
1893
1909
1911
1902
1912
1898
1898
1898
1893
1901
1884
1899
1899
1899
1897
1901
1906
1912
1909
1917
1911
1909
1891
1890
1897
1915
1889
1906
1902
1902
1902
1899
1895
1897
1908
1889
1891
1900
1897
1906
1904
1896
1893
1896
1920
1902
1902
1902
1890
1907
1907
1907
1906
1910
1900
1883
1896
1894
1890
1920
1920
1920
1897
1901
1901
1901
1898
1913
1913
1913
1910
1892
1892
1892
1894
1902
1902
1906
1888
1888
1888
1904
1919
1900
1910
1902
1893
1904
1911
1905
1889
1898
1910
1901
1885
1899
1899
1893
1909
1906
1906
1906
1897
1920
1891
1903
1924
1923
1923
1898
1903
1919
1919
1919
1909
1915
1907
1896
1902
1890
1899
1897
1907
1907
1907
1907
1907
1907
1915
1915
1915
1901
1901
1902
1887
1887
1895
1895
1895
1912
1899
1896
1896
1910
1910
1910
1887
1887
1887
1920
1920
1920
1913
1913
1921
1921
1921
1899
1900
1908
1902
1891
1899
1899
1893
1893
1893
1903
1887
1908
1908
1908
1901
1901
1901
