1932
1904
1937
1934
1927
1905
1931
1914
1912
1892
1884
1925
1921
1918
1932
1907
1912
1862
1866
1923
1894
1903
1924
1932
1923
1905
1933
1884
1907
1937
1939
1909
1906
1867
1892
1894
1929
1866
1908
1902
1923
1887
1897
1928
1888
1861
1940
1913
1919
1925
1896
1896
1924
1926
1881
1914
1923
1919
1891
1892
1936
1906
1913
1936
1910
1908
1939
1889
1919
1924
1926
1919
1926
1894
1931
1928
1933
1938
1909
1882
1918
1916
1922
1886
1906
1930
1897
1921
1872
1937
1897
1910
1930
1925
1890
1918
1898
1860
1891
1905
1939
1897
1932
1926
1900
1921
1880
1893
1884
