1896
1896
1896
1910
1906
1906
1906
1906
1906
1906
1914
1914
1914
1914
1914
1914
1929
1929
1929
1929
1929
1929
1893
1893
1893
1893
1893
1893
1885
1885
1885
1885
1885
1900
1900
1899
1899
1899
1899
1899
1937
1937
1937
1937
1937
1937
1909
1909
1909
1909
1909
1909
1938
1938
1938
1938
1938
1938
1910
1910
1910
1910
1910
1910
1936
1936
1936
1936
1936
1936
1929
1929
1915
1915
1915
1915
1915
1931
1931
1931
1931
1931
1931
1932
1932
1932
1932
1932
1932
1927
1927
1927
1927
1927
1927
1928
1928
1928
1928
1928
1928
1920
1920
1920
1920
1920
1920
1915
1922
1922
1922
1922
1922
1922
1923
1923
1928
1928
1928
1928
1928
1928
1876
1876
1876
1876
1876
1933
1933
1933
1933
1933
1933
1900
1900
1900
1900
1900
1900
1925
1925
1925
1925
1925
1925
1898
1898
1898
1898
1898
1898
1909
1916
1916
1891
1891
1902
1902
1902
1902
1902
1902
1866
1866
1866
1866
1866
1866
1909
1909
1909
1909
1909
1917
1882
1914
1914
1914
1914
1914
1914
1917
1917
1917
1917
1917
1917
1917
1917
1917
1917
1917
1917
1930
1930
1930
1930
1930
1930
1890
1890
1890
1890
1890
1890
1908
1908
1908
1908
1908
1903
1928
1928
1928
1928
1928
1928
1908
1908
1908
1908
1908
1908
1905
1905
1902
1902
1939
1939
1904
1904
1880
1880
1909
1909
1909
1909
1917
1917
1917
1917
1882
1882
1882
1882
1908
1908
1908
1908
1908
1911
1911
1911
1911
1911
1911
1911
1911
1911
1911
1911
1911
1897
1897
1897
1897
1897
1897
1898
1898
1898
1898
1898
1898
1855
1855
1855
1855
1855
1855
1890
1890
1933
1933
1933
1933
1933
1933
1904
1904
1904
1904
1904
1904
1937
1937
1937
1937
1937
1937
1921
1921
1921
1921
1921
1918
1917
1914
1914
1925
1925
1935
1935
1935
1935
1935
1878
1878
1930
1930
1899
1899
1899
1899
1899
1899
1939
1939
1939
1939
1939
1939
1920
1920
1920
1920
1920
1903
1903
1903
1903
1903
1903
1897
1897
1897
1897
1897
1897
1920
1913
1913
1913
1913
1913
1938
1938
1938
1938
1938
1912
1912
1885
1899
1885
1885
1885
1918
1918
1918
1918
1913
1924
1924
1885
1885
1885
1885
1885
1888
1918
1918
1897
1897
1897
1897
1897
1913
1888
1937
1937
1937
1937
1937
1937
1921
1921
1921
1921
1921
1921
1907
1907
1900
1900
1900
1900
1900
1900
1870
1870
1870
1870
1870
1870
1939
1921
1939
1921
1939
1939
1921
1921
1939
1939
1921
1921
1940
1940
1908
1934
1934
1933
1933
1933
1933
1933
1933
1930
1930
1938
1938
1938
1938
1938
1938
1906
1907
1907
1907
1907
1907
1909
1909
1895
1905
1895
1895
1905
1895
1905
1895
1905
1905
1905
1924
1924
1924
1924
1924
1924
1926
1926
1926
1926
1926
1926
1904
1904
1907
1907
1907
1907
1890
1889
1889
1889
1889
1889
1889
1926
1926
1926
1926
1926
1880
1880
1880
1880
1880
1880
1908
1885
1885
1931
1921
1921
1921
1921
1921
1921
1906
1925
1925
1925
1925
1925
1923
1923
1934
1934
1900
1900
1900
1900
1900
1931
1931
1931
1931
1931
1909
1909
1921
1921
1939
1939
1925
1921
1921
1889
1889
1919
1919
1919
1919
1919
1919
1889
1889
1889
1889
1889
1889
1905
1905
1905
1905
1905
1905
1905
1905
1905
1905
1916
1916
1916
1916
1916
1903
1903
1903
1903
1903
1936
1936
1936
1936
1936
1936
1902
1902
1902
1902
1902
1902
1918
1918
1918
1918
1918
1916
1916
1916
1916
1916
1916
1913
1913
1913
1913
1913
1905
1905
1903
1918
1913
1888
1888
1888
1888
1888
1888
1895
1914
1914
1922
1922
1896
1896
1890
1931
1923
1923
1923
1923
1923
1923
1925
1925
1925
1925
1925
1925
1886
1886
1886
1886
1886
1886
1899
1899
1899
1899
1899
1899
1929
1929
1935
1935
1935
1935
1935
1905
1905
1899
1899
1899
1899
1899
1936
1936
1904
1904
1904
1904
1904
1904
1930
1930
1930
1930
1930
1930
1940
1940
1904
1904
1904
1904
1904
1904
1901
1901
1934
1934
1935
1935
1929
1929
1929
1929
1929
1929
1930
1930
1930
1930
1930
1930
1903
1903
1903
1903
1903
1903
1910
1910
1899
1899
1923
1923
1902
1902
1906
1906
1882
1882
1882
1882
1882
1882
1912
1912
1912
1912
1912
1912
1940
1940
1925
1925
1925
1925
1925
1925
1922
1922
1922
1922
1922
1922
1905
1911
1905
1905
1905
1905
1905
1894
1894
1910
1910
1911
1911
1911
1911
1911
1889
1889
1889
1889
1889
1889
1900
1900
1900
1900
1900
1900
1886
1886
1886
1886
1886
1886
1928
1928
1928
1928
1928
1928
1930
1930
1930
1930
1930
1930
1918
1921
1921
1921
1921
1921
1921
1901
1901
1929
1929
1921
1921
1921
1921
1921
1921
1925
1925
1892
1892
1892
1892
1892
1892
1901
1901
1901
1901
1901
1901
1908
1894
1894
1905
1905
1904
1909
1869
1869
1911
1911
1901
1901
1901
1901
1911
1911
1911
1911
1911
1911
1912
1912
1912
1912
1912
1912
1938
1938
1938
1938
1938
1938
1888
1888
1888
1888
1888
1888
1908
1908
1908
1908
1908
1908
1908
1908
1867
1867
1901
1901
1908
1908
1908
1908
1908
1908
1901
1901
1937
1937
1937
1937
1937
1937
1908
1908
1921
1921
1921
1921
1921
1921
1913
1913
1913
1913
1913
1913
1908
1927
1927
1927
1927
1927
1927
1906
1906
1906
1917
1906
1906
1908
1908
1908
1908
1908
1908
1913
1913
1913
1913
1913
1940
1940
1940
1940
1940
1940
1935
1935
1935
1935
1935
1935
1890
1890
1890
1890
1890
1890
1917
1917
1917
1917
1917
1917
1937
1937
1925
1925
1925
1925
1925
1925
1900
1900
1900
1900
1900
1900
1933
1933
1896
1896
1902
1902
1902
1902
1902
1902
1926
1926
1926
1926
1926
1926
1885
1885
1885
1885
1885
1885
1886
1886
1886
1886
1886
1886
1920
1920
1920
1920
1920
1920
1926
1926
1925
1926
1926
1926
1939
1939
1939
1939
1939
1939
1934
1934
1934
1934
1911
1911
1911
1911
1911
1911
1925
1925
1925
1925
1925
1925
1898
1896
1896
1896
1895
1896
1889
1889
1889
1889
1889
1889
1878
1878
1878
1878
1878
1922
1922
1922
1922
1922
1922
1883
1883
1883
1883
1883
1912
1912
1912
1912
1912
1912
1934
1929
1929
1929
1929
1929
1922
1922
1922
1922
1922
1921
1921
1921
1921
1921
1921
1882
1882
1922
1922
1922
1922
1922
1922
1908
1908
1908
1908
1908
1908
1858
1858
1858
1858
1858
1858
1910
1925
1925
1925
1925
1925
1925
1910
1910
1910
1910
1910
1910
1910
1910
1910
1877
1877
1877
1877
1877
1877
1916
1916
1916
1916
1916
1916
1939
1939
1939
1939
1939
1939
1892
1892
1892
1892
1892
1892
1913
