1923
1926
1921
1897
1923
1880
1908
1875
1905
1904
1924
1930
1934
1913
1887
1868
1891
1893
1869
1935
1898
1931
1933
1938
1924
1921
1937
1880
1884
1907
1932
1933
1886
1924
1914
1930
1906
1920
1926
1897
1927
1924
1888
1921
1917
1919
1886
1916
1924
1889
1887
1904
1939
1899
1931
1939
1909
1918
1916
1892
1891
1886
1870
1922
1894
1921
1933
1925
1889
1922
1910
1912
1914
1888
1919
1880
1938
1895
1935
1925
1927
1896
1930
1887
1878
1890
1926
1924
1922
1934
1939
1914
1938
1935
1921
1889
1929
1889
1913
1920
1907
1922
1923
1920
1891
1889
1927
1930
1925
1925
1913
1906
1911
1937
1933
1884
1883
1905
1936
1906
1921
1919
1893
1894
1920
1928
1923
1914
1908
1932
1908
1934
1885
1907
1915
1913
1889
1907
1914
1932
1937
1919
1906
1907
1907
1936
1913
1893
1927
1925
1897
1899
1904
1893
1869
1904
1891
1903
1910
1931
1904
1931
1898
1894
1925
1928
1923
1926
1937
1932
1912
1932
1937
1907
1905
1935
1900
1926
1931
1899
1925
1938
1918
1932
1900
1899
1913
1897
1934
1888
1918
1923
1920
1886
1928
1855
1855
1904
1930
1934
1902
1902
1903
1930
1893
1935
1907
