1920
1916
1903
1918
1907
1921
1916
1904
1926
1903
1916
1918
1921
1911
1922
1912
1925
1921
1907
1914
1924
1923
1903
1922
1921
1920
1922
1919
1914
1923
1912
1903
1914
1918
1922
1925
1922
1915
1928
1917
1924
1914
1924
1910
1917
1912
1922
1922
1911
1923
1925
1924
1914
1912
1908
1925
1920
1922
1924
1924
1926
1922
1917
1917
1904
1912
1920
1925
1924
1922
1913
1922
1923
1911
1915
1923
1911
1916
1903
1912
1913
1023
1926
1912
1924
1909
1912
1922
1921
1915
1920
1918
1910
1920
1916
1911
1915
1921
1922
1918
1918
1917
1913
1925
1900
1912
1905
1914
1922
1922
1903
1925
1923
1920
1910
1926
1923
1923
1924
1921
1910
1920
1911
1921
1924
1916
1923
1910
1922
1915
1916
1914
1925
1915
1913
1913
1922
1914
1905
1915
1919
1926
1900
1927
1923
1915
1923
1922
1921
1920
1925
