1894
1894
1912
1912
1931
1931
1902
1902
1896
1896
1925
1925
1910
1910
1886
1886
1876
1876
1878
1878
1881
1881
1913
1913
1919
1919
1904
1904
1926
1926
1901
1901
1931
1931
1935
1935
1874
1874
1925
1925
1924
1924
1900
1900
1934
1934
1937
1937
1900
1900
1929
1929
1895
1895
1934
1934
1890
1890
1923
1923
1910
1910
1908
1908
1934
1934
1880
1880
1939
1939
1912
1912
1914
1914
1939
1939
1911
1911
1908
1908
1903
1903
1893
1893
1926
1926
1896
1896
1909
1909
1873
1873
1893
1893
1908
1908
1938
1938
1933
1933
1908
1908
1902
1902
1931
1931
1913
1913
1937
1937
1878
1878
1906
1906
1860
1860
1932
1932
1912
1912
1936
1936
1904
1904
1913
1913
1939
1939
1930
1930
1926
1926
1902
1902
1929
1929
1898
1898
1907
1907
1885
1885
1921
1921
1912
1912
1884
1884
1915
1915
1917
1917
1900
1900
1913
1913
1902
1902
1939
1939
1903
1903
1908
1908
1936
1936
1938
1938
1911
1911
1912
1912
1907
1907
1867
1867
1908
1908
1912
1912
1905
1905
1913
1913
1883
1883
1910
1910
1902
1902
1905
1905
1871
1871
1924
1924
1916
1916
1919
1919
1889
1889
1893
1893
