1884
1911
1911
1915
1915
1909
1912
1939
1928
1901
1902
1935
1932
1918
1918
1914
1914
1880
1880
1930
1906
1896
1929
1936
1934
1904
1902
1928
1907
1907
1914
1914
1880
1927
1934
1904
1900
1889
1880
1923
1884
1923
1875
1901
1874
1883
1902
1926
1896
1928
1908
1872
1939
1900
1936
1908
1931
1923
1896
1921
1894
1900
1901
1928
1931
1935
1898
1906
1905
1931
1928
1940
1905
1887
1887
1907
1907
1899
1917
1912
1882
1914
1934
1907
1909
1897
1930
1933
1900
1900
1927
1927
1937
1905
1903
1923
1885
1920
1922
1922
1912
1925
1925
1910
1934
1916
1916
1924
1910
1884
1932
1932
1875
1875
1891
1916
1935
1891
1925
1897
1918
1913
1915
1923
1925
1919
1911
1888
1906
1905
1903
1940
1907
1935
1931
1902
1933
1906
1935
1936
1921
1925
1895
1910
1918
1918
1923
1905
1932
1937
1907
1939
1908
1915
1886
1911
1911
1887
1915
1889
1873
1869
1916
1911
1883
1878
1927
1909
1922
1909
1938
1902
1920
1920
1890
1890
1932
1930
1905
1905
1932
1905
1905
1930
1869
1879
1908
1920
1889
1913
1913
1925
1917
1937
1937
1938
1923
1888
1911
1873
1912
1894
1901
1939
1938
1935
1939
1935
1910
1931
1917
1909
1926
1935
1910
1939
1889
1905
1884
1920
1922
1917
1922
1920
1918
1928
1898
1927
1915
1889
1883
1929
1914
1939
1912
1928
1916
1920
1922
1926
1928
1916
1920
1922
1901
1910
1910
1907
1927
1920
1920
1886
1924
1884
1905
1932
1940
1934
1909
1909
