1922
1908
1914
1918
1919
1924
1891
1925
1920
1878
1917
1915
1860
1900
1879
1932
1901
1897
1888
1875
1887
1921
1930
1903
1932
1898
1898
1922
1891
1891
1919
1924
1896
1897
1870
1903
1882
1920
1915
1885
1931
1902
1902
1919
1922
1894
1901
1899
1929
1930
1936
1924
1926
1880
1935
1934
1904
1892
1900
1911
1941
1932
1920
1922
1919
1930
1886
1909
1872
1907
1902
1895
1895
1931
1897
1935
1897
1922
1894
1876
1875
1909
1939
1933
1906
1931
1897
1922
1881
1885
1919
1920
1937
1922
1923
1891
1930
1925
1910
1934
1914
1910
1875
