1883
1877
1903
1931
1929
1903
1887
1925
1876
1939
1918
1923
1900
1924
1926
1886
1939
1909
1937
1932
1909
1914
1912
1911
1915
1889
1875
1900
1880
1870
1920
1894
1917
1915
1913
1889
1890
1921
1887
1931
1930
1926
1899
1929
1932
1901
1932
1928
1936
1900
1908
1911
1912
1938
1924
1901
1932
1903
1929
1884
1885
1917
1863
1910
1922
1929
1926
1938
1899
1899
1864
1879
1923
1890
1925
1925
1901
1871
1878
1896
1929
1932
1895
1912
1935
1876
1939
1909
1897
1897
1935
1872
1907
1926
1870
1937
1929
1906
1897
1936
1932
1879
1938
1877
1916
1930
1902
1909
1901
1911
1911
1896
1938
1892
1919
1892
1921
1924
1917
1876
1938
1908
1911
1912
1912
1902
1880
1927
1881
1923
1910
1912
1876
1872
1882
1923
1872
1938
1907
1904
1933
1930
1875
1873
1924
1895
1887
1929
1860
1931
1895
1931
1897
1931
1929
1927
1898
1886
1933
1939
1908
1906
1938
1889
1924
1920
1922
1889
1914
1924
1896
1922
1926
1924
1921
1928
1895
1909
1909
1921
