1898
1905
1938
1936
1889
1887
1917
1917
1930
1930
1887
1900
1905
1888
1885
1940
1907
1920
1942
1942
1942
1915
1915
1912
1912
1891
1885
1924
1923
1886
1891
1891
1925
1925
1920
1920
1892
1922
1929
1895
1927
1895
1881
1872
1894
1923
1904
1912
1911
1875
1920
1889
1932
1908
1933
1925
1930
1924
1888
1888
1897
1896
1922
1924
1934
1926
1933
1875
1875
1934
1902
1928
1926
1937
1903
1914
1910
1883
1885
1914
1918
1918
1905
1930
1934
1932
1928
1933
1938
1912
1927
1925
1914
1873
1896
1871
1909
1908
1916
1877
1918
1925
1927
1904
1885
1925
1889
1889
1925
1919
1916
1913
1906
1933
1928
1902
1927
1898
1920
1921
1932
1914
1885
1879
1887
1913
1938
1940
1940
1913
1938
1929
1935
1902
1904
1931
1935
1901
1929
1904
1924
1922
1931
1880
1913
1933
1907
1938
1907
1928
1926
1906
1925
1892
1870
1887
1920
1889
1889
1920
1920
1922
1928
1919
1929
1877
1905
1929
1938
1930
1899
1871
1915
1926
1918
1933
1934
1905
1941
1901
1899
1901
1893
1927
1905
1913
1932
1888
1904
1899
1902
1910
1901
1902
1931
1904
1889
1921
1902
1928
1933
1899
1925
1885
1927
1927
1896
1894
1927
1928
1933
1925
1926
1893
1895
1890
1879
1902
1876
1928
1900
1925
1901
1930
1922
1915
1892
1918
1915
1905
1874
1872
1872
1906
1871
1868
1874
1919
1922
1901
1896
1925
1916
1914
1888
1920
1916
1884
1912
1888
1921
1925
1896
1883
1904
1910
1907
1937
1896
1932
1878
1892
1918
1884
1925
1931
1925
1898
1928
1939
1907
1918
1889
1915
1922
1887
1890
1910
1919
1926
1924
1894
1922
1875
1930
1896
1925
1934
1923
1897
1892
1923
1921
1930
1925
1890
1924
1930
1885
1933
1936
1905
1939
1930
1894
1928
1896
1922
1915
1912
1936
1941
1909
1927
1926
1931
1880
1882
1940
1902
1921
1937
1918
1898
1907
1900
1926
1932
1930
1903
1879
1883
1915
1943
1942
1890
1900
1872
1873
