1890
1882
1894
1882
1888
1923
1883
1900
1887
1879
1913
1887
1880
1885
1894
1887
1905
1897
1880
1899
1907
1907
1886
1921
1925
1888
1899
1899
1902
1939
1906
1883
1870
1871
1887
1889
1911
1915
1895
1886
1863
1864
1881
1901
1897
1923
1876
1913
1878
1909
1908
1890
1898
1926
1902
1922
1892
1908
1912
1897
1894
1898
1892
1903
1912
1886
1910
1913
1917
1889
1860
1910
1904
1885
1882
1880
1913
1911
1878
1880
1910
1886
1869
1917
1871
1867
1869
1885
1921
1923
1882
1894
1891
1882
1900
1900
1901
1903
1911
1901
1883
1860
1930
1900
1930
1887
1892
1912
1901
1885
1868
1899
1906
1908
