1915
1919
1921
1882
1881
1911
1908
1924
1923
1914
1886
1921
1919
1885
1925
1911
1910
1929
1918
1876
1924
1893
1928
1924
1900
1926
1903
1930
1912
1911
1938
1886
1918
1886
1904
1910
1937
1937
1913
1909
1908
1939
1909
1914
1911
1905
1911
1876
1899
1893
1922
1926
1899
1888
1880
1893
1921
1927
1893
1930
1886
1879
1909
1879
1922
1875
1925
1937
1914
1878
1938
1907
1923
1877
1925
1921
1878
1888
1879
1876
1928
1923
1882
1914
1911
1906
1932
1934
1925
1939
1912
1935
1930
1925
1897
1896
1927
1904
1885
1884
1919
1923
1928
1923
1900
1899
1926
1909
1937
1906
1940
1908
1912
1877
1913
1919
1878
1884
1939
1916
1922
1885
1912
1895
1901
1924
1908
1900
1934
1929
1898
1870
1875
1874
1893
1894
1928
1905
1905
1866
1898
1916
1879
1908
1918
1924
1877
1904
1881
1894
1929
1894
1921
1885
1908
1930
1895
1924
1929
1935
1890
1906
1903
1939
1909
1892
1911
1906
1938
1875
1912
1904
1938
1937
1930
1919
1904
1885
1933
1902
1928
1925
1892
1898
1934
1908
1912
1870
1869
1892
1924
1879
1903
1918
1908
1909
1923
1889
1927
1891
1920
1869
1912
1868
1921
1939
1903
1907
1936
1932
