1900
1900
1900
1900
1923
1923
1880
1880
1875
1875
1904
1904
1879
1879
1932
1932
1927
1927
1869
1869
1912
1912
1905
1905
1903
1903
1903
1903
1927
1927
1895
1895
1914
1914
1908
1908
1914
1914
1907
1907
1879
1879
1894
1894
1935
1935
1905
1905
1907
1907
1890
1890
1889
1889
1916
1916
1902
1902
1907
1907
1936
1936
1878
1878
1908
1908
1911
1911
1939
1939
1914
1914
1915
1915
1939
1939
1915
1915
1920
1920
1919
1919
1910
1910
1916
1916
1921
1921
1884
1884
1914
1914
1876
1876
1909
1909
1875
1875
1899
1899
1933
1933
1913
1913
1903
1903
1908
1908
1924
1924
1913
1913
1918
1918
1939
1939
1925
1925
1893
1893
1941
1941
1918
1918
1874
1874
1876
1876
1908
1908
1913
1913
1912
1912
1939
1939
1878
1878
1907
1907
1913
1913
1939
1939
1932
1932
1909
1909
1939
1939
1911
1911
1891
1891
1938
1938
1911
1911
1921
1921
1891
1891
1919
1919
1896
1896
1939
1939
1906
1906
1933
1933
1893
1893
1892
1892
1930
1930
1925
1925
1880
1880
1895
1895
1915
1915
1887
1887
1913
1913
1920
1920
1880
1880
1937
1937
1906
1906
1916
1916
1879
1879
1882
1882
1921
1921
1903
1903
1930
1930
1905
1905
1873
1873
1906
1906
1907
1907
1892
1892
1896
1896
1924
1924
1921
1921
1924
1924
1892
1892
1895
1895
1901
1901
1899
1899
1929
1929
1925
1925
1869
1869
1926
1926
1900
1900
1935
1935
1925
1925
1877
1877
1934
1934
1908
1908
1936
1936
1901
1901
1938
1938
1898
1898
1925
1925
1932
1932
1920
1920
1937
1937
1916
1916
1900
1900
1898
1898
1914
1914
1932
1932
1927
1927
1893
1893
1907
1907
1929
1929
1907
1907
1907
1907
1908
1908
1936
1936
1931
1931
1939
1939
1904
1904
1891
1891
1900
1900
1900
1900
1900
1900
1886
1886
1914
1914
1935
1935
1908
1908
1941
1941
1910
1910
1902
1902
1938
1938
1921
1921
1891
1891
1931
1931
1937
1937
1900
1900
1923
1923
1934
1934
1898
1898
1908
1908
1919
1919
1880
1880
1902
1902
1890
1890
1905
1905
1910
1910
1922
1922
1896
1896
1890
1890
1909
1909
1917
1917
1917
1917
1894
1894
1874
1874
1915
1915
1920
1920
1926
1926
1923
1923
1902
1902
1888
1888
1919
1919
1925
1925
1923
1923
1914
1914
1921
1921
1881
1881
1909
1909
1927
1927
1879
1879
1933
1933
1930
1930
1901
1901
1895
1895
1932
1932
1929
1929
1889
1889
1916
1916
1916
1916
1937
1937
1877
1877
1876
1876
1939
1939
1914
1914
1915
1915
1879
1879
1882
1882
1900
1900
1930
1930
1901
1901
