1909
1931
1906
1936
1921
1922
1907
1911
1902
1933
1909
1930
1890
1905
1916
1926
1914
1912
1885
1922
1902
1904
1933
1912
1925
1929
1905
1934
1927
1922
1924
1913
1885
1903
1894
1930
1891
1918
1883
1929
1919
1898
1925
1885
1919
1939
1910
1911
1905
1909
1899
1896
1920
1922
1905
1900
1934
1926
1923
1909
1913
1905
1918
1926
1916
1890
1925
1890
1887
1922
1879
1924
1924
1889
1889
1931
1931
1931
1929
1917
1928
1919
1900
1920
1897
1891
1905
1937
1921
1931
1896
1896
1928
1928
1931
1897
1894
1925
1922
1907
1917
1902
1920
1919
1896
1909
1929
1916
1908
1882
1941
1916
1924
1919
1885
1914
1905
1910
1907
1934
1898
1942
1908
1909
1911
1909
1876
1918
1928
1926
1903
1923
1897
1922
1922
1928
1911
1925
1891
1899
1904
1907
1901
1900
1910
1913
