1915
1915
1915
1915
1934
1934
1929
1929
1927
1927
1904
1904
1914
1914
1900
1900
1926
1926
1927
1927
1907
1907
1925
1928
1925
1928
1896
1896
1929
1929
1930
1930
1934
1934
1924
1924
1936
1936
1925
1925
1898
1898
1932
1932
1926
1926
1902
1902
1902
1902
1918
1918
1905
1905
1885
1885
1885
1885
1928
1928
1915
1915
1905
1905
1932
1932
1922
1922
1939
1939
1902
1902
1902
1902
1905
1905
1891
1891
1922
1922
1926
1926
1920
1920
1909
1909
1912
1912
1913
1913
1929
1929
1911
1911
1916
1916
1920
1920
1931
1931
1908
1908
1907
1907
1923
1923
1927
1927
1918
1918
1913
1913
1917
1917
1907
1907
1899
1899
1933
1933
1925
1925
1895
1895
1928
1928
1900
1900
1923
1923
1901
1901
1919
1919
1932
1932
1934
1934
1927
1927
1937
1937
1897
1897
1926
1926
