1909
1909
1914
1921
1905
1899
1899
1929
1925
1913
1923
1918
1920
1925
1893
1894
1877
1915
1879
1917
1919
1918
1900
1928
1903
1940
1908
1897
1935
1916
1936
1938
1925
1910
1919
1914
1877
1908
1892
1860
1905
1881
1929
1928
1933
1930
1901
1930
1888
1888
1881
1890
1886
1908
1919
1923
1916
1927
1884
1921
1909
1888
1916
1885
1892
1910
1924
1898
1922
1933
1937
1892
1882
1924
1907
1926
1929
1899
1919
1882
1940
1904
1909
1878
1910
1937
1914
1914
1879
1918
1932
1903
1928
1874
1913
1880
1926
1894
1909
1908
1917
1919
1894
1925
1889
1892
1918
1885
1887
1902
1922
1889
1911
1893
1927
1889
1885
1924
1887
1910
1887
1936
1928
1904
1930
1903
1925
1932
1896
1896
1901
1928
1923
1891
1898
1930
1896
1931
1928
1900
1900
1932
1928
1898
1916
1921
1929
1927
1885
1893
1892
1915
1921
1912
1884
1921
1900
1907
1927
1915
1930
1925
1903
1918
1915
1895
1881
1932
1892
1924
1929
1927
1922
1925
1920
