1868
1868
1893
1893
1904
1904
1900
1900
1925
1925
1927
1927
1893
1893
1935
1935
1923
1923
1933
1933
1928
1928
1896
1896
1939
1939
1910
1910
1936
1936
1908
1908
1900
1900
1932
1932
1908
1908
1900
1900
1899
1899
1937
1937
1910
1910
1907
1907
1933
1933
1911
1911
1905
1905
1896
1896
1919
1919
1866
1866
1869
1869
1928
1928
1926
1926
1902
1902
1912
1912
1918
1918
1882
1882
1883
1883
1908
1908
1934
1934
1904
1904
1929
1929
1901
1901
1937
1937
1900
1900
1900
1900
1900
1900
1900
1900
1900
1900
1900
1900
1900
1900
1900
1900
1925
1925
1938
1938
1899
1899
1927
1927
1892
1892
1907
1907
1932
1932
1898
1898
1931
1931
1900
1900
1900
1900
1900
1900
1900
1900
1900
1900
1900
1900
1878
1878
1900
1900
1895
1895
1928
1928
1890
1890
1914
1914
1893
1893
1917
1917
1905
1905
1890
1890
1922
1922
1889
1889
1899
1899
1878
1878
1909
1909
1940
1940
1920
1920
1900
1900
1900
1900
1900
1900
1900
1900
1923
1923
1873
1873
1926
1926
1920
1920
1918
1918
1885
1885
1918
1918
1890
1890
1899
1899
1897
1897
1900
1900
1927
1927
1937
1937
