1928
1928
1884
1884
1917
1917
1886
1886
1914
1914
1918
1918
1900
1900
1900
1900
1900
1900
1900
1900
1870
1870
1900
1900
1900
1900
1904
1904
1914
1914
1900
1900
1900
1900
1900
1900
1900
1900
1900
1900
1878
1878
1873
1873
1900
1900
1900
1900
1907
1907
1906
1906
1897
1897
1935
1935
1870
1870
1900
1900
1900
1900
1900
1900
1892
1892
1916
1916
1888
1888
1924
1924
1920
1920
1873
1873
1914
1914
1878
1878
1900
1900
1900
1900
1900
1900
1889
1889
1900
1900
1900
1900
1900
1900
1900
1900
1900
1900
1900
1900
1900
1900
1909
1909
1884
1884
1918
1918
1881
1881
1910
1910
1900
1900
1900
1900
1900
1900
1900
1900
1900
1900
1900
1900
1900
1900
1920
1920
1900
1900
1885
1885
1914
1914
1911
1911
1936
1936
1907
1907
1900
1939
1900
1939
1906
1906
1934
1934
1929
1929
1928
1928
1905
1905
1929
1929
1919
1919
1910
1910
1900
1900
1900
1900
1900
1900
1907
1907
1914
1914
1920
1920
1919
1919
1886
1886
1914
1914
1922
1922
1910
1910
1883
1883
1934
1934
1900
1900
1900
1900
1900
1900
1900
1900
1900
1900
1914
1914
1900
1900
1900
1900
1900
1900
1935
1935
1933
1933
1910
1910
