1936
1936
1908
1908
1930
1930
1908
1908
1931
1931
1925
1925
1863
1863
1894
1894
1872
1872
1923
1923
1888
1888
1928
1928
1927
1927
1926
1926
1891
1891
1885
1885
1919
1919
1922
1922
1927
1927
1929
1929
1900
1900
1931
1931
1893
1893
1926
1926
1875
1875
1924
1924
1922
1922
1885
1885
1879
1879
1878
1878
1910
1910
1876
1876
1915
1915
1934
1934
1908
1908
1887
1887
1886
1886
1923
1923
1900
1900
1880
1880
1905
1905
1936
1936
1870
1870
1931
1931
1933
1933
1918
1918
1913
1913
1881
1881
1936
1936
1934
1934
1908
1908
1908
1908
