1907
1905
1911
1910
1896
1906
1918
1933
1905
1927
1915
1943
1919
1911
1924
1914
1906
1906
1938
1902
1885
1910
1911
1907
1906
1908
1908
1933
1914
1906
1922
1943
1902
1895
1928
1920
1907
1925
1920
1907
1942
1917
1921
1885
1917
1917
1891
1902
1925
1913
1904
1901
1900
1902
1887
1901
1905
1907
1936
1933
1938
1934
1889
1921
1910
1940
1894
1897
1887
1922
1924
1903
1904
1935
1933
1937
1908
1912
1918
1894
1930
1897
1901
1916
1894
1913
1936
1910
1911
1926
1915
1926
1904
1935
1904
1938
1906
1917
1914
1941
1939
1906
1909
1919
1921
1920
1917
1899
1930
1902
1933
1920
1904
1897
1920
1913
1942
1912
1921
1921
1911
1916
1911
1903
1918
1898
1908
1888
1916
1939
1913
1911
1890
1907
1914
1895
1909
1885
1921
1941
1933
1905
1936
1907
1885
1909
1912
1903
1913
1940
1892
1927
1894
1897
1898
1906
1909
