1926
1926
1924
1924
1900
1900
1929
1929
1933
1933
1904
1904
1891
1891
1936
1936
1917
1917
1930
1930
1911
1911
1932
1932
1870
1870
1866
1866
1939
1939
1906
1906
1870
1870
1878
1878
1900
1900
1900
1900
1934
1934
1933
1933
1930
1930
1907
1907
1907
1907
1936
1936
1900
1900
1913
1913
1887
1887
1886
1886
1900
1900
1919
1919
1885
1885
1900
1900
1880
1880
1917
1917
1900
1900
1907
1907
1886
1886
1918
1918
1917
1917
1900
1900
1900
1900
1900
1900
1900
1900
1906
1907
1932
1906
1907
1932
1938
1938
1866
1866
1907
1907
1912
1912
1890
1890
1917
1917
1886
1886
1919
1919
1922
1922
1927
1927
1888
1888
1920
1920
1921
1921
1883
1883
1880
1880
1874
1874
1876
1876
1880
1880
1886
1886
1896
1896
1897
1897
1925
1925
1900
1900
1929
1929
1921
1921
1917
1917
1914
1914
1921
1921
1884
1884
1883
1883
1879
1879
1906
1906
1890
1890
1917
1917
1887
1887
1923
1923
1909
1909
1912
1912
1880
1880
1918
1918
1886
1886
1920
1920
1923
1923
1924
1924
1886
1886
1890
1890
1933
1933
1930
1930
1903
1903
1877
1877
1873
1873
1929
1929
1900
1900
1890
1890
1886
1886
1896
1896
1905
1905
1906
1906
1922
1922
1875
1875
1936
1936
1888
1888
1914
1914
1919
1919
1924
1924
1889
1889
1859
1859
1875
1875
1904
1904
1916
1916
1876
1876
1938
1938
1907
1907
1900
1900
1869
1869
1920
1920
1918
1918
1882
1882
1922
1922
1906
1906
1939
1939
1877
1877
1913
1913
1883
1883
1912
1912
1880
1880
1916
1916
1877
1877
