1926
1926
1924
1924
1924
1924
1898
1898
1926
1926
1923
1923
1930
1930
1922
1922
1903
1903
1861
1861
1908
1908
1905
1905
1909
1909
1870
1870
1937
1937
1910
1910
1932
1932
1910
1910
1886
1886
1909
1909
1940
1940
1909
1909
1918
1918
1914
1914
1912
1912
1934
1934
1901
1901
1901
1901
1926
1926
1932
1932
1924
1924
1930
1930
1916
1916
1928
1928
1901
1901
1901
1901
1885
1885
1920
1920
1894
1894
1923
1923
1878
1878
1907
1907
1936
1936
1904
1904
1916
1916
1890
1890
1929
1929
1924
1924
1920
1920
1918
1918
1893
1893
1896
1896
1903
1903
1897
1897
1897
1897
1929
1929
1926
1926
1912
1912
1899
1899
1934
1934
1937
1937
1932
1932
1902
1902
1929
1929
1914
1914
1879
1879
1903
1903
1910
1910
1919
1919
1902
1902
1937
1937
1912
1912
1933
1933
1900
1900
1883
1883
1912
1912
1880
1880
1875
1875
1886
1886
1914
1914
1884
1884
1919
1919
1921
1921
1900
1900
1904
1904
1912
1912
1925
1925
1914
1914
1904
1904
1926
1926
1935
1935
1931
1931
1912
1912
1942
1942
1940
1940
1939
1939
1912
1912
1920
1920
1887
1887
1905
1905
1907
1907
1900
1900
1912
1912
1899
1899
1925
1925
1932
1932
1904
1904
1915
1915
1914
1914
1900
1900
1933
1933
1930
1930
1916
1916
1900
1900
1900
1900
1900
1900
1913
1913
1922
1922
1904
1904
1909
1909
1913
1913
1928
1928
1872
1872
1904
1904
1883
1883
1919
1919
1881
1881
1883
1883
1906
1906
1922
1922
1927
1927
1889
1889
1891
1891
1923
1923
1898
1898
1915
1915
1919
1919
1931
1931
1904
1904
1938
1938
1931
1931
1929
1929
1933
1933
1901
1901
1900
1900
1927
1927
1918
1918
1896
1896
1918
1918
1909
1909
1932
1932
1908
1908
1885
1885
1935
1935
1905
1905
1884
1884
1914
1914
1887
1887
1911
1911
1909
1909
1908
1908
1882
1882
1923
1923
1878
1878
1931
1931
1925
1925
1899
1899
1920
1920
1933
1933
1937
1937
1910
1910
1884
1884
1939
1939
1918
1918
1886
1886
1910
1910
1887
1887
1876
1876
1902
1902
1934
1934
1911
1911
1937
1937
1907
1907
1915
1915
1901
1901
1927
1927
1928
1928
1896
1896
1896
1896
1900
1900
1908
1908
1879
1879
1898
1898
