1906
1930
1868
1938
1905
1932
1907
1911
1905
1897
1897
1930
1903
1933
1898
1866
1881
1905
1930
1905
1934
1900
1927
1900
1929
1870
1876
1914
1935
1908
1892
1920
1910
1910
1926
1871
1934
1923
1922
1916
1914
1914
1887
1885
1918
1919
1927
1938
1907
1904
1892
1933
1918
1880
1858
1911
1911
1941
1932
1902
1902
1934
1939
1925
1930
1900
1896
1927
1889
1909
1888
1926
1915
1882
1924
1938
1915
1908
1913
1883
1910
1929
1884
1917
1915
1924
1888
1921
1915
1912
1926
1928
1905
1905
1931
1910
1910
1905
1894
1928
1936
1925
1908
1899
1921
1888
1902
1923
1912
1879
1874
1924
1896
1896
1904
1911
1922
1866
1930
1900
1903
1924
1924
1919
1925
1921
1927
1898
1894
1936
1899
1898
1891
1919
1925
1892
1891
1928
1882
1910
1885
1913
1911
1931
1911
1905
1933
1931
1939
1900
1925
1927
1935
1933
1901
1903
1909
1919
1924
1893
1865
1887
1926
1907
1882
1870
1916
1915
1929
1896
1925
1924
1891
1895
1893
1886
1884
1925
1920
1924
1926
1896
1921
1900
1924
