1895
1895
1931
1931
1928
1928
1902
1902
1939
1939
1909
1909
1908
1908
1895
1895
1921
1921
1929
1929
1908
1908
1931
1931
1905
1905
1932
1932
1934
1934
1921
1921
1924
1924
1889
1889
1899
1899
1908
1908
1913
1913
1911
1911
1908
1908
1919
1919
1896
1896
1922
1922
1895
1895
1923
1923
1928
1928
1894
1894
1915
1915
1924
1924
1892
1892
1913
1913
1919
1919
1897
1897
1908
1908
1906
1906
1909
1909
1918
1918
1919
1919
1923
1923
1920
1920
1909
1909
1917
1917
1919
1919
1887
1887
1889
1889
1917
1917
1923
1923
1880
1880
1902
1902
1882
1882
1922
1922
1897
1897
1895
1895
1924
1924
1898
1898
1899
1899
1890
1890
1891
1891
1929
1929
1927
1927
1918
1918
1913
1913
1918
1918
1927
1927
1926
1926
1919
1919
1914
1914
1910
1910
1912
1912
1902
1902
1902
1902
1930
1930
1914
1914
1917
1917
1883
1883
1880
1880
1907
1907
1924
1924
1912
1912
1913
1913
1944
1944
1898
1898
1903
1903
1929
1929
1925
1925
1931
1931
1901
1901
1915
1915
1911
1911
1916
1916
1926
1926
1923
1923
1925
1925
1915
1915
1919
1919
1916
1916
1886
1886
1916
1916
1889
1889
1926
1926
1927
1927
1891
1891
1914
1914
1923
1923
1912
1912
1912
1912
1914
1914
1939
1939
1910
1910
1907
1907
1933
1933
1877
1877
1920
1920
1886
1886
1926
1926
1909
1909
1913
1913
1903
1903
1940
1940
1903
1903
1902
1902
1925
1925
1923
1923
1923
1923
1913
1913
1886
1886
1900
1900
1936
1936
1913
1913
1885
1885
1882
1882
1903
1903
1924
1924
1932
1932
1911
1911
1902
1902
1907
1907
1918
1918
1925
1925
1888
1888
1921
1921
1901
1901
1928
1928
1927
1927
1924
1924
1925
1925
1900
1900
1896
1896
1899
1899
1929
1929
1930
1930
1895
1895
1903
1903
1918
1918
1880
1880
1916
1916
1915
1915
1927
1927
1909
1909
1902
1902
1909
1909
1909
1909
1936
1936
1912
1912
1911
1911
