1907
1907
1925
1925
1927
1927
1895
1895
1890
1890
1907
1907
1907
1907
1931
1931
1935
1935
1908
1908
1908
1908
1924
1924
1922
1922
1890
1890
1925
1925
1903
1903
1940
1940
1899
1899
1927
1927
1923
1923
1943
1943
1898
1898
1919
1919
1888
1888
1885
1885
1938
1938
1909
1909
1887
1887
1909
1909
1908
1908
1909
1909
1912
1912
1936
1936
1938
1938
1880
1880
1922
1922
1919
1919
1915
1915
1877
1877
1927
1927
1920
1920
1920
1920
1890
1890
1924
1924
1892
1892
1907
1907
1870
1870
1871
1871
1875
1875
1909
1909
1934
1934
1908
1908
1907
1907
1936
1936
1903
1903
1940
1940
1905
1905
1941
1941
1922
1922
1881
1881
1910
1910
1878
1878
1908
1908
1869
1869
1928
1928
1935
1935
1904
1904
1927
1927
1895
1895
1868
1868
1888
1888
1918
1918
