1909
1909
1913
1913
1934
1934
1929
1929
1900
1900
1932
1932
1929
1929
1927
1927
1895
1895
1898
1898
1920
1920
1890
1890
1923
1923
1900
1900
1894
1894
1916
1916
1937
1937
1911
1911
1900
1900
1886
1886
1905
1905
1901
1901
1928
1928
1902
1902
1932
1932
1882
1882
1927
1881
1881
1927
1909
1909
1901
1901
1927
1927
1903
1903
1937
1937
1914
1914
1913
1913
1915
1915
1914
1914
1896
1896
1899
1899
1921
1921
1919
1919
1924
1924
1924
1924
1927
1927
1873
1873
1914
1914
1920
1920
1894
1894
1896
1896
1923
1923
1926
1926
1900
1900
1912
1912
1900
1900
1908
1908
