1900
1872
1886
1892
1859
1926
1895
1904
1930
1865
1888
1902
1915
1941
1913
1869
1875
1907
1888
1894
1880
1867
1862
1906
1938
1907
1911
1921
1892
1890
1884
1913
1886
1873
1874
1872
1882
1887
1894
1897
1921
1933
1897
1925
1871
1894
1875
1882
1912
1887
1881
1887
1927
1879
1870
1907
1877
1878
1906
1923
1901
1885
1878
1880
1906
1933
1869
1936
1898
1922
1899
1925
1872
1903
1879
1879
1871
1864
1900
1883
1891
1863
1896
1857
1896
1872
1869
1879
1926
1886
1899
1902
1870
1896
1888
1882
1909
1929
1899
1894
1883
1920
1917
1885
1884
1906
1903
1876
1882
1879
1894
1862
1921
1886
1882
1895
1879
1889
1914
1874
1909
1913
1873
1863
1915
1886
1868
1896
1926
1881
1908
1884
1859
1867
1887
1877
1888
1932
1935
1886
1928
1933
1874
1875
1917
1900
1934
1876
1914
1875
1907
1876
1878
1876
1898
1930
1893
1872
1889
1896
1900
1898
1872
1897
1893
1873
1895
1926
1930
1939
1907
1900
1874
1900
1932
1874
1875
1883
1894
1882
1908
1880
1891
1890
1873
1937
1879
1877
1871
1914
1905
1935
1894
1864
1887
1885
1876
1912
1898
1910
1896
1879
1882
1906
1896
1936
1930
1878
1859
1889
1875
1919
1850
1887
1886
1929
1903
1889
1924
1909
1904
1897
1866
1884
1870
1935
1886
1929
1884
1891
1891
1907
1940
1904
1931
1917
1905
1904
1899
1930
1893
1914
1910
1885
1873
1922
1878
1894
1896
1913
1912
1881
1919
1886
1898
1904
1872
1932
1900
1907
1929
1854
1875
1929
1891
1879
1933
1885
1860
1889
1878
1879
1865
1885
1892
1909
1859
1877
1863
1891
1887
1880
1880
1864
1928
1924
1874
1883
1919
1874
1900
1893
1891
1866
1922
1901
1868
1900
1904
1924
1926
1881
1865
1926
1884
1880
1907
1939
1904
1864
1928
1941
1882
1896
1898
1868
1933
1911
1864
1935
1900
1897
1906
1900
1873
1872
1935
1906
1911
1887
1877
1887
1880
1890
1874
1893
1891
1898
1911
1890
1900
1873
1900
1902
1862
1900
1874
1898
1872
1884
1896
1893
1912
1882
1895
1923
1920
1928
1938
1931
1903
1873
1903
1879
1905
1878
1886
1887
1896
1924
1886
1926
1937
1898
1910
1885
1879
1909
1938
1896
1897
1933
1876
1879
1878
1868
1884
1886
1914
1911
1908
1936
1888
1879
1912
1874
1902
1910
1935
1882
1917
1907
1880
1886
1882
1880
1885
1910
1906
1909
1934
1936
1918
1888
1915
1885
1896
1873
1870
1896
1875
1899
1875
1929
1891
1891
1894
1938
1878
1935
1900
1902
1884
1879
1913
1910
1938
1905
1881
1867
1892
1880
1865
1888
1888
1889
1889
1897
1906
1904
1898
1866
1889
1889
1892
1884
1879
1878
1869
1877
1877
1860
1872
1921
1892
1901
1875
1888
1885
1877
1878
1875
1927
1930
1890
1932
1904
1929
1895
1876
1876
1920
1868
1900
1898
1900
1933
1894
1886
1881
1888
1925
1883
1893
1907
1878
1905
1875
1870
1921
1885
1892
1881
1886
1909
1877
1928
1896
1921
1887
1878
1878
1889
1903
1875
1909
1939
1897
1884
1903
1916
1894
1922
1925
1892
1929
1900
1890
1907
1930
1926
1895
1876
1880
1906
1890
1888
1924
1919
1890
1921
1885
1892
1871
1895
1925
1888
1893
1909
1912
1896
1878
1879
1921
1927
1890
1889
1882
1923
1928
1931
1892
1891
1874
1904
1910
1884
1906
1899
1918
1905
1880
1892
1873
1895
1894
1865
1862
1902
1931
1886
1871
1907
1876
1888
1934
1896
1903
1883
1868
1892
1882
1899
1891
1887
1858
1882
1904
1921
1896
1911
1921
1925
1929
1872
1896
1910
1868
1870
1884
1875
1870
1871
1874
1871
1860
1886
1909
1885
1888
1887
1876
1884
