1930
1898
1941
1916
1867
1920
1867
1897
1907
1890
1900
1918
1932
1901
1933
1936
1912
1932
1905
1931
1931
1881
1910
1910
1874
1874
1915
1924
1914
1910
1938
1925
1922
1940
1938
1913
1905
1910
1928
1938
1905
1881
1872
1879
1917
1928
1886
1923
1918
1885
1914
1938
1907
1907
1910
1908
1936
1931
1913
1909
1918
1921
1907
1905
1936
1939
1929
1902
1900
1927
1935
1907
1892
1936
1866
1904
1900
1896
1914
1917
1914
1904
1907
1887
1927
1921
1926
1892
1918
1917
1888
1926
1889
1923
1893
1920
1925
1903
1922
1925
1930
1890
1923
1913
1939
1895
1889
1923
1900
1929
1904
1930
1927
1907
1920
1880
1902
1891
1909
1880
1928
1926
1883
1886
1908
1904
1935
1905
1930
1904
1898
1910
1909
1904
1932
1904
1930
1901
1904
1926
1910
1887
1883
1900
1910
1935
1884
1920
1893
1914
1885
1869
1912
1910
1876
1907
1909
1924
1936
1909
1918
1916
1920
1922
1896
1896
1883
1880
1911
1885
1912
1890
1874
1886
1899
1864
1908
1929
1909
1879
1907
1899
1926
1926
1868
1917
1893
1915
1919
1887
1902
1929
1881
1926
1926
1884
1917
1889
1916
1888
1935
1894
1933
1925
1923
1928
1929
1870
1894
1892
1885
1886
1934
1903
1902
1929
1875
1904
1895
1938
1907
1907
1928
1881
1890
1918
1906
1908
1903
1909
1937
1906
1916
1874
1917
1900
1929
1899
1928
1923
1924
1903
1903
1897
1892
1918
1907
1911
1868
