1881
1876
1907
1919
1905
1910
1870
1894
1921
1878
1923
1880
1904
1909
1926
1895
1926
1924
1919
1942
1919
1896
1909
1910
1879
1873
1916
1904
1908
1885
1915
1908
1937
1906
1931
1908
1909
1931
1898
1920
1914
1904
1934
1911
1928
1889
1928
1939
1928
1933
1905
1926
1905
1893
1893
1938
1912
1939
1932
1901
1908
1896
1905
1882
1881
1923
1922
1913
1894
1887
1923
1923
1881
1883
1917
1905
1905
1881
1885
1885
1926
1922
1852
1913
1926
1924
1900
1872
1895
1868
1870
1925
1925
1897
1905
1884
1928
1920
1886
1924
1919
1909
1938
1885
1887
1900
1903
1926
1907
1887
1909
1932
1936
1914
1911
1919
1927
1916
1884
1921
1920
1923
1902
1920
1889
1909
1890
1923
1890
1926
1909
1927
1929
1929
1895
1896
1909
1939
1907
1924
1920
1910
1927
1901
1896
1931
1907
1935
1926
1938
1915
1913
1913
1941
1930
1925
1913
1907
1905
1891
1899
1903
1906
1916
1920
1927
1906
1883
1889
1919
1924
1889
1895
1896
1928
1891
1927
1905
1924
1897
1917
1902
1904
1932
1894
1904
1894
1927
1921
1920
1900
1879
1897
1904
1910
1933
1905
1928
1897
1925
1887
1927
1918
1880
1913
1920
1913
1875
1926
1903
1917
1937
1908
1894
1924
1917
1889
1906
1903
1932
1907
1931
1921
1919
1878
1891
1924
1900
1920
1893
1925
1888
1920
1920
1901
1925
1927
1923
1887
1895
1930
1904
1920
1912
1909
1886
1918
1921
1916
1928
1930
1910
1933
1906
1900
1923
1921
1890
1943
1930
1921
1888
1921
1889
1931
1904
1919
1887
1885
1885
1930
1898
1928
1899
1879
1924
1919
1885
1889
1911
1922
1872
1920
1891
1937
1914
1939
1913
1922
1926
1924
1892
1924
1918
1921
1886
