1909
1907
1917
1916
1918
1918
1906
1914
1907
1910
1904
1912
1915
1915
1910
1908
1904
1906
1919
1912
1917
1905
1919
1913
1908
1914
1906
1918
1919
1916
1902
1914
1908
1915
1911
1897
1912
1906
1904
1909
1899
1918
1909
1909
1898
1918
1915
1905
1914
1901
1903
1911
1907
1905
1903
1918
1896
1908
1909
1910
1912
1911
1913
1912
1904
1911
1907
1911
1906
1909
1913
1913
1912
1910
1910
1916
1911
1914
1910
1918
1917
1910
1917
1902
1908
1909
1903
1917
1917
1906
1910
1909
1912
1909
1908
1900
1916
1910
1905
1911
1911
1916
1904
1912
1919
1908
1904
1910
1911
1911
1915
1913
1914
1902
1910
1917
1915
1897
1904
1916
1917
1914
1904
1907
1912
