1870
1870
1903
1903
1921
1921
1919
1919
1929
1929
1893
1893
1894
1894
1924
1924
1900
1900
1930
1930
1865
1865
1898
1898
1926
1926
1921
1921
1928
1928
1924
1924
1922
1922
1895
1895
1897
1897
1886
1886
1922
1922
1922
1922
1889
1889
1888
1888
1900
1900
1879
1879
1889
1889
1873
1873
1882
1888
1888
1881
1881
1898
1898
1904
1904
1915
1915
1911
1911
1903
1903
1871
1871
1933
1933
1900
1900
1928
1928
1930
1930
1932
1932
1910
1910
1875
1875
1881
1881
1936
1936
1908
1908
1913
1913
1932
1932
1905
1905
1929
1929
1912
1912
1910
1910
1879
1879
1900
1900
1936
1936
1905
1905
1939
1939
1911
1911
1935
1935
1928
1928
1920
1920
1885
1885
1915
1915
1924
1924
1906
1906
1881
1881
1908
1908
1886
1886
1906
1906
1909
1909
1888
1888
1916
1916
1909
1909
1886
1886
1881
1881
1896
1896
1924
1924
1900
1900
1929
1929
1900
1900
1934
1934
1902
1902
1912
1912
1916
1916
1918
1918
1917
1917
1878
1878
1909
1909
1939
1939
1921
1921
1882
1882
1880
1880
1888
1888
1894
1894
1907
1907
1873
1873
1912
1912
1901
1901
1912
1912
1937
1937
1914
1914
1940
1940
1894
1894
1912
1912
1911
1911
1881
1881
1912
1912
1884
1884
1938
1938
1920
1920
1878
1878
1914
1914
1914
1914
1911
1911
1908
1908
1918
1918
