1867
1879
1888
1891
1889
1925
1887
1901
1890
1884
1872
1857
1898
1926
1869
1899
1874
1883
1904
1880
1892
1911
1901
1889
1888
1893
1885
1886
1903
1917
1912
1907
1915
1900
1915
1941
1924
1886
1890
1870
1881
1901
1923
1880
1875
1893
1877
1939
1879
1870
1891
1942
1881
1915
1895
1925
1889
1897
1907
1886
1884
1892
1910
1928
1881
1895
1882
1909
1879
1918
1918
1879
1939
1883
1897
1891
1908
1886
1906
1870
1897
1892
1866
1922
1899
1938
1902
1881
1905
1875
1936
1893
1899
1907
1905
1904
1918
1880
1937
1882
1939
1893
1908
1888
1887
1939
1901
1923
1912
1922
1920
1879
1941
1885
1884
1918
1942
1893
1879
1908
1886
1888
1906
