1888
1925
1888
1886
1906
1930
1937
1933
1931
1902
1907
1908
1909
1922
1880
1936
1881
1920
1915
1906
1925
1874
1887
1907
1934
1900
1936
1910
1937
1939
1879
1885
1920
1923
1931
1929
1905
1933
1937
1896
1915
1908
1903
1861
1897
1929
1925
1904
1920
1925
1911
1886
1916
1885
1882
1907
1930
1934
1905
1905
1937
1904
1904
1935
1878
1884
1939
1903
1918
1933
1925
1898
1935
1923
1896
1896
1925
1920
1937
1906
1903
1935
1904
1902
1927
1910
1911
1888
1923
1896
1890
1928
1920
1892
1907
1865
1939
1933
1924
1928
1909
1875
1875
1925
1926
1917
1907
1925
1892
1897
1922
1923
1928
1899
1921
1893
1925
1892
1898
1926
1932
1928
1896
1897
1920
1923
1909
1914
1914
1937
1881
1922
1893
1897
1923
1922
1919
1925
1933
1930
1930
1899
1901
1932
1907
1934
1861
1892
1928
1894
1896
1932
1924
1930
1929
1899
1927
1919
1923
1933
1894
1934
1937
1897
1896
1929
1922
1931
1930
1932
1907
1923
1878
1905
1880
1900
1914
1940
1936
1872
1905
1885
1886
1924
1890
1911
1922
1920
1892
1892
1925
1877
1910
1880
1937
1906
1913
1919
1930
1933
1935
1900
1932
1937
1930
1895
1897
1935
