1900
1900
1900
1900
1900
1900
1900
1900
1926
1926
1900
1900
1897
1897
1938
1938
1894
1894
1901
1901
1893
1893
1932
1932
1902
1902
1928
1928
1897
1897
1915
1915
1900
1900
1923
1923
1898
1898
1929
1929
1925
1925
1895
1895
1922
1922
1902
1902
1911
1911
1913
1913
1890
1890
1929
1929
1920
1920
1938
1938
1904
1904
1902
1902
1906
1906
1909
1909
1913
1913
1906
1906
1906
1906
1907
1907
1934
1934
1938
1938
1897
1897
1904
1904
1914
1914
1880
1880
1935
1935
1934
1934
1902
1902
1876
1876
1917
1917
1904
1904
1905
1905
1925
1925
1915
1915
1894
1894
1910
1910
1910
1910
1906
1906
1884
1884
1891
1891
1929
1929
1877
1877
1896
1896
1901
1901
1895
1895
1915
1915
1927
1927
1898
1898
1919
1919
1882
1882
1907
1907
1934
1934
1939
1935
1939
1935
1910
1910
1907
1907
1916
1916
1926
1926
1893
1893
1893
1893
1923
1923
1919
1919
1919
1919
1940
1940
1921
1921
1928
1928
1932
1932
1925
1925
1893
1893
1934
1934
1915
1915
1920
1920
1892
1892
1917
1917
1906
1906
1874
1874
1874
1874
1937
1937
1934
1934
1912
1912
1929
1929
1897
1897
1902
1902
1864
1864
1900
1900
1893
1893
1911
1911
1916
1916
1928
1928
1904
1904
1904
1904
1932
1932
1923
1923
1890
1890
1890
1890
1926
1926
1933
1933
1870
1870
1905
1905
1923
1923
1897
1897
1931
1931
1897
1897
1924
1924
1922
1922
1925
1925
1922
1922
1924
1924
1932
1932
1928
1928
1923
1923
1921
1921
1909
1909
1908
1908
1936
1936
1927
1927
1924
1924
1922
1922
1905
1905
1905
1905
1905
1905
1932
1932
1898
1898
1921
1921
1924
1924
1895
1895
1931
1931
1925
1925
1928
1928
1912
1912
1885
1885
1882
1882
1927
1927
1869
1869
1915
1915
1865
1865
1898
1898
1933
1933
1911
1911
1934
1934
1908
1908
1908
1908
1940
1940
1936
1936
1881
1881
1924
1924
1915
1915
1927
1927
1887
1887
1891
1891
1929
1929
1901
1901
1876
1876
1909
1909
1878
1878
1882
1882
1922
1922
1888
1888
1912
1912
1925
1925
1915
1915
1900
1900
1899
1899
1926
1926
1900
1900
1904
1904
1922
1922
1915
1915
1937
1937
1903
1903
1905
1905
1923
1923
1924
1924
1923
1923
1885
1885
1927
1927
1927
1927
1925
1925
1913
1913
1911
1911
1878
1878
1880
1880
1911
1911
1913
1913
1912
1912
1915
1915
1906
1906
1926
1926
1879
1879
1913
1913
1903
1903
1902
1902
1872
1872
1906
1906
1895
1895
1881
1881
1884
1884
1924
1924
1924
1924
1926
1926
1900
1900
1886
1886
1911
1911
1905
1905
1935
1935
1903
1903
1918
1918
1922
1922
1895
1895
1915
1915
1928
1928
1888
1888
1908
1908
1909
1909
1929
1929
1895
1895
1888
1888
1923
1923
1888
1888
1926
1926
1920
1920
1917
1917
1878
1878
1875
1875
1927
1927
1931
1931
1926
1926
1915
1915
1914
1914
1919
1919
1926
1926
1919
1919
1907
1907
1898
1898
1909
1909
1908
1908
1930
1930
1900
1900
1917
1917
1922
1922
1893
1893
1883
1883
1924
1924
1910
1910
1885
1885
1886
1886
1901
1901
1895
1895
1885
1885
1888
1888
1907
1907
1899
1899
1925
1925
1900
1900
1901
1901
1909
1909
1888
1888
1905
1905
1905
1905
1940
1940
1933
1933
1911
1911
1881
1881
1927
1927
1897
1897
1926
1926
1891
1891
1924
1924
1892
1892
1929
1929
1896
1896
1919
1919
1922
1922
1933
1933
1933
1933
1936
1936
1931
1931
1901
1901
1919
1919
1907
1907
1912
1912
1910
1910
1932
1932
1930
1930
1904
1904
1917
1917
1900
1900
1900
1900
1900
1900
1900
1900
1931
1931
1928
1928
1935
1935
1901
1901
1905
1905
1909
1909
1912
1912
1903
1903
1933
1933
1877
1877
1910
1910
1916
1916
1911
1911
1924
1924
1921
1921
1916
1916
1942
1942
