1905
1904
1896
1912
1938
1902
1937
1934
1900
1926
1928
1932
1932
1936
1930
1908
1904
1930
1934
1904
1927
1899
1900
1918
1886
1904
1919
1934
1907
1926
1886
1907
1886
1896
1897
1903
1931
1879
1911
1938
1908
1875
1921
1934
1926
1928
1932
1912
1899
1893
1939
1901
1937
1891
1923
1915
1918
1877
1906
1926
1893
1920
1928
1918
1924
1893
1880
1927
1904
1902
1930
1918
1928
1895
1927
1890
1870
1900
1866
1926
1900
1925
1893
1908
1940
1866
1912
1930
1906
1873
1900
1904
1925
1884
1886
1938
1912
1886
1919
1908
1910
1886
1918
1914
1926
1885
1921
1909
1892
1904
1922
1877
1877
1909
1923
1930
1927
1902
1924
1932
1927
1925
1923
1888
1892
1930
1925
1923
1928
1911
1870
1909
1939
1934
1896
1894
1928
1930
1923
1932
1905
1923
1864
1905
1905
1884
1915
1921
1918
1891
1906
1904
1931
1927
1922
1925
1929
1887
1893
1920
1934
1925
1927
1935
1891
1892
1916
1908
1880
1882
1939
1897
1896
1865
1907
1911
1920
1865
1915
1907
1898
1930
1874
1874
1864
1888
1923
1880
1891
1913
1914
1926
1908
1908
1916
1936
1929
1914
1890
1901
1896
1927
1924
1903
1914
1907
1898
1890
1920
1901
1917
1918
1899
1933
1923
1931
1915
