1913
1913
1912
1912
1909
1909
1919
1919
1882
1882
1886
1886
1921
1921
1888
1888
1869
1869
1920
1920
1925
1925
1891
1891
1923
1923
1910
1910
1938
1938
1910
1910
1899
1899
1931
1931
1939
1939
1885
1885
1915
1915
1921
1921
1920
1920
1887
1887
1885
1885
1909
1909
1914
1914
1913
1913
1939
1939
1915
1915
1923
1923
1890
1890
1879
1879
1917
1917
1921
1921
1891
1891
1895
1895
1927
1927
1915
1915
1916
1916
1906
1906
1904
1904
1937
1937
1880
1880
1916
1916
1914
1914
1880
1880
1916
1916
1870
1870
1883
1883
1884
1884
1915
1915
1889
1889
1914
1914
1870
1870
1884
1884
1925
1925
1885
1885
1934
1934
1914
1914
1922
1922
1887
1887
1914
1914
1918
1918
1920
1920
1924
1924
1888
1888
1912
1912
1935
1935
1937
1937
1903
1903
1927
1927
1924
1924
1886
1886
1902
1902
1924
1924
1899
1899
1899
1899
1900
1900
1910
1910
1934
1934
1921
1921
1926
1926
1885
1885
1923
1923
1925
1925
1930
1930
1886
1886
1921
1921
1894
1894
1890
1890
1929
1929
1926
1926
1924
1924
1901
1901
1924
1924
1927
1927
1893
1893
1901
1901
1892
1892
1920
1920
1919
1919
1932
1932
1929
1929
1847
1847
1938
1938
1900
1900
1903
1903
1930
1930
1871
1871
1870
1870
1938
1938
1911
1911
1908
1908
1923
1923
1892
1892
1894
1894
1920
1920
1919
1919
1913
1913
1917
1917
1910
1910
1903
1903
1919
1919
1915
1915
1927
1927
1921
1921
1884
1884
1884
1884
1925
1925
1883
1883
1915
1915
1897
1897
1925
1925
1933
1933
1929
1929
1893
1893
1896
1896
1894
1894
1920
1920
1921
1921
1913
1913
1914
1914
1916
1916
1912
1912
1862
1862
1923
1923
1889
1889
1921
1921
1925
1925
1920
1920
1922
1922
1924
1924
1913
1913
1918
1918
1926
1926
1921
1921
1918
1918
1892
1892
1900
1900
1930
1930
1925
1925
1888
1888
1916
1916
1917
1917
1889
1889
1892
1892
1925
1925
1895
1895
1868
1868
1933
1933
1929
1929
1901
1901
1898
1898
1910
1910
1911
1911
1939
1939
1902
1902
1884
1884
1869
1869
1908
1908
1920
1920
1924
1924
1928
1928
1922
1922
1886
1886
1918
1918
1892
1892
1865
1865
1883
1883
1917
1917
1909
1909
1908
1908
1934
1934
1927
1927
1901
1901
1908
1908
1911
1911
1890
1890
1883
1883
1880
1880
1859
1859
1873
1873
1872
1872
1926
1926
1914
1914
1920
1920
1916
1916
1913
1913
1887
1887
1887
1887
