1904
1906
1907
1924
1921
1888
1920
1918
1885
1876
1920
1911
1901
1915
1888
1880
1924
1921
1920
1888
1923
1918
1922
1920
1916
1915
1885
1899
1922
1921
1940
1914
1911
1905
1920
1930
1893
1891
1886
1884
1891
1918
1921
1882
1884
1904
1918
1921
1919
1920
1922
1913
1924
1911
1921
1907
1919
1891
1895
1903
1918
1924
1921
1905
1894
1923
1923
1899
1923
1921
1917
1898
1920
1885
1886
1900
1901
1892
1929
1919
1921
1922
1884
1916
1920
1889
1884
1924
1876
1877
1916
1921
1922
1916
1916
1923
1920
1921
1921
1922
1918
1909
1907
1921
1920
1923
1923
1920
1919
1920
1922
1909
1920
1921
1924
1921
1889
1883
1874
1903
1904
1871
1917
1889
1924
1919
1920
1902
1887
1920
1888
1925
1917
1921
1920
1889
1872
1916
1924
1923
1924
1896
1893
1921
1906
1915
1894
1922
1900
1911
1908
1885
1885
1920
1922
1915
1884
1916
1923
1907
1874
1922
1895
1892
1920
1923
1919
1919
1905
1923
1896
1923
1886
1879
1919
1910
1904
1912
1894
1918
1923
1911
1920
1909
1901
1899
1924
1921
1916
1923
1904
1905
1892
1920
1913
1910
1883
1882
1921
1923
1899
1924
1916
1922
1892
1921
1921
1892
1888
1918
1918
1919
1886
1923
1882
1923
1894
1913
1912
1922
1919
1919
1883
1920
1919
1895
1922
1877
1888
1920
1939
1893
1920
1923
1892
1888
1903
1914
1921
1920
1923
1895
1888
1887
1885
1882
1883
1920
1904
1920
1882
1885
1907
1919
1920
1919
1888
1914
1908
1904
1902
1910
1922
1917
1900
1922
1885
1921
1919
1924
1888
1924
1893
1918
1910
1881
1915
1917
1923
1923
1880
1889
1924
1892
1879
1891
1877
1920
1922
1915
1887
1920
1919
1921
1909
1908
1914
1920
1921
1920
1915
1915
1889
1897
1889
1900
1919
1922
1908
1921
1924
1876
1888
1880
1885
1923
1923
1910
1884
1900
1924
1921
1919
1892
1887
1922
1921
1918
1922
1923
1882
1887
1910
1909
1922
1922
1920
1911
1911
1904
1908
1920
1921
1914
1883
1923
1914
1922
1885
1922
1920
1901
1934
1918
1892
1922
1913
1888
1891
1920
1921
1920
1888
1924
1922
1881
1891
1895
1921
1921
1910
1905
1900
1910
1921
1892
1917
1904
1902
1921
1920
1920
1887
1883
1902
1918
1883
1924
1920
1900
1919
1911
1884
1913
1903
1924
1923
1922
1896
1883
1920
1923
1899
1909
1910
1920
1920
1919
1919
1890
1917
1920
1920
1910
1924
1923
1911
1924
1936
1909
1894
1885
1885
1920
1920
1920
1892
1909
1924
1923
1898
1904
1923
1892
1894
1921
1921
1901
1892
1922
1918
1923
1920
1915
1923
1913
1921
1923
1920
1893
1891
1914
1921
1920
1890
1881
1898
1911
1921
1925
1921
1892
1898
1923
1890
1919
1879
1924
1922
1921
1910
1914
1904
1875
1922
1922
1893
