1861
1892
1902
1867
1869
1865
1870
1878
1879
1867
1883
1880
1904
1879
1872
1877
1868
1863
1864
1904
1930
1894
1904
1871
1867
1865
1896
1878
1864
1874
1928
1904
1888
1880
1883
1894
1868
1886
1875
1861
1870
1876
1885
1880
1886
1863
1883
1883
1882
1888
1922
1894
1891
1896
1860
1896
1921
1898
1906
1869
1884
1890
1869
1904
1922
1890
1922
1895
1861
1866
1912
1888
1898
1865
1872
1869
1880
1901
1889
1920
1920
1884
1912
1875
1877
1889
1921
1866
1884
1894
1875
1867
1858
1888
1880
1896
1864
1899
1896
1907
1906
1909
1886
1874
1863
1862
1880
1866
