1915
1935
1911
1926
1928
1930
1930
1904
1905
1923
1911
1938
1908
1927
1921
1907
1910
1927
1922
1924
1905
1928
1923
1928
1924
1928
1900
1912
1926
1920
1925
1916
1884
1890
1916
1930
1889
1918
1890
1923
1919
1903
1933
1902
1914
1909
1936
1942
1905
1933
1931
1910
1937
1922
1927
1918
1907
1939
1909
1914
1944
1895
1927
1885
1924
1904
1908
1921
1926
1931
1900
1902
1877
1907
1914
1882
1886
1922
1910
1938
1910
1911
1935
1898
1895
1924
1913
1893
1924
1902
1931
1912
1911
1934
1904
1908
1929
1903
1909
1876
1908
1891
1916
1891
1926
1891
1892
1901
1930
1928
1902
1906
1912
1930
1904
1884
1927
1875
1922
1878
1903
