1900
1900
1931
1931
1905
1905
1876
1876
1928
1928
1903
1903
1937
1937
1920
1920
1923
1923
1892
1892
1884
1884
1917
1917
1898
1898
1936
1936
1928
1928
1905
1905
1933
1933
1912
1912
1870
1870
1879
1879
1911
1911
1913
1913
1876
1876
1941
1941
1896
1896
1909
1909
1910
1910
1915
1915
1921
1921
1918
1918
1923
1923
1894
1894
1928
1928
1927
1927
1896
1896
1895
1895
1916
1916
1936
1936
1933
1933
1906
1906
1907
1907
1931
1931
1900
1900
1895
1895
1904
1904
1930
1930
1927
1927
1916
1916
1924
1924
1891
1891
1926
1926
1922
1922
1893
1893
1900
1900
1898
1898
1924
1924
1925
1925
1928
1928
1895
1895
1893
1893
1885
1885
1892
1892
1909
1909
1914
1914
1916
1916
1922
1922
1882
1882
1900
1900
1934
1934
1937
1937
1930
1930
1871
1871
1910
1910
1901
1901
1885
1885
1940
1940
1912
1912
1875
1875
1902
1902
1902
1902
1912
1912
1879
1879
1929
1929
1938
1938
1911
1911
1912
1912
1932
1902
1932
1902
1878
1878
1916
1916
1914
1914
1878
1878
