1902
1909
1936
1932
1923
1918
1892
1909
1912
1932
1927
1894
1904
1893
1918
1900
1879
1910
1870
1918
1902
1942
1928
1901
1900
1864
1913
1916
1918
1920
1890
1924
1909
1883
1885
1926
1915
1910
1918
1923
1886
1890
1924
1916
1936
1908
1895
1924
1927
1900
1899
1925
1914
1936
1893
1901
1928
1924
1933
1897
1895
1923
1930
1890
1926
1903
1902
1933
1869
1871
1920
1905
1903
1923
1927
1934
1932
1928
1894
1923
1911
1926
1928
1890
1931
1895
1939
1881
1911
1909
1904
1916
1918
1885
1921
1901
1928
1907
1897
1927
1931
1882
1912
1920
1920
1924
1926
1922
1890
1889
1893
1897
1925
1924
1925
1877
1877
1911
1909
1915
1912
1915
1922
1919
1888
1918
1924
1920
1929
1894
1927
1902
1914
1919
1941
1914
1922
1885
1924
1917
1888
1912
1938
1911
1923
1917
1895
1929
1894
1923
1925
1927
1899
1939
1895
1925
1928
1920
1888
1923
1891
1906
1903
1937
1868
1912
1930
1934
1935
1879
1880
1920
1921
1892
1897
1920
1883
1874
1924
1923
1908
1909
1936
1906
1922
1920
1941
1912
1937
1905
1926
1895
1888
1927
1925
1932
1922
1883
1929
1900
1914
1914
1940
1925
1877
1907
1905
1876
1914
1902
1920
1895
1893
1921
1926
1922
1918
1917
1915
1925
1887
1920
1915
1899
1930
1895
1923
1926
1880
1915
1922
1878
1931
1903
1907
1938
1903
1914
1923
1888
1894
1908
1904
1886
1885
1922
1889
1926
1924
1919
1929
1895
1918
1923
1938
1933
1897
1893
1874
1900
1885
1887
