1884
1881
1891
1881
1912
1899
1860
1898
1872
1910
1885
1910
1874
1904
1912
1897
1910
1911
1914
1905
1911
1904
1897
1904
1906
1893
1896
1880
1893
1896
1895
1896
1905
1879
1908
1914
1878
1911
1892
1902
1903
1899
1899
1901
1917
1921
1893
1895
1905
1913
1922
1913
1907
1896
1897
1898
1898
1888
1894
1900
1896
1889
1894
1925
1885
1894
1897
1904
1902
1876
1905
1907
1881
1883
1893
1897
1904
1902
1901
1881
1910
1904
1922
1908
1883
1921
1901
1906
1910
1917
1916
1917
1914
1920
1920
1893
1895
1912
1889
1910
1882
1912
1919
1894
1898
1890
1898
1901
1919
1921
1893
1894
1926
1922
1891
1912
1910
1884
1897
1883
1874
1901
1904
1899
1920
1896
1908
1880
1901
1902
1902
1895
1924
1908
1906
1876
1909
1907
1907
1896
1898
1917
1893
1915
1891
1883
1897
1898
1890
1900
1899
1908
1906
1900
1909
1905
1886
1883
1913
1887
1906
1898
1920
1885
1918
1884
1920
1908
1871
1894
1887
1892
1910
1897
1902
1899
1903
1915
1911
1915
1874
1913
1886
1890
1888
1893
1898
1895
1884
1900
1894
1918
1901
1922
1890
1916
1895
1911
1880
1886
1909
1895
1901
1893
1895
1920
1911
1902
1893
1907
1903
1872
1900
1880
1903
1899
1885
1900
1879
1908
1908
1901
1895
1904
1900
1911
1904
1902
1912
1897
1895
1907
1899
1905
1890
1911
1890
1889
1907
1887
1895
1900
1883
1900
1884
1894
1905
1909
1922
1891
1924
1900
1913
1910
1892
1899
1911
1910
1892
1910
1887
1910
1909
1876
1916
1888
1913
1890
1885
1889
1899
1917
1925
1914
1903
1900
1907
1919
1897
1902
1878
1897
1900
1893
1900
1880
1886
1923
1901
1922
1907
1900
1903
1924
1889
1906
1900
1910
1909
1897
1908
1895
1908
1882
1896
1905
1900
1903
1900
1914
1915
1897
1893
1911
1894
1896
1913
1890
1899
1909
1915
1904
1876
1892
1924
1893
1913
1884
1902
1894
1903
1882
1896
1898
1909
1903
1910
1906
1883
1900
1906
1911
1904
1893
1895
1896
1897
1897
1898
1916
1889
1900
1895
1906
1883
1889
1911
1914
1900
1899
1892
1909
1893
1891
1894
1892
1925
1897
1904
1924
1921
1912
1907
1888
1908
1909
1918
1915
1907
1871
1896
1895
1917
1905
1868
1893
1906
1914
1915
1893
1905
1913
1908
1901
1907
1904
1912
1904
1900
1900
1910
1914
1899
1906
1901
1909
1897
1900
1900
1903
1893
1896
1915
1896
1899
1902
1897
1891
1879
1889
1900
1873
1909
1893
1895
1910
1908
1914
1909
1906
1900
1917
1901
1897
1919
1922
1901
1912
1901
1909
1899
1919
1886
1922
1923
1902
1902
1913
1887
1920
1891
1896
1899
1895
1905
1899
1906
1904
1915
1910
1894
1890
1889
1908
1909
1896
1917
1892
1910
1887
1898
1881
1892
1899
1887
1910
1897
1898
1900
1903
1907
1894
1898
1891
1904
1902
1910
1907
1911
1897
1921
1916
1899
1911
1889
1923
1898
1887
1905
1871
1886
1900
1890
1899
1915
1916
1905
1906
1893
1896
1900
1924
1878
1912
1914
1883
1901
1887
1881
1909
1917
1915
1892
1917
1925
1905
1889
1897
1890
1913
1897
1897
1900
1893
1887
1889
1920
1889
1921
1910
1889
1900
1885
1885
1923
1887
1900
1890
1890
1890
1898
1912
1915
1905
1901
1883
1882
1900
1895
1891
1884
1903
1898
1908
1921
1917
1895
1911
1889
1886
1903
1909
1887
1912
1922
1906
1873
1898
1924
1899
1888
1888
1922
1921
1919
1922
1898
1884
1899
1888
1903
1888
1887
1912
1913
1891
1897
1898
1909
1888
1925
1897
1915
1898
1911
1901
1891
1895
1890
1902
1896
1894
1899
1924
1902
1895
1901
1890
1902
1903
1897
1925
1902
1920
1896
1902
1906
1896
1898
1897
1894
1905
1888
1889
1889
1885
1885
1900
1906
1912
1914
1893
1908
1895
1911
1885
1908
1908
1899
1910
1899
1900
1914
1892
1907
1890
1906
1907
1897
1895
1894
1883
1885
1897
1891
1883
1897
1873
1913
1914
1900
1910
1889
1894
1894
1905
1914
1902
1912
1903
1912
1888
1904
1907
1892
1904
1901
1893
1887
1923
1912
1914
1885
1914
1899
1902
1892
1909
1909
1906
1896
1912
1884
1900
1889
1892
1909
1900
1907
1897
1891
1917
1910
1888
1909
1908
1907
1898
1916
1900
1924
1887
1898
1897
1910
1898
1886
1897
1914
1907
1898
1924
