1921
1923
1928
1918
1938
1908
1934
1911
1907
1930
1927
1894
1919
1924
1922
1885
1884
1919
1907
1922
1903
1916
1903
1878
1876
1911
1912
1921
1917
1882
1920
1892
1888
1877
1888
1910
1941
1936
1930
1927
1895
1925
1896
1899
1941
1914
1899
1878
1931
1903
1908
1875
1900
1900
1927
1902
1927
1933
1877
1921
1910
1911
1938
1932
1904
1860
1930
1932
1895
1928
1897
1890
1914
1915
1880
1879
1891
1898
1912
1932
1901
1878
1873
1936
1895
1930
1903
1936
1903
1909
1908
1908
1927
1932
1900
1902
1927
1907
1918
1900
1900
1875
1877
1912
1926
1925
1918
1898
1921
1888
1914
1913
1884
1917
1912
1912
1907
1909
1900
1927
1885
1926
1929
1891
1889
1921
1928
1921
1907
1938
1905
1932
1924
1925
1922
1919
1887
1881
1870
1932
1939
1908
1933
1912
1880
1918
1906
1864
1885
1912
1911
1886
1894
1912
1868
1942
1906
1920
1943
1895
1936
1936
1910
1861
1910
1880
1934
1909
1938
1933
1910
1909
1921
1893
1928
1900
1925
1900
1906
1882
1883
1929
1864
1905
1928
1929
1895
1911
1934
1903
1896
1924
1905
1924
1930
1904
1879
1879
1901
1906
1896
1927
1900
1938
1882
1917
1923
1922
1927
1918
1898
1933
1900
1901
1879
1930
1904
1875
1938
1913
1904
1932
1873
1911
1906
1899
1936
1930
1910
1912
1915
1913
1885
1938
1913
1872
1885
1908
1890
1920
1878
1880
1938
1914
1876
1900
1900
1908
1915
1912
1908
1936
1907
1934
1902
1925
1903
1930
1873
1874
1923
1905
1899
1931
1938
1925
1890
1937
1930
1865
1901
1927
1905
1935
1922
1928
1913
1941
1917
1920
1906
1903
1908
1927
1914
1906
1931
1934
1905
1905
1941
1893
1887
1928
1924
1889
1927
1938
1909
1905
1934
1920
1929
1898
1878
1925
1925
1909
1927
1904
1902
1937
1896
1892
1927
1933
1908
1873
1898
1885
1919
1875
1886
1911
1917
1917
1894
1904
1879
1912
1936
1918
1906
1907
1901
1928
1940
1915
1909
1911
1906
1886
1915
1899
1931
1910
1928
1938
1897
1898
1893
1888
1924
1929
1882
1881
1927
1937
1908
1906
1932
1917
1894
1894
1919
1906
1880
1884
1914
1876
1903
1874
1911
1874
1916
1922
1909
1932
1899
1936
1913
1934
1913
1894
1938
1890
1926
1899
1929
1912
1911
1937
1922
1931
1934
