1933
1902
1937
1939
1902
1890
1908
1924
1918
1932
1913
1927
1899
1920
1929
1894
1926
1889
1912
1914
1919
1888
1931
1934
1897
1929
1899
1926
1900
1898
1939
1913
1906
1900
1911
1880
1924
1914
1916
1873
1901
1929
1895
1927
1922
1923
1927
1932
1899
1898
1863
1930
1894
1893
1894
1918
1926
1920
1894
1933
1931
1911
1907
1912
1940
1912
1910
1892
1932
1901
1878
1878
1915
1915
1913
1886
1918
1922
1929
1931
1925
1913
1927
1907
1908
1929
1901
1931
1919
1929
1889
1926
1890
1926
1896
1887
1925
1884
1917
1916
1894
1924
1866
