1922
1919
1910
1886
1925
1921
1910
1896
1901
1884
1922
1885
1903
1912
1932
1910
1937
1906
1935
1911
1923
1909
1911
1875
1913
1912
1938
1901
1917
1912
1903
1908
1913
1916
1895
1914
1922
1925
1891
1899
1917
1911
1918
1889
1906
1925
1921
1929
1874
1915
1928
1928
1894
1903
1897
1879
1883
1917
1901
1902
1929
1926
1915
1935
1936
1892
1914
1922
1920
1909
1931
1932
1893
1938
1926
1898
1911
1928
1889
1911
1884
1911
1911
1882
1914
1887
1939
1903
1916
1893
1923
1927
1906
1902
1919
1935
1913
1911
1919
1891
1932
1927
1925
1895
1928
1911
1891
1885
1883
1891
1913
1917
1936
1908
1937
1900
1931
1934
1933
1907
