1911
1939
1942
1937
1906
1908
1872
1872
1937
1912
1929
1887
1889
1918
1913
1926
1921
1890
1894
1920
1929
1904
1935
1907
1934
1917
1915
1939
1925
1895
1927
1914
1923
1926
1903
1925
1899
1898
1897
1916
1904
1920
1904
1893
1888
1930
1902
1938
1936
1871
1900
1900
1924
1903
1928
1926
1906
1919
1899
1904
1905
1909
1909
1934
1898
1913
1889
1919
1922
1885
1916
1889
1918
1929
1923
1927
1882
1925
1918
1925
1931
1920
1897
1923
1922
1879
1905
1910
1938
1899
1930
1935
1926
1899
1929
1926
1910
1935
1941
1910
1929
1890
1932
1895
1934
1908
1937
1910
1900
1939
1912
1920
1928
1895
1900
1881
1914
1873
1876
1913
1917
1911
1910
1899
1894
1929
1907
1907
1902
1924
1902
1898
1927
1924
1902
1899
1925
1861
1895
1906
1909
1900
1888
1923
1885
1921
1914
