1894
1893
1904
1911
1919
1907
1893
1892
1897
1908
1915
1907
1896
1909
1921
1920
1891
1897
1885
1900
1911
1891
1899
1907
1897
1892
1913
1914
1911
1894
1885
1920
1890
1919
1920
1909
1920
1922
1915
1887
1900
1900
1912
1884
1923
1911
1891
1888
1900
1921
1884
1890
1918
1885
1898
1896
1886
1893
1889
1922
1919
1893
1915
1921
1897
1915
1860
1893
1914
1919
1909
1918
1891
1922
1900
1905
1906
1893
1903
1893
1904
1884
1921
1921
1918
1920
1921
1900
1901
1932
1921
1893
1904
1893
1921
1898
1012
1900
1901
1903
1887
1921
1910
1901
1902
1896
1902
1898
1921
1920
1921
1904
1904
1909
1897
1884
1911
1921
1920
1923
1922
1911
1912
1913
1918
1900
1919
1884
1892
1898
1897
1905
1913
1918
1919
1897
1919
1920
1892
1887
1904
1905
1905
1920
1905
1910
1913
1892
1912
1906
1895
1897
1916
1913
1884
1890
1900
1879
1915
1904
1884
1896
1912
1891
1912
1889
1900
1904
1922
1919
1895
1893
1887
1889
1899
1916
1906
1910
1908
1911
1890
1920
1920
1920
1915
1915
1921
1893
1893
1893
1908
1916
1890
1921
1900
1906
1909
1917
1918
1917
1922
1896
1903
1893
1921
1900
1890
1920
1922
1893
1891
1913
1920
1889
1919
1919
1896
1896
1907
1908
1916
1881
1902
1911
1903
1920
1895
1888
1913
1921
1913
1911
1907
1909
1919
1921
1905
1882
1921
1894
1917
1924
1896
1896
1889
1902
1889
1896
1921
1920
1887
1886
1912
1920
1920
1898
1912
1921
1918
1925
1888
1893
1914
1895
1895
1914
1913
1914
1908
1889
1914
1897
1899
1902
1885
1897
1896
1904
1908
1921
1897
1899
1911
1908
1921
1887
1900
1895
1888
1920
1921
1921
1915
1922
1907
1905
1912
1879
1921
1919
1914
1882
1892
1913
1889
1890
1896
1908
1912
1891
1889
1910
1913
1898
1889
1902
1906
1914
1896
1902
1891
1920
1888
1891
1913
1922
1890
1892
1901
1913
1882
1912
1901
1919
1905
1913
1921
1922
1900
1919
1922
1909
1920
1905
1918
1921
1918
1920
1923
1907
1917
1914
1923
1919
1914
1911
1912
1920
1919
1915
1889
1922
1920
1916
1909
1909
1906
1888
1885
1909
1920
1912
1914
1888
1888
1895
1889
1894
1921
1916
1922
1901
1920
1915
1889
1918
1908
1912
1921
1917
1919
1895
1903
1920
1913
1921
1919
1886
1907
1909
1890
1921
1881
1896
1886
1914
1918
1917
1911
1912
1913
1913
1888
1884
1878
1913
1914
1920
1921
1921
1893
1878
1891
1920
1913
1903
1908
1920
1919
1878
1878
1892
1888
1885
1895
1892
1919
1916
1899
1918
1917
1901
1920
1914
1911
1922
1910
1920
1919
1916
1921
1895
1899
1916
1910
1920
1919
1893
1901
1921
1921
1918
1921
1921
1889
1897
1891
1921
1909
1912
1920
1888
1921
1905
1898
1922
1884
1891
1896
1896
1889
1899
1922
1918
1912
1914
1899
1922
1903
1917
1924
1896
1902
1892
1895
1907
1912
1920
1863
1920
1920
1889
1921
1909
1912
1909
1886
1922
1897
1919
1902
1924
1922
1914
1893
1920
1912
1924
1899
1885
1885
1917
1897
1914
1892
1903
1898
1910
1912
1920
1915
1903
1921
1922
1917
1907
1909
1909
1893
1922
1916
1880
1896
1914
1921
1918
1914
1920
1885
1917
1908
1891
1907
1910
1889
1912
1891
1880
1922
1916
1888
1916
1918
1911
1917
1897
1917
1890
1890
1911
1895
1898
1889
1921
1895
1892
1885
1919
1919
1920
1913
1930
1910
1905
1918
1875
1892
1894
1912
1888
1892
1910
1921
1910
1922
1919
1911
1907
1896
1891
1922
1917
1900
1894
1907
1905
1909
1906
1884
1893
1886
1885
1876
1921
1911
1921
1913
1922
1886
1913
1923
1896
1886
1919
1914
1897
1889
1892
1890
1908
1892
1908
1907
1909
1913
1921
1912
1921
1909
1921
1888
1909
1882
1905
1910
1893
1893
1884
1891
1920
1923
1919
1919
1920
1899
1885
1906
1890
1920
1908
1893
1920
1900
1908
1908
1920
1928
1914
1915
1909
1892
1896
1914
1909
1916
1915
1910
1920
1900
1885
1880
1895
1922
1922
1910
1922
1910
1898
1908
1921
1920
1916
1920
1905
1892
1920
1913
1906
1909
1909
1932
1870
1912
1889
1895
1921
1893
1900
1904
1921
1912
1909
1913
1911
1902
1898
1898
1921
1906
1922
1906
1921
1921
1888
1922
1897
1892
1897
1893
1892
1893
1921
1921
1892
1892
1909
1908
1878
1902
1897
1902
1894
1900
1893
1891
1912
1913
1898
1898
1910
1911
1911
1911
1916
1898
1921
1919
1914
1904
1918
1914
1914
1912
1897
1900
1897
1891
1922
1902
1908
1909
1907
1888
1917
1919
1911
1908
1894
1909
1921
1897
1887
1914
1905
1887
1886
1885
1922
1903
1914
1914
1914
1888
1898
1892
1922
1897
1897
1887
1882
1909
1912
1904
1921
1909
1897
1909
1912
1882
1917
1891
1892
1890
1885
1922
1922
1908
1921
1918
1902
1911
1916
1920
1913
1902
1894
1920
1915
1910
1897
1915
1906
1918
1893
1893
1905
1898
1913
1919
1894
1907
1918
1904
1892
1897
1920
1920
1921
1909
1921
1913
1888
1906
1899
1903
1893
1915
1908
1889
1889
1900
1908
1898
1914
1912
1908
1921
1906
1921
1891
1921
1891
1899
1894
1910
1919
1922
1909
1921
1913
1911
1921
1923
1920
1920
1921
1912
1912
1901
1904
1878
1901
1917
1901
1897
1897
1907
1880
1921
1894
1921
1895
1902
1907
1902
1921
1909
1925
1920
1914
1916
1915
1910
1922
1901
1924
1905
1898
1921
1899
1909
1883
1889
1908
1907
1914
1915
1896
1900
1921
1920
1918
1912
1916
1911
1918
1916
1920
1922
1927
1892
1881
1899
1896
1910
1900
1918
1921
1895
1889
1922
1880
1903
1895
1922
1924
1900
1887
1890
1888
1881
1908
1880
1897
1919
1909
1893
1898
1909
1885
1925
1901
1900
1919
