1904
1914
1897
1921
1926
1888
1884
1919
1932
1905
1934
1902
1936
1870
1928
1928
1887
1922
1885
1889
1882
1916
1936
1917
1933
1907
1908
1897
1883
1904
1931
1904
1934
1931
1910
1921
1903
1923
1928
1875
1917
1898
1909
1939
1918
1939
1887
1885
1928
1914
1914
1918
1916
1934
1902
1907
1910
1912
1909
1938
1909
1904
1935
1897
1906
1894
1907
1876
1911
1935
1920
1918
1880
1913
1915
1925
1913
1930
1928
1916
1906
1905
1939
1928
1918
1928
1899
1899
1931
1905
1907
1892
1918
1925
1894
1924
1928
1919
1892
1893
1897
1930
1935
1928
1933
1900
1937
1923
1924
1920
1917
1908
1931
1890
1912
1907
1878
1911
1928
1875
1924
1911
1920
1895
1902
1905
1897
1909
1903
1909
1904
1940
1914
1917
1924
1875
1882
1904
1904
1930
1930
1903
1903
1899
1875
1919
1911
1933
1888
1884
1905
1940
1913
1910
1932
1889
1909
1909
1880
1888
1916
1916
1912
1886
1917
1934
1932
1897
1900
1935
1925
1928
1922
1911
1919
1934
1877
1903
1934
1906
1914
1908
1910
1918
1912
1896
1897
1925
1928
1897
1911
1914
1924
1924
1893
1895
1899
1930
1931
1904
1909
1910
1898
1928
1913
1885
1892
1908
1906
1932
1934
1922
1933
1898
1923
1881
1910
1911
1910
1896
1887
1923
1903
1907
1930
1928
1927
1916
1924
1896
1917
1903
1930
1927
1895
1895
1920
1878
1919
1879
1870
1909
1935
1909
1920
1908
1872
1900
1871
1912
1897
1907
1865
1905
1930
1908
