1901
1889
1887
1893
1890
1918
1892
1907
1906
1889
1899
1920
1889
1904
1906
1920
1904
1907
1891
1891
1896
1908
1902
1906
1898
1909
1896
1890
1892
1887
1905
1891
1915
1897
1887
1911
1904
1896
1910
1908
1910
1902
1902
1915
1920
1888
1885
1909
1886
1907
1903
1910
1898
1902
1887
1898
1901
1900
1883
1910
1892
1909
1917
1902
1903
1907
1888
1910
1906
1898
1906
1920
1896
1903
1887
1900
1907
1883
1902
1892
1907
1895
1884
1893
1888
1906
1906
1912
1898
1902
1896
1923
1896
1923
1890
1906
1901
1905
1913
1910
1895
1884
1899
1904
1900
1914
1885
1915
1903
1898
1891
1910
1903
1904
1908
1907
1906
1873
1903
1895
1904
1920
1904
1904
1892
1881
1906
1909
1897
1885
1922
1914
1905
1897
1911
1912
1888
1893
1891
1902
1911
1902
1896
1913
1884
1890
1901
1892
1892
1887
1891
1904
1902
1910
1911
1908
1884
1876
1908
1893
1895
1896
1892
1909
1908
1905
1900
1899
1882
1905
1892
1911
1905
1912
