1888
1888
1916
1916
1886
1886
1908
1908
1930
1930
1888
1888
1921
1921
1928
1928
1919
1919
1926
1926
1932
1932
1890
1890
1918
1918
1923
1923
1890
1890
1900
1900
1902
1902
1936
1936
1935
1935
1905
1905
1903
1903
1890
1890
1917
1917
1874
1874
1906
1906
1932
1932
1938
1938
1914
1914
1889
1889
1922
1922
1888
1888
1918
1918
1924
1924
1917
1917
1860
1860
1862
1862
1873
1873
1908
1908
1907
1907
1879
1879
1923
1923
1925
1925
1888
1888
1918
1918
1909
1909
1874
1874
1887
1887
1927
1927
1928
1928
1890
1890
1907
1907
1931
1931
1933
1933
1922
1922
1920
1920
1925
1925
1928
1928
1896
1896
1894
1894
1922
1922
1902
1902
1924
1924
1885
1885
1910
1910
1939
1939
1937
1937
1912
1912
1876
1876
1922
1922
1897
1897
1893
1893
1898
1898
1927
1927
1871
1871
1896
1896
1922
1922
1892
1892
1928
1928
1934
1934
1896
1896
1893
1893
1918
1918
1923
1923
1927
1927
1876
1876
1901
1901
1932
1932
1933
1933
1925
1925
1900
1900
1899
1899
1896
1896
1930
1930
1932
1932
1928
1928
1926
1926
1925
1925
1897
1897
1925
1925
1903
1903
1931
1931
1934
1934
1921
1921
1900
1900
1918
1918
1854
1854
1879
1879
1880
1880
1893
1893
1928
1928
1895
1895
1925
1925
1855
1855
1901
1901
1936
1936
1897
1897
1892
1892
1927
1927
1928
1928
1899
1899
1922
1922
1924
1924
1901
1901
1915
1915
1922
1922
1892
1892
1922
1922
1918
1918
1894
1894
