1891
1908
1912
1900
1894
1914
1907
1902
1931
1917
1902
1902
1924
1924
1924
1927
1927
1927
1897
1897
1897
1929
1929
1929
1935
1935
1935
1889
1898
1891
1918
1927
1923
1920
1890
1890
1890
1902
1928
1871
1871
1913
1913
1889
1900
1900
1900
1900
1926
1926
1926
1911
1938
1938
1938
1909
1909
1909
1906
1906
1906
1891
1891
1891
1909
1888
1888
1888
1935
1935
1935
1906
1906
1906
1872
1870
1870
1870
1872
1872
1896
1900
1909
1909
1909
1873
1873
1873
1923
1923
1923
1936
1936
1936
1914
1940
1940
1940
1936
1908
1928
1928
1928
1929
1929
1929
1891
1931
1931
1891
1931
1932
1897
1897
1897
1920
1920
1920
1909
1909
1909
1908
1908
1908
1906
1906
1906
1907
1907
1907
1896
1896
1896
1939
1939
1939
1929
1912
1929
1912
1929
1912
1922
1922
1917
1917
1917
1901
1880
1875
1876
1875
1929
1929
1929
1921
1921
1921
1934
1925
1925
1925
1935
1935
1935
1904
1904
1904
1889
1889
1889
1889
1909
1909
1909
1935
1935
1935
1934
1934
1934
1901
1901
1901
1908
1919
1919
1919
1894
1894
1905
1905
1903
1903
1903
1905
1911
1911
1911
1888
1888
1908
1870
1870
1870
1913
1913
1913
1884
1884
1915
1915
1915
1920
1920
1920
1914
1914
1914
1883
1883
1883
1925
1925
1925
1923
1923
1923
1910
1910
1910
1907
1907
1907
1910
1910
1910
1855
1887
1887
1855
1855
1887
1909
1919
1919
1882
1882
1908
1908
1908
1910
1886
1886
1910
1886
1867
1916
1916
1916
1902
1902
1902
1919
1919
1919
1914
1914
1914
1934
1934
1934
1921
1921
1921
1927
1927
1927
1925
1925
1925
1897
1897
1897
1929
1929
1929
1923
1923
1923
1936
1936
1936
1937
1937
1897
1897
1917
1871
1871
1871
1889
1889
1889
1915
1921
1921
1921
1921
1912
1912
1912
1887
1887
1887
1925
1889
1909
1909
1909
1908
1908
1921
1892
1918
1871
1871
1871
1934
1934
1934
1911
1911
1910
1910
1891
1937
1937
1910
1873
1873
1873
1907
1903
1892
1892
1892
1893
1893
1893
1886
1886
1888
1888
1888
1917
1917
1917
1911
1913
1933
1925
1923
1876
1876
1876
1886
1886
1886
1890
1918
1895
1895
1895
1916
1916
1916
1922
1922
1922
1908
1908
1908
1924
1916
1916
1916
1905
1908
1908
1908
1927
1919
1888
1919
1888
1888
1919
1937
1937
1937
1874
1874
1874
1868
1868
1868
1869
1869
1869
1874
1938
1938
1938
1904
1904
1904
1910
1910
1910
1873
1873
1873
1910
1910
1910
1873
1873
1873
1927
1927
1927
1910
1934
1934
1934
1895
1895
1895
1862
1862
1862
1934
1934
1934
1895
1895
1895
1907
1907
1907
1900
1900
1906
1937
1909
1909
1909
1937
1937
1937
1933
1924
1905
1938
1934
1916
1916
1916
1885
1885
1885
1921
1921
1921
1891
1886
1910
1913
1913
1913
1896
1896
1896
1921
1880
1888
1895
1895
1895
1924
1924
1924
1880
1924
1883
1914
1931
1923
1883
1922
1929
1929
1929
1925
1925
1925
1892
1892
1892
1924
1924
1924
1888
1908
1917
1917
1917
1901
1901
1901
1874
1874
1874
1866
1940
1902
1940
1902
1940
1902
1913
1906
1908
1908
1908
1900
1900
1900
1905
1909
1937
1902
1931
1931
1908
1916
1883
1934
1934
1934
1885
1922
1889
1925
1924
1919
1929
1911
1911
1911
1939
1939
1939
1931
1905
1905
1905
1940
1907
1907
1907
1911
1935
1937
1904
1899
1887
1887
1887
1913
1913
1913
1908
1908
1908
1921
1919
1919
1919
1937
1937
1937
1938
1908
1918
1933
1933
1933
1909
1909
1875
1875
1875
1912
1922
1922
1922
1889
1889
1889
1888
1912
1912
1912
1912
1912
1911
1911
1911
1922
1918
1910
1910
1910
1897
1908
1895
1895
1895
1862
1872
1905
1905
1905
1886
1886
1886
1924
1931
1931
1931
1932
1932
1932
1924
1924
1924
1894
1894
1894
1893
1893
1893
1913
1923
1923
1923
1929
1909
1909
1909
1906
1937
1928
1925
1900
1919
1907
1912
1912
1912
1926
1922
1919
1917
1917
1917
1932
1930
1930
1930
1889
1889
1889
1906
1930
1930
1930
1875
1875
1931
1931
1931
1884
1884
1898
1884
1884
1914
1914
1914
1936
1936
1936
1922
1891
1931
1931
1931
1899
1899
1899
1889
1889
1889
1888
1896
1896
1929
1922
1864
1864
1939
1864
1914
1914
1914
1872
1938
1938
1905
1905
1897
1897
1897
1895
1895
1912
1906
1891
1926
1924
1924
1924
1928
1928
1928
1923
1928
1928
1928
1902
1926
1890
1890
1890
1915
1919
1919
1919
1925
1925
1932
1932
1932
1907
1920
1874
1874
1874
1909
1916
1884
1922
1872
1872
1906
1906
1906
1872
1934
1934
1934
1868
1868
1868
1923
1923
1918
1927
1927
1927
1925
1940
1891
1890
1931
1931
1931
1925
1898
1898
1898
1910
1883
1883
1883
1921
1892
1921
1921
1910
1910
1910
1920
1920
1920
1876
1876
1876
1923
1923
1923
1914
1914
1914
1923
1923
1923
1912
1912
1912
1933
1909
1909
1909
1925
1937
1937
1937
1895
1929
1894
1931
1931
1931
1933
1933
1933
1933
1938
1938
1936
1917
1917
1917
1929
1929
1929
1879
1902
1902
1902
1939
1939
1912
1905
1905
1905
1939
1921
1921
1921
1927
1927
1927
1916
1906
1906
1906
1915
1915
1922
1922
1922
1905
1905
1905
1915
1915
1915
1913
1929
1929
1929
1903
1903
1903
1913
1913
1913
1909
1937
1907
1907
1907
1887
1935
1887
1928
1926
1869
1938
1938
1869
1938
1869
1931
1930
1930
1930
1924
1924
1886
1886
1886
1909
1909
1909
1939
1939
1939
1905
1905
1905
1931
1931
1931
1911
1911
1911
1910
1910
1910
1906
1884
1886
1886
1870
1870
1870
1936
1886
1886
1886
1939
1939
1939
1895
1895
1895
1932
1932
1932
1934
1934
1934
1937
1921
1898
1898
1898
1934
1934
1934
1939
1939
1927
1927
1928
1928
1928
1926
1926
1926
1889
1889
1932
1932
1932
1928
1928
1930
1930
1930
1928
1928
1866
1939
1915
1891
1927
1928
1914
1870
1938
1912
1879
1908
1870
1870
1869
1884
1884
1884
1912
1912
1896
1896
1896
1887
1928
1924
1937
1929
1913
1913
1913
1898
1924
1875
1875
1875
1935
1935
1881
1881
1881
1918
1918
1918
1923
1923
1923
1920
1920
1920
1903
1903
1903
1936
1928
1928
1928
1902
1902
1902
1923
1923
1923
1902
1909
1924
1888
1888
1888
1885
1885
1923
1901
1901
1901
1887
1939
1939
1939
1916
1923
1923
1923
1891
1891
1891
1922
1924
1934
1936
1912
1889
1889
1889
1899
1899
1899
1925
1893
1900
1900
1900
1921
1905
1911
1925
1911
1925
1911
1937
1905
1905
1905
1872
1872
1872
1902
1902
1936
1892
1892
1939
1887
1887
1887
1914
1889
1932
1932
1908
1908
1933
1933
1933
1892
1892
1892
1885
1890
1890
1890
1930
1926
1917
1917
1917
1895
1895
1895
1925
1925
1925
1887
1900
1900
1891
1901
1878
1878
1878
1915
1915
1915
1898
1898
1898
1868
1868
1868
1929
1929
1929
1868
1868
1868
1933
1933
1933
1926
1926
1926
1918
1918
1918
1928
1928
1928
1887
1887
1920
1920
1920
1900
1900
1900
1928
1923
1923
1926
1926
1926
1894
1894
1894
1906
1908
1906
1908
1908
1908
1896
1896
1896
1927
1927
1927
1891
1913
1913
1913
1917
1917
1917
1895
1895
1895
1920
1920
1920
1916
1916
1916
1882
1895
1897
1923
1923
1923
1875
1875
1875
1930
1891
1915
1915
1875
1875
1923
1902
1902
1902
1930
1930
1854
1914
1914
1921
1911
1909
1904
1904
1904
1900
1900
1889
1871
1871
1912
1912
1904
1904
1904
1901
1901
1901
1909
1909
1935
1888
1888
1888
1925
1931
1931
1933
1903
1903
1900
1931
1916
1916
1916
1894
1894
1894
1924
1924
1924
1911
1911
1911
1882
1882
1902
1887
1887
1887
1881
1881
1881
1931
1931
1931
1933
1933
1933
1909
1925
1926
1874
1872
1872
1909
1909
1910
1910
1910
1871
1871
1871
1895
1898
1909
1905
1938
1863
1863
1879
1879
1874
1909
1911
1911
1911
1932
1932
1932
1910
1910
1910
1930
1900
1872
1872
1900
1900
1909
1935
1935
1909
1909
1909
1935
1909
1913
1913
1922
1922
1890
1890
1908
1934
1891
1902
1895
1902
1893
1893
1862
1862
1862
1920
1920
1926
1910
1937
1879
1869
1933
1891
1891
1875
1875
1875
1930
1926
1928
1939
1890
1881
1881
1881
1932
1934
1907
1907
1907
1933
1920
1920
1920
1927
1892
1934
1934
1905
1905
1905
1929
1899
1899
1939
1939
1922
1908
1908
1906
1906
1906
1914
1914
1914
1923
1924
1924
1924
1929
1929
1891
1931
1931
1906
1906
1939
1939
1930
1926
1926
1925
1899
1926
1879
1936
1910
1929
1879
1914
1914
1877
1891
1891
1891
1893
1893
1893
1924
1924
1924
1907
1907
1937
1937
1937
1939
1939
1939
1902
1902
1902
1906
1906
1906
1888
1901
1901
1901
1933
1933
1933
1927
1927
1927
1932
1901
1901
1901
1837
1837
1837
1903
1903
1903
1896
1896
1896
1913
1913
1913
1909
1939
1939
1939
1934
1934
1934
1907
1907
1907
1898
1898
1898
1877
1877
1877
1911
1911
1911
1898
1905
1905
1905
1928
1900
1877
1877
1877
1900
1898
1898
1928
1928
1900
1913
1913
1913
1881
1881
1881
1932
1932
1932
1909
1909
1909
1901
1901
1901
1907
1907
1907
1914
1914
1914
1878
1878
1878
1920
1920
1920
1905
1898
1898
1898
1885
1885
1908
1908
1908
1939
1939
1939
1913
1913
1940
1938
1938
1938
1920
1920
1934
1934
1934
1912
1912
1932
1932
1932
1911
1911
1911
1938
1858
1936
1936
1936
1870
1870
1870
1884
1897
1897
1897
1887
1887
1925
1925
1925
1908
1890
1890
1890
1906
1906
1906
1912
1912
1912
1912
1912
1912
1872
1872
1872
1894
1894
1894
1929
1929
1929
1915
1915
1915
1888
1888
1888
1912
1912
1912
1919
1888
1921
1921
1933
1933
1933
1924
1894
1894
1894
1913
1936
1899
1899
1899
1934
1936
1916
1916
1916
1934
1881
1881
1881
1938
1895
1908
1908
1908
1911
1911
1911
1864
1888
1918
1918
1918
1911
1911
1911
1935
1890
1872
1918
1918
1918
1938
1938
1938
1926
1935
1925
1927
1927
1927
1929
1896
1896
1896
1884
1920
1888
1888
1888
1868
1868
1868
1931
1931
1931
1894
1905
1905
1905
1894
1921
1930
1892
1892
1924
1924
1923
1923
1908
1907
1908
1914
1914
1914
1884
1910
1909
1909
1909
1904
1904
1904
1889
1889
1889
1906
1906
1906
1902
1902
1902
1887
1900
1922
1899
1924
1892
1892
1892
1935
1932
1878
1878
1878
1890
1890
1935
1911
1870
1870
1870
1896
1896
1896
1912
1912
1912
1920
1920
1920
1918
1915
1915
1915
1933
1933
1933
1931
1931
1931
1918
1918
1918
1925
1925
1925
1901
1901
1901
1926
1926
1926
1935
1935
1935
1898
1898
1898
1931
1931
1931
1919
1926
1900
1923
1891
1907
1925
1914
1914
1914
1922
1922
1922
1892
1892
1892
1881
1881
1881
1895
1895
1895
1927
1927
1927
1912
1912
1912
1901
1916
1875
1907
1903
1882
1907
1907
1907
1928
1931
1931
1931
1898
1898
1898
1889
1889
1889
1929
1876
1876
1928
1928
1928
1928
1879
1879
1879
1926
1914
1914
1914
1870
1870
1870
1929
1929
1929
1926
1926
1926
1892
1892
1892
1932
1932
1907
1907
1907
1870
1870
1870
1910
1910
1910
1882
1927
1871
1871
1871
1908
1908
1908
1897
1933
1878
1878
1878
1873
1873
1873
1873
1911
1929
1929
1929
1933
1897
1905
1899
1874
1894
1894
1894
1930
1930
1930
1894
1894
1894
1934
1912
1885
1907
1907
1907
1876
1876
1917
1917
1893
1893
1893
1879
1879
1879
1934
1930
1904
1883
1883
1883
1912
1912
1912
1880
1880
1880
1908
1908
1908
1888
1915
1886
1915
1915
1938
1938
1938
1901
1920
1887
1887
1887
1907
1929
1913
1891
1925
1908
1928
1940
1899
1930
1909
1928
1892
1932
1938
1934
1888
1912
1912
1912
1902
1882
1882
1862
1913
1913
1934
1937
1937
1937
1907
1907
1907
1934
1934
1934
1932
1932
1932
1921
1921
1921
1909
1909
1909
1927
1927
1927
1910
1910
1910
1908
1908
1884
1925
1920
1929
1934
1934
1934
1911
1904
1904
1904
1902
1937
1937
1937
1938
1938
1938
1932
1928
1928
1928
1927
1927
1926
1926
1926
1933
1939
1939
1939
1902
1902
1902
1935
1901
1911
1911
1930
1938
1890
1890
1890
1896
1896
1896
1914
1914
1914
1920
1920
1920
1908
1908
1908
1930
1930
1930
1921
1921
1921
1930
1930
1930
1939
1939
1939
1928
1928
1928
1929
1929
1929
1887
1887
1887
1873
1873
1873
1934
1934
1926
1926
1926
1904
1904
1904
1903
1903
1903
1917
1917
1917
1929
1929
1929
1874
1874
1874
1912
1912
1912
1907
1907
1907
1885
1885
1885
1880
1880
1927
1927
1888
1888
1884
1884
1884
1922
1922
1922
1927
1871
1900
1900
1900
1902
1901
1934
1934
1934
1869
1869
1880
1893
1893
1893
1900
1912
1912
1912
1910
1910
1910
1929
1937
1937
1937
1936
1906
1906
1906
1884
1884
1884
1909
1909
1927
1895
1924
1925
1892
1933
1931
1911
1875
1909
1909
1909
1934
1908
1926
1938
1911
1875
1903
1903
1903
1896
1892
1892
1913
1903
1903
1903
1889
1919
1926
1923
1923
1923
1888
1888
1888
1878
1878
1878
1934
1934
1934
1907
1907
1907
1921
1921
1921
1910
1910
1910
1918
1918
1918
1915
1915
1915
1903
1903
1903
1929
1929
1929
1898
1898
1898
1932
1932
1932
1915
1915
1915
1888
1893
1911
1920
1920
1920
1922
1922
1922
1887
1923
1923
1923
1923
1923
1923
1916
1916
1916
1890
1890
1890
1890
1925
1897
1856
1939
1884
1884
1884
1909
1909
1909
1880
1912
1909
1892
1892
1892
1889
1899
1869
1927
1927
1927
1920
1920
1920
1926
1926
1926
1910
1910
1910
1921
1921
1921
1908
1908
1908
1933
1933
1933
1924
1924
1924
1937
1937
1937
1881
1881
1881
1906
1906
1906
1926
1886
1905
1905
1905
1868
1872
1872
1872
1872
1936
1936
1936
1932
1932
1932
1917
1917
1878
1878
1878
1924
1924
1924
1889
1933
1903
1908
1908
1908
1870
1913
1913
1913
1874
1874
1874
1924
1924
1924
1924
1923
1923
1923
1877
1931
1931
1931
1859
1859
1859
1904
1927
1927
1927
1895
1895
1895
1929
1929
1929
1871
1924
1924
1873
1901
1901
1901
1903
1903
1927
1899
1899
1899
1899
1937
1937
1937
1937
1933
1933
1933
1933
1896
1884
1900
1917
1917
1917
1895
1880
1880
1880
1883
1883
1883
1922
1889
1917
1917
1917
1940
1940
1940
1910
1910
1910
1910
1917
1917
1917
1887
1887
1887
1885
1893
1893
1893
1899
1899
1899
1884
1884
1884
1923
1864
1864
1864
1883
1883
1883
1915
1915
1915
1922
1922
1922
1917
1917
1917
1928
1928
1928
1935
1935
1935
1921
1921
1892
1892
1892
1897
1897
1921
1921
1923
1923
1923
1897
1897
1897
1927
1927
1927
1887
1884
1898
1898
1898
1909
1909
1909
1885
1880
1923
1938
1938
1938
1897
1897
1897
1902
1902
1902
1869
1869
1869
1872
1900
1877
1910
1910
1910
1910
1927
1934
1925
1898
1906
1896
1896
1896
1911
1911
1911
1914
1914
1914
1937
1937
1937
1935
1935
1935
1938
1897
1897
1897
1915
1915
1915
1904
1880
1883
1890
1890
1890
1893
1874
1874
1874
1907
1907
1907
1914
1918
1892
1901
1934
1921
1921
1921
1921
1894
1932
1891
1921
1907
1907
1907
1938
1938
1938
1870
1870
1870
1918
1935
1901
1901
1870
1902
1938
1896
1924
1891
1903
1893
1928
1922
1923
1923
1895
1929
1889
1889
1933
1939
1939
1939
1909
1940
1940
1940
1876
1920
1896
1896
1896
1903
1903
1903
1928
1928
1928
1904
1875
1875
1875
1922
1922
1922
1911
1911
1911
1919
1919
1919
1925
1925
1925
1914
1914
1914
1937
1937
1937
1914
1914
1914
1933
1933
1933
1903
1903
1903
1925
1928
1928
1928
1874
1874
1937
1937
1885
1927
1885
1885
1885
1925
1925
1925
1915
1909
1909
1909
1909
1860
1939
1939
1939
1888
1896
1896
1896
1868
1868
1868
1915
1915
1915
1922
1922
1922
1905
1905
1905
1908
1908
1908
1928
1928
1928
1914
1914
1905
1914
1905
1879
1914
1914
1914
1895
1895
1895
1883
1894
1894
1894
1896
1896
1896
1927
1927
1927
1931
1931
1931
1909
1911
1911
1911
1896
1891
1927
1927
1927
1919
1919
1919
1904
1904
1881
1881
1881
1880
1904
1925
1925
1925
1925
1933
1933
1933
1895
1897
1924
1892
1892
1925
1925
1925
1925
1911
1911
1911
1928
1928
1928
1928
1896
1879
1919
1937
1937
1919
1919
1936
1936
1899
1899
1899
1936
1905
1905
1905
1931
1899
1899
1881
1881
1881
1899
1939
1939
1939
1909
1887
1887
1887
1919
1919
1919
1894
1893
1876
1876
1902
1888
1878
1878
1878
1888
1902
1888
1902
1924
1924
1924
1917
1911
1911
1911
1924
1924
1924
1898
1878
1878
1878
1883
1883
1888
1901
1901
1901
1915
1915
1915
1915
1929
1923
1923
1923
1862
1862
1862
1926
1926
1926
1892
1890
1890
1890
1916
1902
1917
1917
1917
1880
1872
1872
1865
1914
1914
1872
1865
1872
1875
1914
1865
1898
1898
1901
1901
1901
1898
1905
1923
1923
1899
1899
1923
1899
1923
1923
1923
1914
1890
1905
1905
1905
1889
1883
1883
1883
1907
1907
1901
1907
1901
1901
1901
1898
1898
1898
1913
1875
1875
1875
1878
1877
1877
1877
1937
1937
1937
1921
1921
1921
1933
1933
1933
1922
1917
1917
1917
1938
1908
1922
1937
1907
1937
1907
1907
1937
1914
1914
1914
1913
1929
1929
1929
1929
1915
1915
1915
1899
1899
1875
1899
1880
1880
1880
1880
1905
1936
1934
1910
1934
1907
1905
1882
1912
1882
1862
1910
1934
1882
1905
1905
1905
1882
1862
1907
1907
1934
1910
1885
1885
1885
1926
1920
1920
1920
1908
1869
1909
1920
1920
1910
1869
1885
1910
1908
1910
1938
1938
1882
1882
1882
1908
1920
1938
1936
1936
1936
1928
1919
1919
1919
1920
1920
1920
1928
1928
1928
1911
1905
1911
1900
1900
1900
1911
1910
1910
1919
1919
1919
1904
1904
1904
1921
1921
1921
1897
1897
1911
1911
1897
1911
1921
1921
1921
1888
1888
1884
1923
1923
1923
1923
1923
1923
1923
1924
1924
1894
1912
1912
1912
1890
1890
1887
1887
1887
1887
1890
1889
1917
1922
1905
1905
1905
1935
1935
1935
1935
1936
1879
1886
1886
1886
1923
1922
1922
1922
1911
1911
1911
1916
1899
1916
1899
1899
1904
1881
1881
1881
1926
1926
1926
1938
1938
1938
1897
1908
1897
1897
1877
1877
1877
1917
1917
1917
1905
1933
1933
1918
1917
1917
1933
1917
1914
1913
1933
1882
1936
1894
1936
1932
1932
1895
1932
1873
1873
1873
1935
1935
1935
1909
1929
1938
1909
1894
1909
1894
1938
1938
1894
1901
1931
1909
1909
1909
1885
1919
1919
1906
1898
1898
1906
1898
1906
1903
1903
1903
1909
1909
1923
1923
1913
1913
1913
1908
1862
1908
1923
1908
1870
1896
1896
1896
1875
1875
1875
1923
1917
1877
1897
1897
1897
1933
1898
1918
1929
1907
1914
1927
1904
1903
1887
1927
1890
1890
1890
1890
1905
1909
1909
1909
1896
1896
1896
1919
1919
1919
1884
1884
1908
1908
1892
1892
1923
1928
1923
1897
1897
1920
1920
1920
1884
1920
1922
1922
1922
1895
1895
1895
1926
1926
1926
1923
1923
1923
1929
1929
1929
1893
1893
1893
1885
1927
1927
1927
1910
1921
1921
1921
1921
1921
1921
1912
1912
1912
1890
1890
1890
1908
1902
1902
1902
1908
1908
1908
1936
1936
1936
1936
1882
1893
1869
1869
1869
1916
1916
1871
1871
1908
1908
1937
1937
1906
1906
1906
1876
1916
1916
1916
1926
1926
1926
1919
1919
1919
1919
1885
1885
1883
1937
1937
1937
1913
1913
1913
1914
1886
1886
1886
1899
1899
1899
1921
1890
1923
1922
1923
1923
1916
1916
1916
1922
1932
1932
1923
1883
1883
1934
1890
1890
1890
1919
1895
1895
1901
1919
1919
1929
1929
1920
1920
1920
1931
1913
1886
1886
1886
1897
1877
1877
1877
1889
1889
1925
1923
1923
1926
1926
1924
1898
1867
1912
1912
1912
1940
1940
1940
1935
1935
1935
1900
1926
1926
1926
1937
1937
1937
1895
1895
1895
1934
1934
1934
1883
1894
1894
1894
1894
1894
1894
1923
1914
1926
1926
1926
1894
1884
1884
1884
1910
1910
1910
1928
1910
1910
1910
1885
1885
1885
1907
1913
1898
1898
1898
1915
1915
1915
1913
1913
1913
1926
1926
1926
1929
1925
1925
1925
1923
1923
1923
1893
1893
1893
1885
1885
1885
1931
1931
1931
1893
1893
1893
1926
1926
1926
1932
1932
1932
1891
1891
1891
1924
1924
1924
1920
1920
1920
1924
1916
1916
1916
1872
1896
1896
1896
1887
1924
1924
1897
1925
1925
1925
1879
1879
1879
1907
1907
1907
1909
1909
1909
1922
1887
1887
1887
1887
1913
1913
1913
1939
1939
1939
1876
1913
1913
1913
1870
1870
1940
1940
1900
1900
1900
1934
1934
1934
1875
1876
1897
1897
1897
1911
1911
1911
1922
1924
1924
1886
1920
1873
1873
1873
1887
1894
1923
1923
1923
1923
1930
1914
1914
1914
1908
1887
1887
1887
1899
1934
1934
1869
1914
1920
1920
1902
1902
1902
1923
1903
1903
1903
1910
1921
1909
1909
1909
1908
1895
1930
1913
1930
1909
1894
1894
1905
1894
1894
1894
1894
1939
1939
1939
1936
1924
1924
1924
1924
1910
1910
1930
1930
1930
1910
1924
1924
1924
1900
1900
1900
1867
1867
1867
1888
1871
1871
1871
1868
1868
1926
1926
1926
1905
1868
1912
1912
1912
1870
1870
1912
1870
1882
1909
1909
1903
1938
1873
1873
1916
1887
1916
1916
1924
1924
1924
1922
1922
1922
1905
1916
1916
1916
1926
1860
1927
1891
1891
1927
1927
1927
1924
1888
1888
1888
1933
1933
1933
1915
1938
1931
1931
1931
1914
1906
1880
1926
1912
1912
1912
1894
1916
1894
1894
1911
1911
1911
1903
1903
1933
1930
1930
1930
1930
1923
1895
1923
1923
1901
1901
1891
1930
1930
1930
1899
1896
1896
1896
1900
1900
1900
1920
1876
1876
1893
1876
1937
1937
1886
1886
1911
1911
1886
1911
1886
1917
1892
1892
1892
1892
1925
1875
1923
1931
1931
1931
1909
1909
1909
1928
1928
1928
1893
1928
1899
1921
1921
1921
1928
1919
1930
1903
1880
1880
1880
1880
1884
1925
1925
1925
1925
1920
1920
1920
1920
1908
1908
1908
1924
1937
1880
1915
1930
1930
1933
1933
1933
1888
1914
1897
1918
1918
1918
1897
1897
1918
1931
1876
1931
1889
1889
1889
1910
1876
1876
1919
1919
1919
1898
1898
1898
1893
1929
1929
1929
1914
1914
1914
1914
1934
1901
1901
1901
1905
1905
1928
1928
1928
1920
1908
1908
1908
1908
1939
1939
1939
1921
1921
1921
1878
1902
1902
1902
1930
1930
1930
1932
1932
1932
1886
1886
1912
1912
1887
1887
1939
1939
1910
1910
1874
1874
1874
1916
1919
1919
1919
1922
1922
1922
1915
1915
1899
1899
1899
1899
1899
1890
1922
1922
1922
1926
1926
1926
1908
1908
1879
1879
1879
1870
1870
1870
1885
1906
1906
1906
1894
1898
1898
1898
1928
1928
1928
1930
1930
1930
1924
1901
1901
1901
1921
1921
1931
1931
1931
1901
1901
1901
1903
1903
1903
1880
1880
1880
1892
1925
1925
1925
1925
1925
1925
1908
1908
1908
1929
1929
1929
1880
1874
1874
1874
1923
1923
1877
1898
1910
1910
1910
1925
1925
1925
1896
1909
1894
1913
1883
1883
1883
1906
1906
1906
1938
1938
1938
1938
1909
1909
1909
1893
1900
1920
1904
1937
1904
1926
1931
1936
1936
1936
1899
1928
1912
1912
1912
1922
1937
1937
1937
1892
1892
1892
1914
1914
1914
1922
1891
1891
1891
1887
1887
1887
1908
1916
1908
1908
1916
1916
1906
1906
1906
1890
1915
1934
1896
1896
1896
1910
1910
1910
1924
1871
1871
1871
1931
1925
1939
1939
1939
1932
1932
1932
1888
1888
1888
1903
1903
1903
1888
1888
1888
1894
1894
1894
1934
1904
1904
1904
1910
1931
1909
1937
1931
1932
1937
1937
1937
1893
1906
1906
1906
1933
1933
1933
1876
1876
1911
1911
1905
1905
1905
1871
1871
1871
1911
1911
1911
1905
1905
1929
1929
1929
1900
1900
1900
1918
1888
1915
1875
1875
1875
1894
1889
1889
1920
1879
1879
1879
1911
1885
1885
1885
1888
1918
1923
1911
1883
1881
1924
1924
1911
1911
1918
1911
1911
1911
1919
1877
1892
1892
1923
1883
1899
1876
1936
1936
1936
1870
1870
1879
1931
1931
1931
1928
1916
1916
1916
1933
1933
1933
1914
1914
1914
1912
1912
1926
1926
1926
1926
1905
1908
1908
1908
1913
1918
1918
1918
1887
1887
1887
1926
1926
1926
1915
1915
1915
1915
1915
1915
1880
1880
1880
1924
1924
1924
1912
1939
1905
1905
1905
1875
1875
1875
1866
1866
1879
1879
1879
1878
1908
1908
1908
1908
1926
1926
1926
1926
1923
1923
1923
1907
1907
1907
1931
1931
1931
1901
1901
1908
1908
1908
1933
1933
1933
1918
1918
1878
1878
1878
1890
1890
1890
1934
1934
1878
1878
1878
1874
1904
1904
1904
1931
1931
1931
1911
1911
1911
1917
1887
1919
1902
1902
1902
1925
1925
1925
1934
1894
1928
1920
1920
1920
1927
1898
1893
1893
1893
1930
1930
1930
1897
1897
1897
1893
1893
1893
1927
1927
1927
1927
1897
1929
1937
1926
1896
1896
1896
1930
1930
1930
1898
1893
1893
1935
1935
1935
1894
1894
1894
1926
1926
1869
1869
1893
1924
1924
1893
1924
1918
1918
1918
1915
1915
1893
1893
1893
1899
1899
1915
1931
1931
1931
1910
1910
1910
1933
1933
1933
1931
1931
1931
1888
1888
1888
1916
1927
1927
