1865
1865
1923
1923
1897
1897
1920
1920
1902
1902
1872
1872
1893
1893
1924
1924
1871
1871
1895
1895
1900
1900
1911
1911
1921
1921
1918
1918
1872
1872
1902
1902
1886
1886
1886
1886
1934
1934
1898
1898
1874
1874
1903
1903
1928
1928
1915
1915
1918
1918
1876
1876
1924
1924
1894
1894
1884
1884
1932
1932
1891
1891
1870
1870
1898
1898
1934
1934
1901
1901
1872
1872
1871
1871
1941
1941
1935
1935
1908
1908
1909
1909
1884
1884
1916
1916
1882
1882
1934
1934
1877
1877
1910
1910
1908
1908
1875
1875
1932
1932
1936
1936
1894
1894
1927
1927
1927
1927
1900
1900
1923
1923
1905
1905
1897
1897
1868
1868
1925
1925
1902
1902
1931
1931
1908
1908
1909
1909
1892
1892
1917
1917
1901
1901
1924
1924
1930
1930
1917
1917
1922
1922
1880
1880
1919
1919
1897
1897
1881
1881
1897
1897
1921
1921
1903
1903
1914
1914
1936
1936
1912
1912
1914
1914
1910
1910
1904
1904
1908
1908
1886
1886
1914
1914
1912
1912
1874
1874
1905
1905
1889
1889
1929
1929
1865
1865
1864
1864
1901
1901
1889
1889
1870
1870
1908
1908
1934
1934
1894
1894
1896
1896
1922
1922
1885
1885
1924
1924
1885
1885
1911
1911
1916
1916
1887
1887
1886
1886
1923
1923
1894
1894
1896
1896
1888
1888
1924
1924
1927
1927
1900
1900
1898
1898
1930
1930
1917
1917
1929
1929
1933
1933
1894
1894
1903
1903
1923
1923
1908
1908
