1882
1893
1882
1893
1893
1872
1916
1888
1889
1893
1887
1885
1869
1888
1892
1908
1890
1868
1906
1914
1900
1866
1873
1881
1875
1880
1863
1887
1890
1898
1902
1930
1924
1833
1894
1888
1881
1874
1888
1925
1895
1883
1883
1900
1901
1889
1920
1866
1909
1907
1878
1881
1905
1867
1877
1900
1921
1885
1866
1870
1881
1909
1895
1924
1924
1901
1868
1919
1879
1875
1909
1907
1939
1897
1884
1924
1936
1903
1905
1909
1920
1884
1912
1875
1928
1896
1921
1887
1882
1896
1938
1916
1909
1899
1930
1900
1931
1883
1902
1904
1936
1879
1936
1910
1921
1881
1879
1920
1880
1876
1894
1884
1917
1900
1889
1920
1892
1889
1870
1893
1863
1909
1889
1921
1875
1879
1888
1891
1892
1928
1889
1890
1882
1887
1880
1839
1914
1910
1935
1876
1866
1884
1922
1925
1888
1897
1892
1894
1899
1884
1939
1906
1876
1910
1916
1861
1902
1870
1884
1892
1895
1893
1927
1873
1898
1933
1874
1929
1900
1890
1906
1907
1888
1937
1930
1867
1926
1876
1895
1905
1889
1935
1902
1900
1929
1893
1925
1898
1894
1880
1889
1935
1888
1869
1886
1903
1879
1895
1879
1913
1871
1936
1906
1890
1911
1884
1920
1891
1888
1887
1879
1910
1888
1924
1919
1894
1880
1892
1890
1926
1886
1868
1892
1858
1886
1937
1921
1885
1907
1871
1908
1870
1895
1912
1909
1880
1887
1919
1880
1895
1944
1885
1903
1888
1926
1899
1880
1871
1876
1887
1929
1902
1925
1888
1893
1912
1913
1878
1893
1872
