1873
1940
1911
1882
1882
1872
1911
1926
1924
1883
1918
1911
1898
1894
1890
1932
1916
1884
1930
1904
1910
1885
1922
1914
1920
1899
1882
1880
1898
1886
1931
1928
1930
1928
1926
1924
1902
1889
1903
1899
1932
1921
1880
1925
1899
1924
1911
1922
1870
1870
1913
1915
1882
1910
1912
1916
1881
1879
1885
1912
1905
1938
1911
1922
1806
1910
1930
1928
1888
1928
1898
1878
1882
1920
1897
1922
1924
1881
1914
1933
1925
1891
1895
1920
1890
1891
1883
1915
1878
1868
1884
1901
1932
1935
1931
1897
1895
1919
1912
1885
1887
1889
1923
1926
1912
1907
1913
1929
1935
1923
1909
1904
1932
1925
1893
1887
1885
1919
1929
1875
1924
1918
1914
1880
1887
1869
1908
1909
1912
1905
1903
1898
1904
1885
1897
1914
1933
1876
1881
1888
1908
1922
1870
1867
1879
1908
1890
1876
1887
1934
1901
1911
1937
1908
1897
1911
1918
1920
1920
1885
1930
1900
1935
1934
1914
1917
1918
1920
1894
1895
1922
1897
1926
1925
1921
1888
1920
