1888
1882
1880
1877
1860
1890
1922
1895
1857
1912
1876
1887
1896
1874
1892
1918
1888
1915
1924
1916
1892
1905
1885
1896
1873
1898
1875
1912
1871
1859
1876
1905
1894
1908
1896
1875
1873
1903
1892
1899
1880
1884
1899
1890
1908
1932
1898
1927
1929
1875
1882
1911
1891
1894
1938
1870
1863
1922
1855
1899
1875
1877
1865
1896
1883
1866
1915
1907
1908
1886
1886
1900
1911
1922
1875
1884
1925
1901
1891
1868
1876
1877
1880
1879
1896
1870
1913
1887
1902
1832
1938
1905
1876
1872
1907
1872
1933
1906
1906
1906
1889
1884
1881
1861
1908
1875
1878
1907
