1913
1938
1908
1908
1932
1914
1878
1916
1888
1923
1937
1925
1899
1928
1926
1870
1909
1929
1896
1896
1889
1902
1912
1880
1895
1928
1925
1888
1900
1901
1923
1914
1895
1883
1912
1940
1917
1916
1875
1877
1933
1915
1912
1911
1904
1936
1935
1894
1930
1897
1930
1908
1904
1883
1910
1887
1913
1878
1877
1926
1924
1895
1897
1918
1876
1873
1916
1906
1870
1902
1940
1905
1929
1935
1933
1937
1920
1886
1925
1883
1933
1905
1902
1939
1899
1925
1928
1890
1864
1918
1890
1890
1916
1920
1898
1924
1924
1893
1927
1894
1916
1928
1930
1910
1877
1908
1900
1878
1926
1923
1896
1901
1936
1873
1876
1909
1907
1907
1937
1870
1935
1929
1903
1925
1876
1908
1920
1885
1887
1883
1893
