1913
1901
1925
1924
1914
1912
1922
1934
1918
1923
1925
1927
1924
1924
1919
1924
1916
1926
1930
1926
1924
1917
1926
1924
1924
1920
1914
1923
1916
1905
1930
1901
1917
1936
1906
1929
1934
1930
1928
1932
1909
1932
1922
1933
1934
1935
1921
1934
1916
1906
1907
1916
1925
1909
1934
1920
1932
1926
1927
1929
1926
1925
1929
1924
1929
1928
1919
1923
1928
1928
1930
1926
1928
1927
1924
1922
1921
1926
1926
1925
1912
1923
1929
1922
1926
1908
1920
1923
1921
1919
1925
1928
1929
1935
1921
1914
1919
1924
1929
1921
1924
1920
1922
1926
1920
1907
1911
1927
1916
1914
1918
1922
1905
1919
1923
1924
1919
1924
1921
1926
1919
1926
1913
1926
1914
1927
1924
1927
1915
1921
1905
1930
1932
1927
1920
1921
1922
1919
1912
1922
1938
1929
1919
1923
1915
1923
1916
1924
1922
1918
1915
1925
1924
1929
1924
1924
1928
1921
1922
1921
1926
1932
1910
1908
1921
1925
1925
1916
1918
1932
1907
1931
1930
1931
1919
1926
1919
1924
1917
1936
1935
1916
1914
1923
1923
1930
1903
1924
1915
1928
1926
1925
1922
1897
1925
1928
1919
1905
1924
1913
1922
1923
1924
1923
1924
1922
1931
1936
1909
1923
1916
1915
