1919
1880
1882
1915
1924
1921
1923
1896
1928
1893
1931
1902
1903
1912
1903
1918
1882
1904
1872
1931
1902
1929
1902
1867
1938
1898
1898
1909
1888
1926
1920
1893
1923
1926
1940
1904
1910
1907
1880
1934
1932
1932
1895
1889
1923
1920
1888
1891
1863
1900
1939
1933
1923
1892
1907
1910
1895
1913
1916
1925
1895
1896
1911
1885
1884
1889
1923
1889
1921
1887
1935
1921
1885
1928
1923
1925
1898
1894
1929
1925
1926
1885
1922
1885
1907
1874
1911
1879
1922
1895
1904
1925
1926
1883
1907
1930
1932
1928
1905
1885
1911
1909
1884
1920
1885
1922
1882
1905
1895
1933
