1932
1933
1926
1928
1900
1900
1911
1911
1911
1911
1914
1908
1909
1909
1902
1920
1919
1919
1917
1902
1902
1910
1910
1908
1897
1893
1912
1908
1897
1916
1916
1900
1915
1915
1914
1914
1916
1909
1909
1910
1913
1902
1909
1909
1912
1912
1910
1917
1917
1917
1909
1940
1909
1909
1909
1915
1905
1908
1914
1914
1905
1918
1912
1924
1912
1908
1903
1909
1914
1911
1911
1902
1919
1900
1900
1900
1914
1935
1897
1911
1911
1902
1902
1915
1913
1910
1910
1913
1913
1911
1903
1903
1904
1913
1911
1911
1911
1914
1914
1917
1918
1918
1915
1915
1908
1908
1908
1916
1908
1908
1900
1913
1913
1909
1909
1909
1935
1909
1910
1934
1902
1906
1917
1917
1910
1910
1916
1911
1911
1904
1904
1917
1917
1909
1918
1918
1911
1910
1911
1911
1921
1921
1921
1914
1919
1911
1911
1907
1893
1893
1893
1904
1904
1904
1904
1900
1900
1919
1919
1905
1915
1914
1904
1916
1916
1902
1912
1912
1915
1915
1908
1908
1913
1911
1911
1913
1910
1908
1908
1902
1911
1911
1905
1905
1908
1908
1909
1909
1916
1896
1919
1919
1910
1879
1879
1907
1910
1904
1904
1911
1909
1903
1903
1883
1899
1899
1911
1904
1904
1904
1913
1911
1911
1902
1910
1910
1915
1914
1911
1915
1915
1916
1916
1916
1911
