1886
1886
1870
1870
1867
1867
1903
1903
1892
1892
1870
1870
1900
1900
1928
1928
1873
1873
1872
1872
1872
1872
1868
1868
1900
1900
1900
1900
1875
1875
1875
1875
1875
1875
1900
1900
1879
1879
1900
1900
1873
1873
1900
1900
1877
1877
1880
1880
1900
1900
1873
1873
1874
1874
1874
1874
1872
1872
1867
1867
1872
1872
1888
1888
1928
1928
1869
1869
1865
1865
1869
1869
1886
1886
1926
1926
1865
1865
1869
1869
1900
1900
1900
1900
1871
1871
1873
1873
1888
1888
1872
1872
1928
1928
1886
1886
1874
1874
1886
1886
1875
1875
1865
1865
1875
1875
1879
1879
1925
1925
1876
1876
1926
1926
1928
1928
1926
1926
1871
1871
1900
1900
1900
1900
1871
1871
1870
1870
1928
1928
1869
1869
1874
1874
1878
1878
1900
1900
1867
1867
1868
1868
1874
1874
1875
1875
1925
1925
1930
1930
1867
1867
1874
1874
1879
1879
1928
1928
1931
1931
1867
1867
1871
1871
1871
1871
1926
1926
1937
1937
1900
1900
1873
1873
1866
1866
1868
1868
1932
1932
1874
1874
1930
1930
1885
1885
1900
1900
1874
1874
1900
1900
1927
1927
1921
1921
1877
1877
1900
1900
1873
1873
1881
1881
1908
1908
1926
1926
1929
1929
1868
1868
1867
1867
1865
1865
1882
1882
1874
1874
1876
1876
1873
1873
1926
1926
1875
1875
1867
1867
1880
1880
1928
1928
1900
1900
1900
1900
1876
1876
1926
1926
1926
1926
1898
1898
1898
1898
1879
1879
1867
1867
1867
1867
1875
1875
1927
1927
1925
1925
1872
1872
1878
1878
1926
1926
1870
1870
1867
1867
1876
1876
1925
1925
1928
1928
1937
1937
1865
1865
1872
1872
1931
1931
1876
1876
1879
1880
1879
1880
1873
1873
1874
1874
1872
1872
1900
1900
1886
1886
1865
1865
1928
1928
1926
1926
1928
1928
1928
1928
1871
1871
1900
1900
1900
1900
1900
1900
1883
1883
1900
1900
1878
1878
1875
1875
1875
1875
1872
1872
1875
1875
1868
1868
1927
1927
1928
1928
1927
1927
1921
1921
1871
1871
1870
1870
1926
1926
1890
1890
1870
1870
1872
1872
1864
1864
1879
1879
1886
1886
1878
1878
1872
1872
1927
1927
1929
1929
1927
1927
1874
1874
1876
1876
1900
1900
1929
1929
1895
1895
1900
1900
1875
1875
1874
1874
1868
1868
1928
1928
1900
1900
1900
1900
1926
1926
1877
1877
1928
1928
1926
1926
1897
1897
1928
1928
1884
1884
1862
1862
1905
1905
1870
1870
1874
1874
1880
1880
1929
1929
1898
1898
1872
1872
1885
1885
1879
1879
1884
1884
1863
1863
1926
1926
1925
1925
1927
1927
1864
1864
1900
1900
1900
1900
1900
1900
1924
1924
1935
1935
1869
1869
1900
1900
1866
1866
1870
1870
1875
1875
1875
1875
1864
1864
1869
1869
1900
1900
1879
1879
1878
1878
1881
1881
1888
1888
1875
1875
1931
1931
1927
1927
1924
1924
1871
1871
1876
1876
1906
1906
1864
1864
1875
1875
1877
1877
1900
1900
1905
1905
1873
1873
1874
1874
1871
1876
1871
1876
1874
1874
1892
1877
1892
1877
1880
1880
1876
1876
1869
1869
1873
1873
1873
1873
1863
1863
1875
1875
1876
1876
1876
1876
1876
1876
1874
1874
1874
1874
1884
1884
1874
1874
1923
1923
1926
1926
1871
1875
1871
1875
1875
1875
1891
1891
1870
1870
1875
1875
1873
1873
1875
1875
1924
1924
1872
1872
1864
1864
1879
1879
1874
1874
1875
1875
1876
1876
1868
1868
1873
1873
1875
1875
1884
1884
1887
1887
1876
1876
1872
1872
1872
1872
1870
1870
1871
1871
1871
1871
1882
1882
1869
1869
1875
1875
1880
1880
1861
1861
1884
1884
1872
1872
1875
1875
1864
1864
1900
1900
1900
1900
1875
1875
1869
1869
1871
1871
1875
1875
1875
1875
1877
1877
1880
1880
1873
1873
1873
1873
1928
1928
1931
1931
1927
1927
1872
1872
1870
1870
1872
1872
1860
1860
1900
1900
1866
1866
1900
1869
1900
1869
1869
1869
1877
1877
1927
1927
1927
1927
1900
1900
1878
1878
1873
1873
1880
1880
1930
1930
1871
1871
1883
1883
1925
1925
1868
1868
1900
1900
1888
1888
1867
1867
1872
1872
1868
1868
1883
1883
1889
1889
1881
1881
1873
1873
1925
1925
1871
1871
1925
1925
1869
1869
1908
1908
1926
1926
1876
1876
1876
1876
1874
1874
1871
1871
1864
1864
1925
1925
1901
1901
1925
1925
1928
1928
1926
1926
1930
1930
1878
1878
1877
1877
1882
1882
1870
1870
1881
1881
1863
1863
1875
1875
1866
1866
1865
1865
1867
1867
1866
1866
1929
1929
1928
1928
1929
1929
1885
1885
1856
1856
1930
1930
1863
1863
1866
1866
1876
1876
1870
1870
1884
1884
1864
1864
1873
1873
1873
1873
1890
1890
1874
1874
1872
1872
1866
1866
1878
1878
1873
1873
1872
1872
1872
1872
1887
1887
1929
1929
1929
1929
1930
1930
1864
1864
1870
1870
1875
1875
1875
1875
1872
1872
1886
1886
1871
1871
1870
1870
1875
1875
1877
1877
1873
1873
1867
1867
1874
1874
1880
1880
1876
1876
1873
1873
1873
1873
1927
1927
1926
1926
1867
1867
1867
1867
1877
1877
1929
1929
1874
1874
1868
1868
1876
1876
1877
1877
1872
1872
1875
1875
1854
1854
1878
1878
1872
1872
1870
1870
1873
1873
1872
1872
1882
1882
1874
1874
1900
1900
1874
1874
1900
1900
1878
1878
1867
1867
1926
1926
1878
1878
1874
1874
1899
1899
1872
1872
1890
1890
1877
1877
1900
1900
1876
1876
1869
1869
1860
1860
1875
1875
1875
1875
1874
1874
1930
1930
1928
1928
1883
1883
1873
1873
1874
1874
1925
1925
1925
1925
1875
1875
1893
1893
1900
1900
1874
1874
1880
1880
1900
1900
1869
1869
1927
1927
1929
1929
1878
1878
1875
1875
1876
1876
1872
1872
1880
1880
1875
1875
1900
1900
1872
1872
1864
1864
1877
1877
1879
1879
1862
1862
1870
1870
1873
1873
1879
1879
1881
1881
1926
1926
1928
1928
1925
1925
1877
1877
1871
1871
1900
1900
1875
1875
1867
1867
1869
1869
1869
1869
1874
1874
1925
1925
1865
1865
1900
1900
1929
1929
1874
1874
1871
1871
1873
1873
1876
1876
1867
1867
1922
1922
1867
1867
1924
1924
1867
1867
1880
1880
1870
1870
1872
1872
1875
1875
1873
1873
1875
1875
1926
1926
1924
1924
1924
1924
1882
1882
1900
1900
1900
1900
1880
1880
1866
1866
1932
1932
1867
1867
1874
1874
1874
1874
1869
1869
1877
1877
1875
1875
1876
1876
1870
1870
1927
1927
1874
1874
1873
1873
1872
1872
1874
1874
1877
1877
1867
1867
1879
1879
1865
1865
1891
1891
1928
1928
1880
1880
1874
1874
1900
1900
1876
1876
1886
1886
1886
1886
1881
1881
1878
1878
1895
1895
1912
1912
1927
1927
1883
1883
1874
1874
1874
1874
1845
1845
1869
1869
1884
1884
1885
1885
1870
1870
1924
1924
1866
1866
1928
1928
1927
1927
1885
1885
1876
1876
1925
1925
1900
1900
1900
1900
1925
1925
1900
1900
1861
1861
1900
1900
1876
1876
1878
1878
1875
1875
1874
1874
1925
1925
1893
1893
1926
1926
1907
1907
1874
1874
1889
1889
1873
1873
1900
1900
1928
1928
1925
1925
1927
1927
1928
1928
1928
1928
1929
1929
1867
1867
1872
1872
1926
1926
1872
1872
1874
1874
1873
1873
1925
1925
1900
1900
1900
1900
1873
1873
1888
1888
1925
1925
1875
1875
1878
1878
1884
1884
1869
1869
1927
1927
1875
1875
1872
1872
1923
1923
1872
1872
1860
1860
1872
1872
1877
1877
1871
1871
1937
1937
1863
1863
1928
1928
1932
1932
1928
1928
1928
1928
1900
1900
1876
1876
1900
1900
1900
1900
1900
1900
1900
1900
1886
1886
1925
1925
1866
1866
1927
1927
1870
1870
1926
1926
1895
1895
1900
1900
1873
1873
1875
1875
1877
1877
1867
1867
1925
1925
1880
1880
1929
1929
1929
1929
1926
1926
1879
1879
1879
1879
1884
1884
1878
1900
1878
1900
1874
1874
1883
1883
1900
1900
1868
1868
1868
1868
1870
1870
1927
1927
1928
1928
1922
1922
1867
1867
1900
1900
1882
1882
1928
1928
1927
1927
1924
1924
1873
1873
1881
1881
1900
1900
1926
1926
1871
1871
1875
1875
1873
1873
1873
1873
1927
1927
1863
1863
1875
1875
1874
1874
1873
1873
1880
1880
1874
1874
1872
1872
1875
1875
1882
1882
1883
1883
1873
1873
1862
1862
1875
1875
1871
1871
1873
1873
1875
1875
1873
1873
1867
1867
1928
1928
1928
1928
1928
1928
1877
1877
1862
1862
1869
1869
1864
1864
1928
1928
1926
1926
1868
1868
1878
1878
1870
1870
1876
1876
1924
1924
1923
1923
1928
1928
1869
1869
1873
1873
1926
1926
1903
1903
1872
1872
1864
1864
1872
1872
1876
1876
1875
1875
1875
1875
1872
1872
1873
1873
1869
1869
1884
1884
1926
1926
1873
1873
1920
1920
1872
1872
1872
1872
1876
1876
1871
1871
1878
1878
1876
1876
1927
1927
1900
1900
1905
1905
1900
1900
1900
1900
1878
1878
1868
1868
1929
1929
1900
1900
1862
1862
1874
1874
1870
1870
1882
1882
1875
1875
1866
1866
1928
1928
1874
1874
1895
1895
1869
1869
1900
1900
1874
1874
1915
1915
1878
1878
1867
1867
1924
1924
1928
1928
1900
1900
1925
1925
1870
1870
1874
1874
1929
1929
1926
1926
1926
1926
1868
1868
1872
1872
1887
1887
1927
1927
1928
1928
1876
1876
1876
1876
1871
1871
1868
1868
1860
1860
1875
1875
1874
1874
1878
1878
1875
1875
1875
1875
1879
1879
1900
1900
1900
1900
1929
1929
1928
1928
1927
1927
1867
1867
1877
1877
1929
1929
1924
1924
1885
1885
1928
1928
1881
1881
1870
1870
1873
1873
1872
1872
1868
1868
1879
1879
1874
1874
1870
1870
1867
1867
1878
1878
1900
1900
1873
1873
1870
1870
1871
1871
1880
1880
1877
1877
1924
1924
1931
1931
1927
1927
1884
1884
1927
1927
1876
1876
1886
1886
1878
1878
1876
1876
1876
1876
1895
1895
1927
1927
1899
1899
1886
1886
1866
1866
1884
1884
1872
1872
1870
1870
1930
1930
1924
1924
1926
1926
1872
1872
1874
1874
1900
1900
1867
1867
1900
1900
1873
1873
1874
1874
1926
1926
1878
1878
1926
1926
1930
1930
1925
1925
1888
1888
1928
1928
1867
1867
1929
1929
1877
1877
1872
1872
1872
1875
1875
1872
1875
1875
1878
1878
1872
1872
1925
1925
1927
1927
1931
1931
1900
1900
1931
1931
1931
1931
1883
1883
1867
1867
1892
1892
1930
1930
1857
1857
1874
1874
1927
1927
1897
1897
1935
1935
1895
1895
1881
1881
1881
1881
1892
1892
1873
1873
1878
1878
1884
1884
1874
1874
1867
1867
1876
1876
1879
1879
1881
1881
1861
1861
1899
1899
1870
1870
1870
1870
1900
1900
1921
1921
1921
1921
1864
1864
1879
1879
1890
1890
1875
1875
1872
1872
1928
1928
1856
1856
1871
1871
1878
1878
1872
1872
1872
1872
1880
1880
1881
1881
1876
1876
1876
1876
1875
1875
1871
1871
1863
1863
1869
1869
1873
1873
1870
1870
1870
1870
1929
1929
1922
1922
1930
1930
1927
1927
1881
1881
1870
1870
1868
1868
1910
1910
1900
1900
1878
1878
1867
1867
1878
1878
1874
1874
1865
1865
1874
1874
1900
1900
1928
1928
1870
1870
1870
1870
1881
1881
1872
1872
1876
1876
1872
1872
1858
1858
1900
1900
1868
1868
1874
1874
1879
1879
1900
1900
1870
1870
1861
1861
1872
1872
1929
1929
1862
1862
1880
1880
1899
1899
1862
1862
1900
1900
1880
1880
1900
1900
1900
1900
1928
1928
1926
1926
1923
1923
1926
1926
1924
1924
1928
1928
1926
1926
1927
1927
1925
1925
1925
1925
1927
1927
1891
1891
1927
1927
1926
1926
1874
1874
1878
1878
1874
1874
1910
1910
1866
1866
1926
1926
1900
1900
1880
1880
1867
1867
1874
1874
1870
1870
1871
1871
1871
1871
1869
1869
1866
1866
1900
1900
1869
1869
1870
1870
1870
1870
1870
1870
1928
1928
1871
1871
1873
1873
1877
1877
1927
1927
1885
1885
1883
1883
1865
1865
1900
1900
1900
1900
1900
1900
1870
1870
1898
1898
1892
1892
1869
1869
1941
1941
1863
1863
1886
1886
1872
1872
1859
1859
1857
1857
1865
1865
1865
1865
1873
1873
1878
1878
1858
1858
1867
1867
1874
1874
1885
1885
1929
1929
1872
1872
1881
1881
1929
1929
1930
1930
1927
1927
1927
1927
1936
1936
1924
1924
1926
1926
1869
1869
1868
1868
1871
1871
1877
1877
1872
1872
1879
1879
1887
1887
1874
1874
1873
1873
1877
1877
1864
1864
1900
1900
1877
1877
1874
1874
1877
1877
1875
1875
1900
1900
1872
1872
1869
1869
1872
1872
1887
1887
1872
1872
1879
1879
1873
1873
1876
1876
1875
1875
1928
1928
1928
1928
1881
1881
1875
1875
1873
1873
1924
1924
1874
1874
1888
1888
1869
1869
1872
1872
1859
1859
1929
1929
1870
1870
1883
1900
1881
1875
1873
1900
1883
1881
1875
1873
1874
1874
1876
1876
1878
1878
1869
1869
1872
1872
1877
1877
1872
1872
1874
1874
1873
1873
1870
1870
1870
1870
1927
1927
1882
1882
1926
1926
1926
1926
1930
1930
1928
1928
1927
1927
1928
1928
1873
1873
1926
1926
1930
1930
1880
1880
1871
1871
1872
1872
1872
1872
1900
1900
1900
1900
1865
1865
1867
1867
1924
1924
1925
1925
1900
1900
1900
1900
1865
1865
1926
1926
1930
1930
1909
1909
