1929
1904
1930
1916
1942
1940
1911
1897
1894
1909
1907
1907
1909
1909
1909
1938
1933
1871
1904
1908
1923
1879
1873
1871
1861
1877
1879
1909
1903
1903
1907
1907
1903
1911
1899
1899
1898
1908
1902
1885
1921
1902
1909
1887
1896
1900
1900
1908
1905
1906
1906
1906
1908
1920
1908
1909
1904
1888
1909
1909
1909
1909
1902
1902
1902
1887
1921
1922
1898
1903
1886
1898
1908
1899
1920
1920
1904
1919
1909
1918
1897
1909
1909
1902
1901
1914
1899
1921
1920
1920
1915
1914
1914
1914
1914
1885
1921
1893
1893
1893
1893
1907
1883
1891
1876
1876
1884
1902
1910
1900
1877
1899
1900
1900
1937
1904
1911
1916
1920
1892
1892
1892
1892
1900
1894
1900
1900
1900
1911
1920
1900
1900
1911
1900
1902
1894
1907
1896
1911
1886
1886
1905
1905
1925
1923
1903
1909
1903
1885
1888
1922
1922
1888
1920
1906
1878
1896
1921
1896
1900
1898
1881
1921
1921
1906
1889
1909
1919
1904
1902
1912
1939
1940
1863
1884
1884
1884
1884
1913
1911
1911
1911
1905
1905
1905
1887
1920
1900
1929
1905
1920
1902
1923
1902
1914
1914
1904
1903
1917
1911
1911
1912
1906
1924
1898
1904
1908
1908
1908
1912
1889
1899
1899
1899
1906
1906
1906
1913
1897
1904
1891
1913
1902
1900
1920
1910
1883
1885
1911
1914
1906
1901
1893
1859
1878
1901
1909
1891
1938
1908
1866
1865
1859
1872
1892
1881
1908
1908
1922
1911
1906
1906
1906
1891
1912
1918
1914
1919
1892
1919
1919
1919
1914
1935
1934
1905
1909
1923
1916
1922
1909
1911
1911
1922
1906
1906
1906
1919
1919
1902
1923
1895
1895
1895
1895
1921
1892
1895
1895
1895
1895
1931
1933
1898
1909
1909
1909
1913
1897
1899
1875
1875
1905
1895
1882
1882
1872
1878
1895
1933
1941
1898
1895
1933
1940
1877
1873
1881
1881
