1904
1935
1904
1910
1899
1892
1922
1889
1885
1917
1920
1871
1901
1928
1932
1900
1931
1935
1915
1925
1906
1875
1899
1883
1880
1925
1896
1927
1872
1937
1939
1916
1911
1925
1928
1897
1878
1917
1878
1914
1918
1882
1879
1920
1887
1912
1910
1872
1873
1906
1906
1907
1917
1919
1930
1899
1891
1920
1923
1900
1932
1899
1922
1857
1919
1891
1924
1888
1903
1886
1927
1923
1892
1938
1898
1933
1906
1939
1931
1910
1939
1907
1875
1902
1864
1908
1882
1899
1937
1939
1875
1935
1909
1933
1865
1920
1930
1895
1901
1912
1927
1923
1916
1910
1931
1904
1910
1937
1895
1887
1919
1895
1933
1924
1929
1926
1896
1922
1913
1925
1896
1927
1912
1922
1924
1920
1890
1931
1878
1896
1903
1903
1927
1928
1897
1897
1899
1927
1902
1933
1902
1914
1906
1912
1937
1912
1939
1916
