1915
1920
1895
1897
1932
1935
1903
1880
1887
1912
1888
1890
1932
1935
1928
1890
1900
1896
1905
1904
1909
1918
1869
1908
1928
1901
1941
1905
1890
1924
1896
1898
1931
1930
1929
1929
1920
1908
1902
1880
1888
1922
1907
1908
1901
1917
1883
1916
1901
1886
1886
1903
1925
1922
1927
1920
1908
1926
1912
1882
1906
1896
1865
1886
1878
1906
1928
1872
1918
1907
1923
1866
1913
1908
1929
1902
1907
1897
1881
1880
1907
1923
1908
1891
1913
1909
1913
1926
1897
1924
1898
1913
1925
1928
1884
1924
1924
1926
1875
1908
1909
1883
1930
1921
1890
1920
1907
1899
1880
1912
1943
1939
1937
1933
1896
1885
1941
1933
1932
1914
1937
1940
1937
1919
1905
1914
1905
1921
1899
1926
1930
1924
1891
1893
1901
1920
1908
1927
1917
1917
1911
1902
1907
1928
1928
1926
1923
1912
1882
1890
1918
1915
1906
1940
1908
1880
1904
1911
1913
1875
1872
1902
1909
1920
1905
1922
1907
1904
1897
1895
1907
1923
1879
1913
1885
1918
1918
1930
1936
1934
1906
1928
1895
1905
1899
1902
1899
1898
1922
1900
1923
1907
1878
1878
1921
1885
1880
1927
1920
1915
1914
1921
1901
1900
1890
1906
1927
1897
1899
1890
1917
1891
1910
1893
1924
1923
1924
1922
1890
1939
1904
1906
1900
1884
1925
1900
1879
1893
1880
1913
1898
1914
1919
1905
1919
1914
1908
1883
1886
1893
1936
1899
1934
1893
1910
1895
1900
1908
1937
1939
1939
1938
1937
1930
1928
1939
1901
1922
1924
1889
1924
1922
1889
1888
1909
1925
1911
1922
1900
1900
1902
1928
1932
1873
1910
1900
1908
1921
1920
1901
1905
1909
1910
1896
1910
1909
1924
1922
1873
1864
1902
1886
1884
1906
1932
1921
1925
1892
1890
1903
1910
1889
1895
1899
1888
1880
1925
1915
1922
1917
1928
1900
1924
1929
1927
1882
1886
1912
1904
1927
1920
1913
1912
1925
1901
1888
1871
1909
1909
1927
1934
1937
1939
1900
1935
1906
1882
1925
1927
1909
1908
1889
1902
1912
1928
1899
1925
1891
1936
1932
1840
1909
1926
1935
1880
1920
1905
1887
1923
1925
1916
1920
1913
1879
1886
1930
1934
1937
1891
1922
1930
1875
1890
1891
1923
1930
1899
1909
1927
1886
1884
1920
1927
1885
1930
1933
1928
1932
1897
1887
1909
1927
1924
1902
1876
1917
1940
1899
1887
1882
1930
1875
1934
1905
1910
1911
1876
1880
1871
1914
1903
1927
1930
1886
1891
1922
1910
1895
1886
1886
1882
1900
1924
1908
1932
1880
1899
1937
1914
1905
1910
1904
1880
1902
1937
1928
1902
1921
1906
1937
1904
1934
1906
1908
1887
1875
1921
1878
1919
1906
1935
1939
1895
1940
1907
1938
1936
1927
1906
1912
1905
1880
1880
1922
1920
1910
1905
1927
1875
1924
1899
1886
1912
1903
1912
1910
1932
1919
1905
1876
1939
1919
1891
1907
1875
1870
1910
1905
1906
1910
1891
1921
1927
1909
1899
1910
1908
1936
1936
1889
1894
1916
1880
1914
1920
1902
1918
1934
1937
1933
1903
1905
1854
1910
1909
1895
1920
1922
1905
1908
1910
1934
1889
1890
1913
1914
1915
1920
1903
1928
1930
1898
1932
1924
1930
1929
1890
1932
1925
1890
1899
1886
1890
1928
1913
1910
1913
1930
1928
1914
1888
1914
1874
1882
1908
1893
1897
1897
1937
1931
1891
1923
1910
1920
1905
1933
1886
1929
1923
1865
1869
1928
1899
1920
1897
1896
1925
1900
1889
1918
1917
1920
1889
1906
1910
1875
1908
1924
1922
1928
1894
1930
1901
1933
1907
1929
1931
1891
1926
1924
1924
1915
1904
1931
1914
1922
1882
1925
1902
1918
1877
1886
1920
1900
1910
1921
1909
1927
1915
1864
1943
1940
1937
1910
1912
1891
1912
1918
1938
1943
1920
1943
1914
1938
1895
1916
1930
1929
1891
1915
1904
1902
1939
1930
1938
1900
1896
1936
1911
1912
1898
1914
1885
1865
1902
1900
1928
1924
1910
1907
1927
1929
1880
1905
1930
1905
1919
1937
1861
1929
1898
1874
1901
1930
1896
1932
1896
1879
1923
1926
1892
1925
1880
1910
1912
1920
1909
1894
1875
1876
1929
1870
1877
1894
1932
1934
1890
1925
1924
1911
1921
1912
1928
1933
1907
1929
1927
1907
1916
1928
1899
1902
1928
1925
1910
1929
1930
1939
1935
1900
1907
1875
1881
1916
1924
1940
1875
1923
1901
1891
1890
1929
1885
1908
1916
1924
1919
1926
1931
1892
1928
1921
1939
1871
1875
1909
1889
1909
1881
1928
1927
1925
1922
1884
1916
1888
1870
1899
1922
1922
1929
1895
1928
1878
1896
1929
1913
1910
1908
1871
1876
1922
1912
1901
1878
1930
1932
1895
1900
1925
1925
1932
1922
1913
1930
1900
1908
1911
1897
1907
1913
1932
1912
1910
1935
1920
1907
1930
1892
1898
1901
1904
1930
1902
1920
1924
1926
1908
1908
1931
1934
1932
1920
1905
1900
1920
1925
1898
1896
1920
1925
1872
1917
1903
1880
1880
1924
1924
1922
1898
1936
1940
1909
1923
1886
1882
1943
1882
1896
1885
1882
1906
1929
1884
1884
1924
1899
1896
1872
1874
1910
1932
1938
1894
1930
1935
1900
1936
1902
1914
1929
1923
1884
1882
1931
1917
1896
1876
1906
1888
1899
1898
1902
1867
1910
1917
1922
1884
1881
1912
1927
1878
1870
1908
1909
1905
1870
1904
1906
1909
1908
1914
1903
1903
1926
1919
1915
1930
1891
1929
1903
1855
1928
1913
1907
1909
1933
1938
1899
1909
1875
1936
1905
1940
1910
1908
1875
1907
1869
1920
1929
1870
1905
1885
1900
1927
1877
1907
1909
1878
1905
1930
1913
1919
1902
1912
1913
1876
1865
1917
1915
1920
1926
1920
1931
1909
1906
1903
1888
1910
1924
1927
1903
1900
1922
1876
1907
1921
1912
1900
1927
1920
1875
1880
1900
1875
1919
1905
1900
1867
1906
1921
1914
1922
1895
1905
1890
1927
1936
1885
1907
1909
1938
1902
1929
1920
1922
1935
1934
1873
1930
1918
1907
1915
1930
1900
1910
1903
1910
1931
1906
1922
1879
1884
1932
1892
1921
1932
1880
1927
1919
1925
1940
1907
1908
1933
1930
1920
1925
1886
1931
1917
1932
1925
1930
1934
1865
1923
1937
1901
1926
1924
1926
1915
1928
1927
1926
1892
1930
1900
1906
1931
1925
1931
1896
1922
1932
1910
1906
1886
1884
1911
1914
1902
1926
1940
1941
1902
1876
1885
1933
1888
1932
1927
1897
1882
1880
1918
1925
1907
1909
1923
1915
1884
1896
1905
1940
1918
1931
1927
1882
1878
1927
1930
1916
1916
1924
1913
1859
1921
1895
1892
1930
1928
1902
1930
1924
1924
1904
1934
1919
1909
1907
1867
1930
1899
1923
1870
1896
1912
1926
1892
1922
1920
1930
1924
1922
1889
1924
1886
1930
1912
1911
1925
1909
1917
1919
1910
1912
1900
1904
1899
1899
1914
1932
1900
1930
1876
1906
1879
1865
1891
1881
1895
1906
1905
1931
1929
1929
1926
1935
1896
1880
1905
1907
1898
1923
1923
1895
1921
1899
1900
1900
1915
1906
1900
1906
1928
1886
1937
1900
1908
1918
1886
1920
1926
1882
1885
1891
1923
1881
1925
1936
1884
1931
1901
1923
1903
1899
1888
1939
1918
1920
1886
1882
1931
1906
1910
1910
1930
1940
1910
1903
1931
1908
1899
1908
1893
1928
1887
1893
1908
1932
1925
1876
1923
1923
1921
1905
1889
1921
1925
1895
1920
1925
1907
1912
1887
1885
1889
1902
1926
1885
1918
1906
1898
1920
1922
1894
1927
1922
1887
1929
1929
1923
1903
1926
1932
1935
1928
1919
1928
1885
1915
1901
1884
1905
1872
1908
1878
1916
1919
1922
1924
1922
1926
1929
1928
1929
1927
1888
1890
1935
1931
1893
1929
1880
1918
1919
1888
1892
1933
1927
1907
1927
1900
1917
1929
1923
1936
1897
1881
1920
1904
1907
1914
1912
1905
1907
1895
1927
1919
1932
1921
1896
1904
1907
1914
1901
1912
1917
1932
1879
1913
1927
1905
1927
1886
1910
1917
1882
1901
1895
1923
1928
1925
1908
1930
1930
1930
1932
1936
1895
1892
1924
1926
1905
1904
1902
1898
1913
1909
1900
1900
1923
1928
1887
1918
1915
1879
1900
1887
1870
1875
1900
1900
1880
1925
1890
1886
1914
1919
1924
1916
1910
1902
1922
1926
1905
1902
1890
1885
1912
1912
1884
1929
1908
1912
1925
1928
1927
1920
1901
1902
1927
1897
1925
1887
1911
1901
1920
1878
1910
1918
1873
1926
1889
1879
1904
1899
1902
1895
1921
1928
1927
1929
1929
1892
1909
1908
1910
1901
1886
1924
1929
1925
1884
1924
1926
1884
1920
1939
1909
1884
1922
1879
1914
1930
1904
1911
1901
1923
1923
1922
1932
1927
1880
1897
1880
1876
1905
1930
1907
1877
1927
1933
1936
1931
1903
1929
1901
1925
1874
1919
1868
1919
1872
1881
1885
1905
1875
1912
1921
1925
1926
1903
1915
1922
1885
1916
1938
1916
1900
1916
1876
1900
1918
1921
1915
1901
1924
1924
1921
1914
1923
1922
1930
1890
1885
1915
1930
1904
1926
1920
1900
1889
1902
1934
1936
1912
1910
1889
1901
1900
1898
1935
1941
1938
1928
1943
1932
1889
1893
1920
1926
1871
1885
1931
1931
1872
1921
1924
1919
1921
1927
1897
1922
1895
1895
1938
1906
1914
1930
1925
1884
1913
1876
1935
1897
1895
1880
1924
1916
1885
1922
1929
1928
1905
1890
1898
1904
1875
1921
1913
1929
1912
1928
1889
1920
1916
1926
1902
1927
1909
1888
1898
1928
1898
1922
1877
1911
1895
1926
1924
1918
1906
1885
1928
1937
1894
1891
1928
1910
1880
1885
1891
1888
1919
1871
1880
1900
1922
1923
1890
1917
1915
1912
1936
1928
1922
1924
1906
1929
1872
1906
1899
1897
1910
1914
1919
1937
1928
1930
1903
1901
1933
1908
1904
1923
1901
1908
1922
1937
1935
1938
1926
1936
1917
1893
1934
1931
1907
1919
1895
1914
1909
1910
1924
1895
1886
1895
1929
1888
1925
1926
1911
1907
1907
1922
1941
1932
1939
1912
1912
1912
1936
1909
1886
1888
1920
1920
1900
1900
1922
1886
1875
1900
1891
1888
1924
1912
1915
1867
1907
1864
1887
1911
1898
1894
1895
1910
1905
1929
1897
1923
1929
1898
1931
1939
1933
1937
1900
1929
1902
1930
1896
1903
1875
1926
1910
1907
1887
1925
1909
1904
1926
1909
1882
1911
1925
1919
1930
1880
1873
1883
1905
1890
1890
1929
1925
1906
1903
1922
1880
1918
1915
1924
1913
1910
1914
1918
1930
1927
1905
1932
1933
1935
1913
1895
1905
1914
1926
1902
1931
1922
1902
1940
1887
1917
1890
1910
1938
1890
1888
1919
1940
1912
1923
1902
1914
1921
1904
1902
1902
1865
1880
1923
1914
1927
1894
1887
1927
1922
1903
1900
1941
1937
1925
1901
1923
1908
1903
1890
1924
1901
1919
1938
1920
1912
1924
1938
1910
1920
1917
1872
1910
1934
1936
1912
1893
1897
1928
1920
1913
1916
1928
1904
1884
1894
1884
1913
1880
1908
1921
1930
1900
1928
1911
1922
1926
1890
1904
1908
1884
1885
1922
1911
1911
1921
1889
1897
1897
1927
1922
1928
1940
1908
1925
1918
1889
1903
1902
1939
1925
1931
1903
1907
1915
1901
1894
1903
1921
1914
1897
1895
1921
1880
1930
1895
1892
1894
1917
1908
1890
1894
1904
1900
1938
1932
1884
1890
1919
1876
1898
1900
1880
1882
1866
1899
1903
1908
1884
1876
1928
1894
1901
1886
1929
1921
1922
1886
1888
1920
1922
1903
1900
1899
1906
1918
1922
1906
1928
1881
1920
1927
1925
1830
1916
1868
1899
1914
1914
1927
1915
1902
1902
1923
1904
1913
1898
1924
1908
1929
1916
1908
1916
1892
1887
1885
1920
1926
1887
1889
1921
1917
1915
1923
1921
1888
1924
1940
1904
1928
1924
1902
1918
1889
1929
1905
1909
1873
1928
1906
1939
1941
1908
1936
1912
1923
1906
1894
1913
1922
1874
1924
1924
1897
1885
1884
1876
1913
1911
1864
1936
1906
1875
1930
1927
1897
1914
1917
1913
1870
1914
1893
1923
1889
1897
1897
1902
1900
1929
1870
1907
1930
1896
1939
1889
1935
1936
1890
1882
1924
1924
1903
1921
1890
1921
1929
1920
1893
1918
1915
1934
1910
1890
1924
1920
1883
1935
1937
1920
1932
1931
1913
1903
1885
1941
1908
1905
1928
1909
1863
1885
1932
1917
1895
1885
1909
1929
1923
1930
1928
1922
1927
1932
1896
1892
1896
1890
1922
1920
1929
1926
1906
1923
1906
1929
1930
1900
1916
1887
1889
1914
1918
1918
1918
1940
1914
1905
1890
1907
1875
1903
1873
1878
1882
1865
1927
1931
1924
1900
1898
1925
1898
1929
1873
1870
1903
1929
1892
1886
1931
1909
1910
1894
1881
1883
1912
1890
1912
1913
1872
1884
1930
1925
1926
1887
1923
1892
1929
1934
1932
1904
1929
1874
1885
1925
1875
1921
1880
1910
1895
1926
1930
1924
1925
1892
1904
1892
1885
1895
1905
1914
1928
1926
1907
1890
1904
1898
1883
1926
1912
1900
1918
1933
1903
1900
1942
1936
1917
1923
1891
1914
1905
1894
1905
1911
1921
1893
1915
1915
1932
1930
1912
1939
1893
1865
1920
1866
1906
1929
1888
1883
1877
1910
1912
1915
1875
1907
1889
1901
1923
1895
1922
1925
1910
1919
1880
1876
1893
1930
1927
1929
1886
1910
1888
1930
1891
1937
1875
1880
1878
1904
1921
1874
1871
1930
1925
1906
1888
1897
1908
1898
1929
1915
1930
1880
1916
1923
1902
1888
1906
1928
1904
1932
1926
1864
1903
1939
1890
1937
1921
1894
1929
1935
1919
1887
1878
1878
1889
1923
1925
1887
1917
1898
1926
1926
1889
1900
1903
1935
1940
1937
1906
1912
1937
1941
1905
1892
1886
1920
1925
1908
1919
1906
1901
1925
1903
1911
1874
1930
1914
1900
1888
1915
1938
1943
1897
1938
1899
1942
1933
1899
1928
1899
1910
1927
1923
1905
1870
1919
1890
1921
1890
1891
1929
1924
1930
1896
1927
1907
1930
1902
1926
1915
1884
1923
1886
1892
1885
1927
1896
1863
1903
1900
1907
1923
1921
1905
1900
1916
1910
1917
1926
1903
1915
1881
1914
1918
1939
1886
1914
1874
1896
1898
1869
1921
1906
1873
1917
1922
1910
1884
1881
1922
1911
1902
1910
1883
1936
1904
1906
1926
1897
1896
1914
1907
1886
1936
1882
1900
1912
1889
1910
1937
1871
1928
1899
1931
1889
1924
1928
1910
1926
1905
1896
1919
1935
1908
1905
1892
1876
1934
1897
1923
1923
1930
1929
1904
1869
1932
1923
1920
1869
1910
1910
1918
1898
1920
1898
1924
1879
1900
1925
1920
1890
1895
1902
1938
1934
1906
1910
1910
1920
1892
1904
1914
1899
1933
1928
1920
1920
1930
1922
1922
1910
1906
1924
1925
1929
1914
1893
1928
1907
1900
1913
1911
1909
1931
1909
1908
1927
1904
1926
1887
1927
1903
1905
1901
1889
1889
1921
1888
1889
1924
1909
1912
1884
1914
1910
1936
1912
1940
1943
1933
1902
1882
1892
1887
1924
1930
1928
1926
1905
1913
1914
1865
1920
1877
1888
1899
1937
1920
1901
1916
1918
1906
1926
1920
1924
1912
1905
1923
1927
1888
1884
1886
1903
1928
1906
1902
1891
1921
1900
1889
1898
1923
1923
1905
1902
1901
1923
1923
1886
1883
1880
1890
1919
1925
1913
1882
1915
1907
1888
1930
1910
1936
1931
1897
1929
1924
1926
1899
1923
1873
1889
1865
1931
1932
1906
1894
1919
1924
1910
1870
1901
1903
1921
1887
1923
1928
1919
1926
1905
1912
1884
1914
1887
1922
1915
1935
1909
1942
1910
1929
1933
1894
1892
1932
1901
1878
1904
1926
1896
1907
1914
1920
1921
1914
1923
1907
1899
1923
1906
1899
1912
1899
1909
1915
1910
1927
1914
1926
1913
1939
1932
1935
1898
1874
1884
1912
1932
1910
1942
1918
1901
1908
1943
1924
1939
1916
1927
1888
1933
1931
1914
1910
1939
1928
1912
1896
1938
1860
1930
1921
1941
1930
1891
1895
1926
1923
1901
1899
1931
1903
1919
1856
1925
1942
1941
1890
1938
1905
1905
1921
1893
1891
1920
1918
1921
1912
1941
1902
1924
1878
1898
1910
1923
1904
1918
1921
1895
1882
1901
1921
1936
1886
1880
1875
1933
1907
1935
1908
1913
1910
1920
1910
1934
1931
1930
1907
1940
1898
1921
1923
1928
1895
1932
1925
1903
1908
1889
1943
1875
1920
1931
1922
1898
1943
1939
1888
1934
1931
1898
1930
1878
1934
1915
1936
1920
1923
1943
1941
1918
1925
1936
1910
1903
1930
1935
1914
1924
1913
1922
1902
1900
1936
1907
1910
1896
1936
1930
1892
1900
1910
1908
1905
1941
1943
1936
1934
1938
1939
1941
1922
1918
1911
1927
1929
1892
1932
1906
1922
1906
1922
1930
1882
1903
1914
1901
1862
1930
1936
1890
1926
1864
1924
1911
1905
1900
1890
1898
1897
1902
1924
1930
1934
1938
1912
1910
1875
1924
1918
1938
1884
1920
1921
1876
1891
1879
1887
1885
1916
1930
1921
1869
1888
1920
1910
1886
1928
1895
1891
1921
1923
1886
1910
1936
1900
1903
1901
1927
1928
1926
1885
1886
1892
1928
1922
1892
1909
1929
1903
1908
1886
1886
1887
1898
1872
1895
1880
1875
1907
1896
1900
1905
1912
1933
1890
1900
1893
1895
1897
1908
1896
1883
1920
1925
1907
1886
1915
1909
1920
1931
1929
1920
1922
1917
1903
1888
1920
1897
1934
1895
1923
1921
1930
1899
1931
1904
1908
1900
1929
1910
1924
1889
1932
1899
1926
1907
1935
1926
1904
1885
1934
1933
1928
1884
1880
1926
1922
1901
1917
1933
1935
1898
1855
1925
1905
1917
1913
1892
1901
1918
1930
1901
1903
1929
1900
1890
1927
1909
1911
1883
1886
1930
1892
1920
1886
1898
1923
1906
1909
1893
1886
1929
1886
1895
1876
1879
1886
1900
1875
1877
1926
1926
1902
1923
1914
1888
1904
1896
1876
1929
1926
1896
1910
1902
1909
1916
1916
1912
1937
1910
1941
1900
1927
1904
1910
1900
1895
1935
1907
1929
1898
1930
1897
1898
1925
1879
1924
1875
1883
1922
1887
1926
1878
1909
1910
1865
1890
1902
1886
1890
1885
1901
1888
1900
1918
1885
1896
1890
1932
1923
1887
1929
1904
1928
1931
1880
1892
1915
1894
1875
1875
1878
1915
1941
1925
1890
1915
1937
1941
1900
1918
1943
1925
1865
1934
1931
1924
1930
1911
1908
1881
1934
1888
1928
1888
1925
1929
1908
1867
1861
1884
1915
1886
1924
1911
1912
1910
1927
1902
1925
1901
1925
1885
1920
1862
1888
1876
1907
1927
1890
1939
1916
1887
1935
1918
1928
1922
1892
1901
1913
1929
1901
1925
1908
1927
1876
1892
1925
1902
1904
1921
1904
1910
1922
1925
1892
1907
1908
1888
1928
1938
1916
1909
1883
1880
1929
1938
1903
1937
1900
1907
1889
1920
1888
1919
1913
1941
1929
1937
1910
1927
1930
1892
1924
1928
1925
1941
1899
1934
1900
1885
1885
1910
1916
1918
1900
1913
1878
1908
1920
1895
1895
1884
1883
1912
1900
1881
1882
1912
1921
1888
1942
1940
1873
1901
1908
1910
1911
1935
1880
1906
1937
1907
1878
1907
1905
1878
1909
1933
1870
1931
1906
1937
1900
1890
1910
1923
1920
1910
1907
1896
1900
1894
1927
1873
1929
1880
1872
1874
1902
1941
1923
1914
1907
1912
1912
1892
1912
1910
1895
1914
1916
1894
1919
1914
1898
1932
1930
1888
1938
1903
1931
1882
1911
1924
1909
1919
1936
1907
1928
1936
1883
1931
1890
1900
1923
1885
1918
1930
1931
1864
1872
1880
1884
1889
1907
1883
1912
1910
1909
1880
1880
1910
1920
1894
1922
1885
1935
1914
1875
1916
1933
1882
1904
1879
1879
1877
1906
1905
1900
1915
1924
1896
1928
1911
1900
1910
1927
1870
1911
1928
1905
1891
1894
1908
1898
1875
1895
1939
1891
1923
1896
1935
1887
1935
1920
1865
1935
1900
1915
1905
1886
1910
1886
1934
1910
1899
1897
1876
1899
1910
1894
1937
1922
1905
1939
1909
1910
1910
1930
1925
1893
1937
1918
1912
1925
1905
1910
1908
1887
1923
1927
1878
1871
1937
1912
1908
1870
1930
1906
1936
1890
1909
1914
1937
1889
1888
1930
1925
1914
1920
1897
1884
1905
1890
1925
1875
1916
1895
1918
1915
1906
1929
1900
1931
1882
1914
1895
1865
1865
1896
1926
1920
1929
1923
1899
1934
1907
1886
1930
1935
1900
1876
1870
1895
1923
1884
1908
1865
1897
1930
1893
1927
1925
1920
1938
1931
1924
1900
1902
1908
1939
1906
1900
1890
1880
1879
1880
1910
1873
1903
1915
1880
1892
1914
1900
1883
1885
1912
1932
1892
1927
1907
1899
1922
1886
1888
1882
1880
1887
1886
1908
1901
1900
1940
1889
1882
1867
1870
1886
1930
1911
1907
1934
1938
1900
1888
1909
1873
1914
1923
1923
1902
1917
1883
1910
1922
1885
1902
1926
1934
1901
1906
1898
1905
1888
1911
1915
1923
1897
1925
1934
1915
1886
1887
1888
1926
1913
1878
1886
1928
1924
1929
1910
1927
1870
1913
1915
1872
1919
1927
1901
1875
1929
1899
1898
1933
1928
1943
1938
1940
1900
1930
1924
1898
1922
1894
1910
1912
1896
1921
1890
1890
1937
1885
1896
1898
1905
1903
1935
1907
1941
1875
1880
1909
1891
1905
1882
1940
1929
1920
1887
1907
1902
1880
1904
1920
1887
1904
1906
1906
1904
1920
1909
1895
1885
1897
1925
1892
1923
1928
1920
1882
1889
1908
1909
1912
1879
1884
1906
1900
1923
1923
1895
1905
1910
1909
1942
1912
1862
1938
1914
1924
1939
1913
1913
1901
1886
1905
1920
1894
1915
1926
1891
1885
1907
1882
1884
1908
1929
1918
1868
1920
1869
1929
1893
1888
1925
1933
1918
1906
1936
1908
1934
1922
1917
1876
1906
1921
1922
1926
1925
1890
1919
1927
1925
1889
1923
1943
1905
1920
1887
1937
1923
1906
1879
1871
1922
1908
1918
1922
1924
1875
1901
1899
1920
1912
1879
1897
1925
1917
1875
1923
1876
1908
1916
1886
1875
1870
1912
1896
1865
1882
1899
1906
1910
1877
1897
1934
1898
1896
1931
1937
1931
1928
1905
1898
1876
1922
1911
1894
1890
1929
1928
1880
1940
1918
1943
1938
1916
1895
1917
1916
1912
1895
1905
1883
1927
1903
1880
1906
1911
1892
1916
1885
1874
1892
1880
1912
1903
1941
1935
1884
1938
1928
1886
1930
1943
1910
1906
1907
1912
1931
1910
1921
1905
1931
1908
1882
1908
1911
1932
1928
1915
1920
1929
1899
1933
1940
1868
1870
1910
1936
1909
1910
1897
1937
1908
1941
1934
1914
1875
1880
1934
1896
1899
1929
1900
1927
1889
1888
1927
1911
1913
1887
1900
1918
1928
1914
1918
1895
1926
1903
1914
1902
1902
1905
1906
1925
1928
1900
1929
1940
1902
1890
1890
1892
1925
1930
1932
1906
1913
1912
1919
1892
1921
1898
1899
1876
1916
1893
1873
1900
1897
1897
1930
1892
1925
1916
1895
1880
1899
1915
1893
1895
1935
1930
1922
1869
1904
1883
1893
1880
1912
1880
1882
1920
1883
1900
1928
1900
1926
1935
1895
1925
1888
1909
1927
1925
1924
1905
1904
1935
1930
1928
1928
1926
1923
1931
1870
1904
1869
1892
1890
1908
1907
1885
1880
1870
1910
1897
1904
1905
1930
1907
1913
1920
1894
1884
1930
1879
1915
1873
1894
1928
1917
1934
1899
1923
1913
1886
1932
1912
1910
1939
1903
1893
1884
1930
1926
1929
1926
1932
1901
1927
1924
1893
1905
1924
1880
1928
1875
1924
1935
1908
1922
1936
1920
1912
1894
1884
1936
1923
1914
1895
1931
1908
1901
1890
1895
1938
1905
1890
1900
1919
1926
1898
1901
1923
1913
1939
1936
1937
1880
1935
1910
1919
1915
1932
1894
1924
1913
1909
1924
1890
1927
1897
1920
1930
1940
1900
1922
1897
1911
1902
1897
1923
1918
1894
1936
1929
1897
1932
1904
1919
1916
1921
1925
1930
1885
1920
1890
1915
1875
1896
1920
1912
1894
1918
1914
1906
1910
1922
1906
1905
1901
1924
1929
1930
1913
1925
1914
1913
1883
1877
1923
1909
1939
1889
1918
1919
1928
1928
1900
1913
1917
1905
1923
1885
1885
1887
1890
1918
1921
1917
1899
1879
1929
1930
1929
1929
1912
1885
1918
1890
1932
1922
1926
1927
1875
1934
1937
1905
1899
1914
1930
1907
1938
1932
1910
1914
1928
1884
1927
1926
1902
1926
1932
1930
1900
1902
1903
1918
1896
1928
1929
1933
1902
1900
1888
1928
1919
1916
1908
1915
1904
1899
1935
1926
1912
1912
1906
1924
1915
1885
1889
1910
1918
1867
1923
1897
1922
1876
1889
1918
1912
1915
1890
1923
1891
1868
1932
1911
1933
1921
1935
1915
1888
1903
1931
1934
1910
1913
1909
1897
1920
1910
1895
1902
1900
1927
1910
1909
1907
1878
1943
1916
1921
1920
1942
1915
1914
1879
1918
1923
1864
1924
1888
1934
1890
1860
1890
1932
1905
1868
1860
1906
1908
1904
1908
1905
1921
1880
1880
1922
1904
1876
1876
1910
1916
1914
1880
1913
1926
1908
1910
1880
1914
1908
1926
1891
1914
1912
1876
1889
1877
1887
1872
1895
1899
1925
1900
1880
1876
1896
1898
1927
1900
1925
1910
1886
1915
1903
1895
1908
1900
1935
1930
1890
1923
1908
1913
1943
1890
1887
1922
1937
1929
1932
1885
1891
1899
1894
1870
1867
1893
1868
1877
1865
1903
1938
1939
1906
1931
1930
1904
1934
1892
1893
1942
1894
1939
1936
1918
1923
1900
1895
1905
1924
1884
1888
1880
1925
1921
1928
1906
1880
1912
1872
1865
1908
1908
1899
1907
1936
1910
1919
1880
1908
1888
1892
1910
1895
