1938
1938
1936
1936
1933
1933
1938
1938
1925
1939
1925
1939
1926
1926
1938
1938
1938
1938
1938
1938
1939
1939
1937
1937
1938
1938
1900
1900
1927
1927
1900
1900
1938
1938
1929
1929
1938
1938
1939
1939
1900
1900
1933
1933
1900
1929
1900
1929
1900
1900
1938
1938
1927
1927
1931
1931
1938
1938
1926
1926
1924
1924
1926
1926
1934
1934
1932
1932
1925
1925
1928
1928
1936
1936
1939
1939
1933
1933
1936
1936
1938
1938
1935
1935
1931
1931
1925
1925
1924
1924
1927
1927
1933
1933
1938
1938
1928
1928
1939
1939
1936
1936
1938
1938
1936
1936
1938
1938
1937
1937
1923
1923
1938
1938
1938
1938
1937
1937
1933
1933
1940
1940
1938
1938
1938
1938
1900
1900
1936
1936
1938
1938
1900
1900
1936
1936
1933
1933
1937
1937
1939
1939
1933
1933
1937
1937
1939
1939
1900
1900
1939
1939
1937
1937
1940
1930
1940
1930
1939
1939
1933
1933
1938
1938
1934
1934
1925
1925
1930
1930
1908
1908
1900
1900
1929
1929
1932
1932
1929
1929
1930
1930
1925
1925
1936
1936
1916
1916
1937
1937
1907
1907
1931
1931
1935
1935
1938
1938
1938
1938
1938
1938
1937
1937
1937
1937
1922
1937
1937
1922
1938
1938
1932
1932
1937
1937
1934
1934
1900
1900
1936
1936
1938
1938
1937
1937
1937
1937
1929
1929
1925
1925
1931
1931
1936
1936
1936
1936
1934
1934
1939
1939
1925
1925
1927
1927
1930
1930
1938
1938
1937
1937
1930
1930
1932
1932
1939
1939
1933
1933
1932
1932
1929
1929
1931
1931
1933
1933
1900
1900
1939
1939
1928
1928
1933
1933
1927
1927
1927
1927
1932
1932
1937
1937
1930
1930
1929
1929
1933
1933
1925
1925
1939
1939
1937
1937
1939
1939
1922
1922
1938
1938
1927
1927
1925
1925
1933
1933
1928
1928
1937
1937
1937
1937
1921
1921
1916
1916
1938
1938
1933
1933
1926
1926
1936
1936
1939
1939
1932
1932
1925
1925
1928
1928
1929
1929
1929
1929
1939
1939
1939
1939
1935
1935
1934
1934
1938
1938
1936
1936
1924
1924
1938
1938
1931
1931
1928
1928
1939
1939
1935
1935
1931
1931
1933
1933
1937
1937
1929
1929
1935
1935
1878
1878
1900
1900
1930
1930
1932
1932
1926
1926
1925
1925
1884
1884
1928
1928
1927
1927
1923
1923
1893
1893
1938
1938
1924
1924
1931
1931
1928
1928
1938
1938
1937
1937
1932
1932
1934
1934
1928
1928
1928
1928
1932
1932
1928
1928
1926
1926
1933
1933
1931
1931
1900
1900
1927
1927
1924
1924
1926
1926
1938
1938
1888
1888
1935
1935
1938
1938
1936
1936
1939
1939
1937
1937
1938
1938
1939
1939
1937
1937
1927
1927
1920
1920
1935
1935
1931
1931
1929
1929
1938
1938
1924
1924
1938
1938
1900
1900
1940
1940
1924
1924
1927
1927
1934
1934
1934
1934
1923
1923
1931
1931
1930
1930
1937
1937
1927
1927
1913
1913
1928
1928
1933
1933
1928
1928
1915
1915
1915
1915
1939
1939
1939
1939
1937
1937
1900
1900
1912
1912
1937
1937
1929
1929
1939
1939
1936
1936
1937
1937
1938
1938
1935
1935
1939
1939
1933
1933
1939
1939
1911
1911
1914
1914
1937
1937
1925
1925
1936
1936
1926
1926
1938
1938
1940
1940
1932
1932
1930
1930
1937
1937
1903
1903
1937
1937
1937
1937
1900
1900
1928
1928
1935
1934
1935
1934
1932
1932
1919
1919
1928
1928
1935
1935
1930
1930
1933
1933
1934
1934
1928
1928
1928
1928
1936
1936
1936
1936
1934
1934
1936
1936
1926
1926
1935
1935
1936
1936
1937
1937
1938
1938
1939
1939
1938
1938
1939
1939
1939
1939
1927
1927
1909
1909
1929
1929
1907
1907
1879
1879
1902
1902
1938
1938
1925
1925
1939
1939
1925
1925
1931
1931
1938
1938
1935
1935
1937
1937
1934
1934
1930
1930
1932
1932
1932
1932
1932
1932
1937
1937
1937
1937
1929
1929
1933
1933
1934
1934
1931
1931
1937
1937
1938
1938
1933
1933
1930
1930
1935
1935
1929
1929
1938
1938
1938
1938
1935
1935
1935
1935
1938
1938
1930
1930
1936
1936
1939
1939
1932
1932
1936
1936
1925
1925
1923
1923
1937
1937
1929
1929
1927
1927
1932
1932
1934
1934
1930
1930
1930
1930
1933
1933
1933
1933
1933
1933
1900
1900
1939
1939
1936
1936
1900
1900
1926
1926
1924
1924
1938
1938
1935
1935
1933
1933
1938
1938
1927
1927
1938
1938
1933
1933
1937
1937
1928
1928
1922
1922
1912
1912
1938
1938
1933
1933
1922
1928
1922
1928
1938
1938
1937
1937
1937
1937
1887
1938
1938
1887
1937
1937
1923
1923
1931
1931
1930
1930
1938
1938
1930
1930
1933
1900
1900
1933
1935
1935
1933
1933
1933
1933
1928
1928
1900
1900
1932
1932
1932
1932
1937
1937
1927
1927
1924
1924
1924
1924
1927
1927
1936
1936
1924
1923
1924
1923
1927
1927
1932
1932
1906
1906
1928
1928
1931
1931
1924
1924
1931
1931
1923
1923
1939
1939
1939
1939
1933
1933
1939
1939
1935
1935
1938
1938
1928
1928
1933
1933
1933
1933
1936
1936
1930
1930
1935
1935
1932
1932
1938
1938
1910
1910
1909
1909
1917
1917
1938
1900
1900
1938
1930
1930
1930
1930
1929
1929
1934
1934
1934
1934
1936
1936
1930
1930
1935
1935
1917
1917
1930
1930
1935
1935
1938
1938
1903
1903
1927
1927
1932
1932
1924
1924
1939
1939
1936
1936
1929
1929
1931
1931
1932
1932
1937
1937
1923
1923
1938
1938
1939
1939
1938
1938
1933
1933
1933
1933
1925
1925
1939
1939
1926
1926
1933
1933
1936
1936
1914
1914
1922
1922
1928
1928
1928
1928
1928
1928
1935
1935
1921
1921
1928
1928
1934
1934
1925
1925
1926
1926
1939
1939
1933
1933
1931
1931
1931
1931
1930
1930
1932
1932
1934
1934
1930
1930
1935
1935
1934
1934
1923
1923
1939
1939
1900
1900
1931
1931
1900
1922
1900
1922
1921
1921
1919
1919
1928
1928
1938
1938
1939
1939
1937
1937
1928
1928
1934
1934
1939
1939
1939
1939
1928
1928
1929
1929
1928
1928
1925
1925
1932
1932
1926
1926
1925
1925
1923
1923
1928
1928
1900
1900
1938
1938
1933
1933
1936
1936
1938
1938
1936
1936
1927
1927
1932
1932
1928
1928
1930
1930
1934
1934
1930
1930
1932
1932
1936
1936
1924
1924
1937
1937
1932
1932
1918
1918
1918
1918
1937
1937
1939
1939
1935
1935
1930
1930
1922
1922
1937
1937
1877
1877
1878
1878
1931
1931
1931
1931
1935
1935
1932
1932
1926
1926
1931
1931
1934
1934
1932
1932
1933
1933
1931
1931
1927
1927
1934
1934
1938
1938
1934
1934
1937
1937
1928
1928
1928
1928
1930
1930
1930
1930
1934
1934
1928
1928
1911
1911
1911
1911
1937
1937
1938
1938
1938
1938
1940
1940
1928
1928
1938
1938
1938
1938
1939
1939
1939
1939
1924
1924
1929
1929
1937
1937
1927
1927
1922
1922
1925
1925
1930
1930
1936
1936
1925
1925
1930
1930
1930
1930
1932
1932
1939
1939
1939
1939
1929
1929
1938
1938
1931
1931
1933
1933
1928
1928
1929
1929
1936
1936
1934
1934
1927
1927
1931
1931
1922
1922
1936
1936
1924
1924
1900
1900
1939
1939
1924
1924
1900
1900
1935
1935
1925
1925
1932
1932
1939
1900
1900
1939
1900
1900
1939
1939
1939
1939
1900
1900
1939
1939
1939
1939
1934
1934
1936
1936
1937
1937
1939
1939
1939
1939
1938
1938
1923
1923
1923
1923
1928
1928
1934
1934
1929
1929
1935
1935
1939
1939
1929
1929
1931
1931
1924
1924
1937
1937
1923
1923
1936
1936
1933
1933
1938
1938
1938
1938
1935
1935
1938
1938
1932
1932
1912
1912
1936
1936
1900
1900
1936
1936
1926
1926
1936
1936
1937
1937
1934
1934
1932
1932
1900
1900
1929
1929
1927
1927
1928
1928
1929
1929
1928
1928
1917
1917
1928
1928
1929
1929
1932
1932
1926
1926
1936
1936
1928
1928
1934
1934
1939
1939
1936
1936
1937
1937
1929
1929
1936
1936
1937
1937
1938
1938
1929
1929
1930
1930
1929
1929
1934
1934
1934
1934
1939
1939
1938
1938
1930
1930
1922
1922
1923
1923
1920
1920
1932
1932
1929
1929
1938
1938
1928
1928
1913
1913
1903
1903
1937
1937
1938
1938
1940
1940
1940
1940
1937
1937
1937
1937
1921
1921
1936
1936
1931
1931
1925
1925
1924
1924
1900
1900
1936
1936
1940
1940
1929
1929
1922
1922
1934
1934
1922
1922
1925
1925
1939
1939
1939
1939
1939
1939
1936
1936
1938
1938
1934
1934
1935
1935
1935
1935
1938
1938
1936
1936
1929
1929
1900
1900
1900
1900
1923
1923
1925
1925
1934
1934
1927
1927
1909
1909
1932
1938
1938
1932
1928
1928
1930
1930
1932
1932
1932
1932
1928
1928
1934
1934
1900
1900
1925
1925
1928
1928
1933
1933
1936
1936
1932
1932
1933
1933
1933
1933
1936
1936
1927
1927
1899
1899
1931
1931
1929
1929
1929
1929
1937
1937
1938
1938
1921
1921
1936
1936
1929
1929
1936
1936
1938
1938
1933
1933
1935
1935
1926
1926
1938
1938
1938
1938
1930
1930
1928
1928
1931
1931
1900
1932
1932
1900
1900
1900
1934
1934
1930
1930
1936
1936
1926
1926
1926
1926
1926
1926
1919
1919
1929
1929
1929
1929
1933
1933
1935
1935
1924
1924
1900
1900
1900
1935
1900
1935
1937
1937
1928
1928
1925
1925
1922
1922
1924
1924
1927
1927
1938
1938
1923
1923
1925
1925
1929
1929
1938
1938
1939
1939
1927
1927
1927
1927
1933
1933
1938
1938
1933
1933
1938
1938
1938
1938
1937
1937
1936
1936
1932
1932
1935
1935
1928
1928
1928
1928
1931
1931
1932
1932
1937
1937
1939
1939
1929
1929
1929
1929
1931
1931
1937
1937
1939
1939
1939
1939
1927
1927
1924
1924
1929
1929
1923
1923
1934
1934
1934
1934
1934
1934
1936
1936
1929
1929
1936
1936
1916
1916
1927
1927
1934
1934
1929
1929
1924
1924
1900
1900
1936
1936
1937
1937
1933
1933
1937
1937
1939
1929
1929
1939
1934
1934
1900
1900
1938
1938
1931
1931
1938
1938
1931
1931
1926
1926
1929
1929
1927
1927
1925
1925
1927
1927
1938
1938
1933
1933
1939
1939
1937
1937
1937
1937
1938
1938
1933
1933
1932
1932
1936
1936
1927
1927
1923
1923
1924
1927
1924
1927
1913
1913
1929
1929
1937
1937
1928
1928
1900
1900
1939
1939
1927
1927
1935
1935
1925
1925
1930
1930
1939
1939
1938
1938
1939
1939
1936
1936
1938
1938
1934
1934
1924
1924
1930
1930
1920
1920
1932
1932
1926
1926
1937
1937
1939
1939
1939
1939
1938
1938
1938
1938
1922
1922
1936
1936
1936
1936
1939
1939
1935
1935
1928
1928
1938
1938
1931
1931
1931
1931
1937
1937
1939
1939
1929
1929
1910
1910
1937
1937
1928
1928
1937
1937
1937
1937
1934
1934
1934
1934
1927
1927
1925
1925
1924
1924
1900
1900
1933
1933
1936
1936
1932
1932
1928
1928
1882
1882
1929
1929
1936
1936
1935
1935
1929
1929
1933
1933
1930
1930
1935
1935
1935
1935
1930
1930
1939
1939
1937
1937
1935
1935
1934
1934
1930
1930
1936
1936
1936
1936
1936
1936
1938
1938
1915
1915
1930
1930
1900
1900
1930
1930
1931
1931
1926
1926
1935
1935
1924
1924
1900
1900
1936
1936
1929
1929
1927
1927
1939
1939
1916
1916
1916
1916
1936
1936
1931
1931
1939
1939
1936
1936
1931
1931
1934
1934
1936
1936
1895
1895
1926
1926
1901
1901
1937
1937
1933
1933
1922
1922
1933
1933
1916
1916
1927
1927
1939
1939
1935
1935
1900
1900
1927
1927
1927
1927
1926
1926
1926
1926
1938
1938
1929
1929
1933
1933
1937
1937
1929
1929
1931
1931
1924
1924
1934
1934
1925
1925
1927
1937
1927
1937
1937
1937
1938
1938
1938
1938
1938
1938
1928
1928
1930
1930
1930
1930
1935
1935
1935
1935
1926
1926
1922
1922
1922
1922
1927
1927
1929
1929
1927
1927
1927
1927
1937
1937
