1895
1868
1868
1894
1893
1886
1875
1867
1894
1890
1885
1879
1885
1899
1927
1923
1891
1922
1906
1897
1906
1882
1881
1889
1925
1926
1890
1902
1873
1881
1883
1922
1878
1884
1881
1887
1871
1875
1891
1904
1864
1870
1885
1889
1881
1879
1887
1892
1877
1879
1879
1882
1882
1884
1893
1896
1888
1881
1887
1874
1896
1891
1868
1899
1890
1885
1914
1895
1938
1893
1889
1886
1885
1926
1889
1886
1891
1889
1874
1892
1931
1874
1929
1876
1881
1883
1886
1885
1885
1883
1892
1883
1887
1874
1873
1879
1879
1885
1889
1889
1878
1888
1873
1882
1892
1890
1876
1881
1887
1889
1921
1875
1890
1879
1876
1892
1923
1893
1877
1924
1879
1870
1895
1891
1876
1881
1888
1875
1860
1920
1892
1873
