1919
1919
1921
1921
1914
1914
1925
1925
1918
1918
1916
1916
1880
1880
1876
1876
1905
1905
1878
1878
1925
1925
1907
1907
1882
1882
1931
1931
1894
1894
1897
1897
1882
1882
1914
1914
1912
1912
1877
1877
1941
1941
1905
1905
1906
1906
1902
1902
1903
1903
1925
1925
1932
1932
1927
1927
1903
1903
1925
1925
1928
1928
1895
1895
1921
1921
1923
1923
1938
1938
1910
1910
1900
1900
1912
1912
1889
1889
1908
1908
1877
1877
1883
1883
1922
1922
1920
1920
1892
1892
1908
1908
1910
1910
1938
1938
1897
1897
1924
1924
1900
1900
1929
1929
1933
1933
1870
1870
1901
1901
1915
1915
1905
1905
1930
1930
1928
1928
1903
1903
1931
1931
1905
1905
1895
1895
1889
1889
1922
1922
1891
1891
1896
1896
1928
1928
1921
1921
1921
1921
1893
1893
1905
1905
1939
1939
1906
1906
1900
1900
1928
1928
1891
1891
1904
1904
1929
1929
1925
1925
1933
1933
1939
1939
1900
1900
1909
1909
1922
1922
1940
1940
1942
1942
1900
1900
1903
1903
1932
1932
1902
1902
1929
1929
1915
1915
1917
1917
1940
1940
1923
1923
1881
1881
1939
1939
1912
1912
1893
1893
1896
1896
1925
1925
1865
1865
1896
1896
1926
1926
1928
1928
1923
1923
1927
1927
1903
1903
1918
1918
1910
1910
1937
1937
1904
1904
1931
1931
1879
1879
1882
1882
1914
1914
1900
1900
1914
1929
1929
1922
1922
1893
1893
1881
1881
1914
1882
1882
1882
1882
1921
1921
1924
1924
1887
1887
1870
1870
1911
1911
1934
1934
1926
1926
1931
1931
1898
1898
1905
1905
1928
1928
1905
1905
1935
1935
1907
1907
1933
1933
1897
1897
1926
1926
1926
1926
1929
1929
1932
1932
1924
1924
1898
1898
1937
1937
1929
1929
1927
1927
1906
1906
1896
1896
1905
1905
1914
1914
1917
1917
