1892
1915
1895
1919
1912
1922
1890
1886
1906
1910
1885
1902
1898
1917
1911
1914
1905
1904
1912
1909
1920
1912
1910
1912
1893
1901
1903
1896
1923
1905
1907
1906
1921
1920
1909
1915
1913
1921
1926
1904
1928
1889
1899
1906
1911
1935
1905
1915
1906
1912
1895
1900
1887
1902
1921
1908
1917
1885
1920
1895
1908
1921
1918
1914
1912
1883
1883
1897
1907
1880
1901
1905
1916
1916
1914
1908
1933
1902
1920
1875
1914
1891
1906
1925
1915
1918
1886
1909
1875
1902
1881
1909
1888
1896
1923
1916
1920
1906
1897
1915
1909
1919
1896
1898
1883
1893
1923
1905
1891
1900
1894
1919
1880
1915
1912
1921
1887
1923
1926
1900
1898
1920
1914
1903
1904
1929
1887
1895
1901
1911
1900
1899
1914
1922
1899
1923
1909
1911
1918
1915
1885
1893
1919
1910
1911
1910
1914
1887
1899
1903
1906
1895
1919
1897
1920
1889
1930
1917
1925
1923
1896
1922
1918
1905
1922
1901
1888
1915
1907
1911
1902
1898
1899
1921
1891
1920
1897
1898
1922
1919
1913
1898
1922
1899
1907
1905
1919
1923
1894
1895
1895
1906
1902
1907
1915
1888
1917
1890
1887
1921
1919
1910
1915
1908
1925
1908
1896
1907
1899
1893
1907
1913
1913
1882
1907
1910
1900
1913
1911
1917
1914
1920
1887
1909
1898
1898
1929
1919
1905
1902
1909
1896
1897
1905
1910
1910
1906
1932
1892
1921
1903
1916
1900
1901
1903
1910
1908
1908
1907
1909
1878
1913
1922
1923
1909
1907
1920
1896
1898
1922
1907
1882
1902
1898
1904
1916
1916
1903
1911
1918
1896
1922
1911
1902
1921
1921
1917
1911
1896
1926
1927
1921
1895
1929
1903
1903
1921
1898
1909
1929
1910
1903
1932
1907
1896
1916
1904
1920
1905
1888
1902
1932
1908
1897
1911
1911
1928
1897
1892
1887
1883
1894
1917
1910
1939
1909
1911
1922
1904
1931
1896
1907
1895
1901
1928
1899
1900
1932
1915
1920
1886
1912
1921
1910
1896
1905
1920
1908
1901
1898
1903
1907
1927
1934
1901
1882
1919
1912
1887
1892
1915
1910
1892
1908
1915
1889
1913
1914
1918
1921
1923
1912
1910
1917
1919
1909
1903
1919
1910
1908
1911
1908
1894
1884
1877
1924
1922
1896
1898
1914
1921
1905
1924
1930
1900
1930
1921
1903
1906
1908
1896
1922
1910
1922
1905
1919
1907
1907
1914
1894
1895
1920
1902
1904
1919
1902
1892
1887
1922
1892
1919
1915
1923
1911
1922
1896
1912
1909
1878
1909
1892
1881
1901
1897
1916
1915
1918
1893
1883
1913
1902
1923
1888
1891
1907
1916
1921
1920
1896
1899
1915
1903
1913
1910
1895
1908
1898
1892
1922
1905
1923
1887
1919
1906
1890
1918
1928
1893
1926
1920
1921
1897
1889
1906
1910
1909
1915
1891
1890
1882
1921
1886
1886
1900
1901
1915
1909
1919
1914
1921
1907
1880
1892
1897
1893
1908
1917
1913
1901
1892
1920
1910
1885
1905
1932
1894
1925
1914
1920
1918
1913
1892
1903
1920
1923
1914
1939
1907
1924
1901
1896
1904
1924
1893
1914
1918
1935
1905
1906
1910
1909
1908
1910
1908
1906
1918
1921
1915
1908
1895
1904
1913
1919
1904
1911
1906
1891
1895
1920
1888
1894
1921
1920
1903
1912
1920
1905
1925
1914
1916
1913
1933
1927
1934
1899
1907
1910
1911
1899
1922
1927
1894
1893
1906
1908
1899
1904
1931
1901
1932
1923
1927
1896
1896
1917
1901
1897
1893
1926
1929
1903
1900
1885
1882
1929
1906
1932
1902
1923
1916
1898
1890
1902
1905
1924
1901
1906
1888
1894
1898
1888
1921
1925
1921
1897
1895
1887
1883
1908
1905
1897
1913
1898
1901
1917
1916
1906
1914
1915
1921
1913
1890
1884
1897
1900
1902
1916
1909
1921
1922
1891
1901
1927
1900
1903
1911
1904
1920
1893
1926
1902
1915
1916
1889
1915
1910
1936
1902
1887
1919
1910
1936
1907
1909
1905
1908
1898
1920
1908
1915
1927
1905
1905
1903
1901
1894
1892
1921
1890
1902
1931
1933
1903
1906
1897
1909
1913
1922
1900
1918
1900
1902
1901
1917
1920
1913
1908
1902
1903
1908
1919
1892
1903
1892
1909
1926
1918
1914
1935
1899
1913
1912
1906
1903
1913
1917
1920
1912
1901
