1894
1872
1878
1886
1894
1875
1942
1923
1868
1864
1874
1892
1894
1883
1896
1899
1902
1941
1877
1922
1881
1899
1888
1892
1917
1897
1903
1859
1891
1883
1922
1874
1906
1901
1891
1866
1884
1882
1889
1906
1899
1889
1900
1892
1870
1887
1905
1913
1887
1878
1913
1911
1867
1890
1882
1896
1862
1905
1928
1921
1872
1899
1860
1914
1900
1873
1895
1890
1921
1911
1883
1885
1888
1881
1880
1877
1894
1892
1866
1863
1877
1880
1869
1879
1872
1883
1942
1879
1923
1877
1941
1870
1886
1863
1921
1897
1942
1874
1890
1917
1890
1877
1878
1868
1904
