1941
1882
1873
1918
1878
1936
1876
1899
1932
1886
1873
1868
1880
1875
1875
1909
1914
1898
1916
1927
1915
1872
1872
1882
1872
1908
1870
1929
1903
1923
1891
1927
1932
1922
1895
1881
1924
1913
1919
1921
1928
1883
1892
1871
1884
1882
1892
1928
1893
1893
1882
1906
1886
1896
1885
1885
1919
1882
1881
1877
1918
1886
1877
1900
1923
1899
1907
1916
1928
1904
1899
1901
1909
1874
1869
1897
1898
1873
1879
1889
1935
1898
1917
1919
1928
1923
1897
1897
1919
1921
1891
1914
1885
1883
1923
1884
1880
1898
1903
1924
1894
1927
1888
1911
1921
1902
1908
1879
1906
1908
1910
1903
1908
1912
1897
1879
1880
1926
1883
1890
1929
1923
1933
1910
1907
1890
1898
1886
1913
1923
1911
1914
1917
1919
1931
1921
1924
1926
1895
1895
1900
1929
1877
1910
1911
1884
1879
1912
1916
1938
1883
1914
1883
1884
1885
1854
1879
1919
1922
1932
1923
1917
1908
1921
1868
1911
1905
1889
