1921
1921
1926
1926
1914
1914
1900
1900
1925
1925
1899
1899
1926
1926
1879
1879
1895
1895
1914
1914
1891
1891
1919
1919
1922
1922
1920
1920
1893
1893
1944
1944
1919
1919
1916
1916
1905
1905
1907
1907
1909
1909
1908
1908
1909
1909
1912
1912
1912
1912
1925
1925
1924
1924
1910
1910
1930
1930
1922
1922
1906
1906
1934
1934
1935
1935
1905
1905
1916
1916
1920
1920
1898
1898
1890
1890
1929
1929
1925
1925
1914
1914
1921
1921
1894
1894
1906
1906
1920
1920
1928
1928
1901
1901
1938
1938
1908
1908
1899
1899
1896
1896
1904
1904
1935
1935
1901
1901
1932
1932
1905
1905
1904
1904
1916
1916
1905
1905
1910
1910
1925
1925
1924
1924
1928
1928
1914
1914
1916
1916
1923
1923
1917
1917
1901
1901
1903
1903
1926
1926
1930
1930
1923
1923
1912
1912
1943
1943
1932
1932
1937
1937
1907
1907
1923
1923
1916
1916
1905
1905
1932
1932
1902
1902
1930
1930
1906
1906
1916
1916
1917
1917
1939
1939
1923
1923
1910
1910
1884
1884
1912
1912
1914
1914
1926
1926
1924
1924
1910
1910
1905
1905
1923
1923
1927
1927
1918
1918
1921
1921
1929
1929
1925
1925
1926
1926
1922
1922
1905
1905
1922
1922
1920
1920
1925
1925
1914
1914
1895
1895
1903
1903
1927
1927
1932
1932
1924
1924
1927
1927
1915
1915
1912
1912
1910
1910
1923
1923
1914
1914
1920
1920
1912
1912
1892
1892
1887
1887
1934
1934
1906
1906
1912
1912
1911
1911
1909
1909
1880
1880
1903
1903
1932
1932
1898
1898
1944
1944
1911
1911
1910
1910
1911
1911
1922
1922
1943
1943
1912
1912
1917
1917
1919
1919
1895
1895
1914
1914
1914
1914
1907
1907
