1918
1868
1872
1914
1914
1926
1924
1889
1916
1892
1914
1875
1925
1893
1916
1892
1918
1920
1923
1889
1889
1857
1870
1910
1926
1936
1890
1893
1868
1862
1912
1939
1911
1907
1916
1929
1897
1880
1880
1908
1916
1901
1888
1925
1921
1884
1919
1888
1889
1897
1897
1923
1869
1878
1922
1883
1929
1920
1927
1919
1926
1895
1930
1929
1891
1926
1939
1936
1907
1894
1877
1877
1925
1929
1927
1931
1900
1924
1899
1899
1889
1937
1907
1904
1933
1930
1924
1927
1922
1879
1921
1891
1916
1922
1928
1926
1891
1921
1913
1891
1902
1900
1932
1928
1926
1923
1902
1872
1895
1909
1872
1892
1890
1935
1925
1900
1929
1926
1880
1903
1865
1931
1933
1895
1897
1934
1900
1900
1929
1927
1925
1931
1879
1920
1880
1932
1893
1905
1907
1924
1927
1928
1930
1898
1925
1898
1937
1931
1902
1906
1933
1927
1933
1934
1935
1902
1903
1923
1893
1929
1921
1893
1925
1877
1875
1923
1915
1895
1919
1919
1892
1894
1882
1879
1921
1910
1939
1936
1913
1890
1904
1904
1935
1940
1910
1935
1907
1897
1900
1922
1930
1927
1933
1892
1910
1916
1918
1912
1924
1894
1916
1880
1873
1898
1897
1938
1878
1932
1930
1932
1925
1928
1898
1896
1896
1897
1916
1903
1863
1927
1928
1871
1873
1878
1881
1905
1912
1875
1915
1922
1914
1897
1921
1918
1923
1931
1896
1934
1925
1929
1905
1906
1925
1890
1923
1900
1904
1938
1932
1940
1906
1905
1930
1915
1887
1933
1936
1934
1909
1932
1908
1925
1922
1897
1930
1862
1920
1888
1928
1890
1887
1868
1882
1911
1906
1904
1933
1904
1938
1903
1938
1905
1935
1901
1907
1933
1935
1938
1906
1867
1937
1938
1907
1935
1911
1934
1913
1937
1912
1911
1915
1893
1931
1925
1926
1890
1928
1872
1872
1907
1921
1869
1864
1926
1888
1920
1905
1897
1898
1926
1924
1902
1927
1888
1919
1931
1888
1928
1927
1907
1938
1912
1918
1897
1935
1879
1929
1923
1920
1922
1926
1924
