1943
1923
1909
1880
1909
1904
1900
1927
1921
1895
1922
1904
1928
1923
1917
1896
1907
1906
1900
1935
1912
1913
1889
1914
1911
1876
1913
1911
1908
1881
1882
1919
1915
1906
1868
1905
1911
1938
1919
1899
1880
1927
1928
1901
1901
1915
1932
1903
1928
1899
1929
1927
1921
1933
1894
1925
1897
1925
1905
1936
1939
1898
1908
1882
1908
1910
1909
1914
1907
1878
1883
1910
1910
1923
1927
1915
1920
1888
1918
1915
1913
1879
1922
1907
1921
1935
1904
1904
1910
1905
1883
1911
1904
1921
1903
1908
1937
1898
1936
1913
1920
1876
1933
1910
1932
1909
1907
1929
1895
1890
1913
1931
1899
1928
1899
1926
1927
1924
1928
1926
1888
1910
1921
1882
1918
1912
1923
1892
1886
1907
1882
1914
1902
1919
1924
1923
1890
1923
1929
1891
1898
1927
1902
1905
1927
1882
1939
1891
1886
1902
1889
1911
1880
1913
1932
1923
1883
1930
1926
1928
1924
1891
1928
1897
1930
1924
1897
1886
1887
1906
1906
1921
1929
1928
1908
1880
1913
1920
1911
1906
1875
1927
1925
1875
1874
1916
1900
1914
1896
1930
1899
1926
1893
1929
1924
1922
1916
1892
1924
1885
1915
1886
1928
1908
1897
1886
1906
1939
1910
1913
1915
