1896
1896
1928
1928
1921
1921
1906
1906
1928
1928
1923
1923
1924
1924
1898
1898
1929
1929
1926
1926
1931
1931
1936
1936
1928
1928
1898
1898
1900
1900
1928
1928
1925
1925
1923
1923
1900
1900
1902
1902
1885
1885
1869
1869
1939
1939
1909
1909
1929
1929
1867
1867
1898
1898
1926
1926
1937
1937
1909
1909
1909
1909
1911
1911
1864
1864
1875
1875
1906
1906
1908
1908
1873
1873
1907
1907
1935
1935
1930
1930
1881
1881
1870
1870
1872
1872
1876
1876
1924
1924
1865
1865
1904
1904
1915
1915
1889
1889
1889
1889
1924
1924
1915
1915
1924
1924
1907
1907
1898
1898
1938
1938
1908
1908
1911
1911
1903
1903
1903
1903
1934
1934
1930
1930
1932
1932
1910
1910
1936
1936
1903
1903
1935
1935
1929
1929
1923
1923
1913
1913
1886
1886
1890
1890
1914
1914
1921
1921
1925
1925
1927
1927
1876
1876
1918
1918
1906
1906
1906
1906
1868
1868
1898
1898
1908
1908
1907
1907
1901
1901
1875
1875
1895
1895
1931
1931
1909
1909
1876
1876
1882
1882
1880
1880
1906
1906
1931
1931
1895
1895
1897
1897
1923
1923
1931
1931
1901
1901
1930
1930
1907
1907
1926
1926
1893
1893
1926
1926
1889
1889
1926
1926
1932
1932
1921
1921
1923
1923
1894
1894
1895
1895
1900
1900
1932
1932
1919
1919
1904
1904
1896
1896
1915
1915
1880
1880
1888
1888
1892
1892
1915
1915
1921
1921
1912
1912
1919
1919
1907
1907
1888
1888
1871
1871
1930
1930
1906
1906
1927
1927
1930
1930
1898
1898
1913
1913
1915
1915
1939
1939
1878
1878
1875
1875
1907
1907
1884
1884
1919
1919
1885
1885
1934
1934
1936
1936
1907
1907
1903
1903
1882
1882
1888
1888
1931
1931
1923
1923
1895
1895
1893
1893
1922
1922
1925
1925
1917
1917
1910
1910
1911
1911
1939
1939
1934
1934
1902
1902
1904
1904
1936
1936
1896
1896
1915
1915
1917
1917
1888
1888
