1928
1905
1928
1909
1938
1936
1930
1925
1877
1925
1922
1925
1883
1911
1904
1897
1943
1913
1910
1923
1925
1928
1927
1925
1896
1900
1882
1875
1900
1889
1924
1932
1930
1896
1935
1920
1884
1932
1907
1936
1905
1898
1907
1936
1933
1908
1902
1920
1932
1910
1911
1932
1928
1935
1924
1887
1938
1932
1903
1906
1941
1904
1922
1933
1880
1916
1932
1908
1885
1910
1923
1920
1911
1925
1896
1925
1898
1934
1931
1906
1901
1929
1895
1892
1926
1937
1911
1914
1935
1915
1877
1937
1933
1931
1933
1927
1890
1935
1925
1893
1926
1922
1911
1885
1922
1881
1905
1902
1904
1940
1912
1913
1924
1923
1921
1928
1887
1916
1925
1893
1914
1915
1903
1925
1937
1929
1897
1928
1891
1898
1908
1910
1924
1931
1925
1927
1905
1915
1910
1862
1932
1929
1892
1934
1936
1940
1909
1920
1885
1910
1926
1893
1929
1904
1874
1932
1933
1935
1925
1903
1927
1916
1928
1900
1940
1883
1894
1905
1899
1920
1903
1929
1928
1911
1924
1924
1898
1902
1927
1929
1903
1911
1927
1915
1925
1928
