1884
1884
1919
1919
1908
1908
1882
1882
1878
1878
1932
1932
1907
1907
1907
1907
1935
1935
1915
1915
1909
1909
1942
1942
1919
1919
1908
1908
1886
1886
1885
1885
1926
1926
1922
1922
1886
1886
1882
1882
1932
1932
1936
1936
1905
1905
1911
1911
1900
1918
1918
1900
1883
1883
1900
1939
1939
1900
1912
1900
1912
1900
1912
1912
1911
1911
1910
1910
1938
1938
1885
1885
1912
1912
1908
1908
1907
1907
1939
1939
1906
1906
1916
1916
1924
1924
1920
1920
1902
1902
1914
1914
1916
1916
1921
1921
1920
1920
1929
1929
1898
1898
1882
1882
1911
1911
1942
1942
1895
1895
1919
1919
1921
1921
1893
1893
1910
1910
1922
1922
1887
1887
1935
1935
1939
1939
1904
1904
1903
1903
1937
1937
1933
1933
1912
1912
1921
1921
1876
1876
1900
1900
1882
1900
1882
1900
