1906
1906
1887
1887
1933
1933
1902
1902
1913
1913
1904
1904
1910
1910
1911
1911
1905
1905
1936
1936
1933
1933
1931
1931
1900
1900
1889
1889
1880
1880
1857
1857
1929
1929
1912
1912
1918
1918
1892
1892
1904
1904
1872
1872
1932
1932
1905
1905
1899
1899
1929
1929
1892
1892
1922
1922
1904
1904
1926
1926
1886
1886
1930
1930
1898
1898
1914
1914
1887
1887
1938
1938
1908
1908
1902
1902
1939
1939
1870
1870
1915
1915
1938
1938
1903
1903
1897
1897
1880
1880
1888
1888
1877
1877
1884
1884
1886
1886
1923
1923
1929
1929
1898
1898
1912
1912
1923
1923
1937
1937
1928
1928
1911
1911
1939
1939
1910
1910
1910
1910
1924
1924
1921
1921
1884
1884
1880
1880
1923
1923
1902
1902
1898
1898
1895
1895
1895
1895
1927
1927
1876
1876
1883
1883
1916
1916
1885
1885
1909
1909
1913
1913
1907
1907
1929
1929
1903
1903
1938
1938
1909
1909
1912
1912
1937
1937
1926
1926
1928
1928
1882
1882
1918
1918
1923
1923
1913
1913
1884
1884
1891
1891
1895
1895
1923
1923
1885
1885
1927
1927
1913
1913
1895
1895
1897
1897
1919
1919
1929
1929
1894
1894
1910
1910
1939
1939
1906
1906
1892
1892
1915
1915
1882
1882
1893
1893
1925
1925
1929
1929
1927
1927
1931
1931
1895
1895
1898
1898
1876
1876
1874
1874
1915
1915
1877
1877
1899
1899
1904
1904
1933
1933
1937
1937
1900
1900
1901
1901
1936
1936
1892
1892
1905
1905
1886
1886
1923
1923
1926
1926
1930
1930
1879
1879
1869
1869
1921
1921
1924
1924
1913
1913
1939
1939
1910
1910
1886
1886
1915
1915
1913
1913
1884
1884
1917
1917
1882
1882
1892
1892
1877
1877
1884
1884
1917
1917
1897
1897
1887
1887
1919
1919
1880
1880
1908
1908
1869
1869
1923
1923
1898
1898
1930
1930
1926
1926
1901
1901
1911
1911
1934
1934
1901
1901
1939
1939
1898
1898
1912
1912
1887
1887
1885
1885
1884
1884
1922
1922
1880
1880
1858
1858
1908
1908
1908
1908
1937
1937
1924
1924
1899
1899
1904
1904
1930
1930
1934
1934
