1933
1924
1929
1928
1896
1869
1875
1885
1923
1873
1927
1927
1931
1925
1923
1900
1896
1922
1914
1859
1918
1883
1919
1916
1885
1877
1917
1871
1939
1932
1900
1919
1889
1891
1926
1923
1866
1924
1908
1927
1924
1881
1939
1919
1890
1921
1927
1903
1929
1918
1899
1910
1900
1913
1917
1883
1905
1904
1877
1886
1885
1893
1894
1888
1926
1925
1929
1921
1874
1885
1885
1922
1920
1921
1931
1908
1884
1922
1921
1893
1916
1930
1923
1912
1931
1910
1914
1922
1920
1924
1891
1939
1892
1926
1917
1929
1871
1877
1915
1920
1913
1908
1897
1926
1930
1894
1935
1925
1887
1892
1922
1931
1926
1875
1872
1896
1892
1891
1916
1932
1922
1925
1919
1937
1886
1895
1890
1931
1936
1908
1929
1921
1901
