1929
1926
1928
1928
1926
1927
1929
1926
1928
1928
1924
1927
1927
1926
1927
1928
1926
1928
1928
1928
1928
1928
1927
1927
1926
1926
1928
1928
1930
1927
1926
1923
1926
1926
1927
1928
1926
1926
1928
1931
1927
1927
1926
1926
1926
1927
1926
1927
1928
1928
1927
1929
1925
1929
1929
1926
1928
1927
1928
1927
1929
1927
1927
1928
1929
1927
1930
1926
1926
1927
1928
1928
1928
1928
1927
1928
1926
1926
1928
1928
1927
1929
1929
1927
1926
1927
1927
1926
1928
1928
1926
1927
1926
1926
1927
1926
1925
1928
1928
1927
1927
1927
1926
1926
1926
1930
1927
1919
1930
1926
1927
1928
1927
1926
1924
1927
1927
1925
1927
1927
1901
1928
1926
1927
1928
1929
1928
1928
1927
1928
1928
1927
1926
1928
1929
1928
1928
1925
1927
1928
1928
1929
1927
1927
1927
1928
1927
1928
1928
1928
1929
1927
1925
1927
1919
1923
1884
1927
1926
1928
1927
1928
1925
1927
1927
1926
1928
1926
1926
1930
1928
1927
1927
1926
1925
1926
1927
1929
1927
1926
1926
1928
1927
1926
1928
1927
1928
1928
1928
1928
1928
1928
1929
1914
1928
1928
1929
1929
1926
1926
1927
1927
1925
1928
1928
1925
1927
1927
1927
1925
1928
1928
1930
1926
1929
1928
1929
1927
1928
1927
1929
1925
1928
1926
1928
1925
1928
1927
1922
1928
1928
1928
1926
1927
1927
1927
1927
1928
1927
1927
1928
1917
1928
1928
1926
1927
1927
1924
1927
1926
1926
1928
1928
1926
1928
1927
1926
1928
1926
1928
1927
1928
1928
1925
1925
1927
1927
1927
1926
1926
1927
1929
1925
1926
1927
1928
1926
1925
1928
1930
1926
1928
1931
1926
1930
1929
1928
1928
1929
1929
1927
1927
1929
1929
1928
1926
1922
1926
1928
1928
1929
1928
1930
1928
1928
1925
1927
1928
1926
1928
1926
1926
1926
1927
1927
1926
1927
1927
1926
1927
1930
1927
1927
1927
1929
1929
1929
1925
1929
1913
1929
1926
1927
1927
1928
1929
1927
1928
1928
1929
1928
1927
1928
1928
1928
1923
1927
1928
1926
1927
1926
1929
1927
1928
1927
1927
