1891
1898
1895
1892
1895
1904
1887
1897
1904
1898
1903
1903
1903
1901
1899
1905
1894
1908
1898
1906
1906
1911
1888
1890
1902
1903
1904
1899
1924
1911
1898
1907
1896
1897
1896
1895
1896
1902
1924
1920
1910
1914
1911
1891
1909
1896
1896
1900
1908
1893
1922
1902
1901
1884
1900
1909
1891
1925
1886
1902
1892
1900
1904
1905
1921
1909
1907
1894
1904
1892
1912
1911
1920
1907
1893
1906
1921
1906
1902
1911
1902
1877
1905
1880
1902
1884
1907
1893
1900
1895
1914
1899
1890
1900
1905
1896
1922
1906
1901
1900
1920
1903
1922
1910
1898
1904
1901
1887
1895
1891
1907
1875
1915
1898
1907
1892
1898
1899
1906
1903
1899
1896
1912
1907
1920
1907
1915
1902
1896
1897
1898
1901
1905
1910
1887
1892
1899
1908
1899
1897
1895
1914
1892
1925
1898
1898
1896
1909
1887
1909
1896
1894
1899
1910
1909
1894
1887
1899
1914
1906
1908
1921
1897
1906
1913
1893
1900
1925
1902
1897
1913
1887
1887
1902
1901
1890
1902
1905
1900
1901
1900
1876
1899
1912
1883
1886
1897
1904
1897
1906
1900
1903
1907
1886
1893
1904
1912
1912
1901
1897
1904
1884
