1878
1878
1882
1882
1907
1907
1940
1940
1905
1905
1916
1916
1923
1923
1918
1918
1912
1912
1908
1908
1910
1910
1937
1937
1912
1912
1924
1924
1928
1928
1894
1894
1894
1894
1894
1894
1894
1894
1866
1866
1910
1910
1906
1906
1895
1895
1913
1913
1897
1897
1929
1929
1923
1923
1900
1900
1925
1925
1905
1905
1907
1907
1906
1906
1916
1916
1915
1915
1892
1892
1910
1910
1921
1921
1931
1931
1905
1905
1938
1938
1909
1909
1909
1909
1893
1893
1920
1920
1942
1942
1914
1914
1921
1921
1912
1912
1913
1913
1882
1882
1883
1883
1878
1878
1898
1898
1879
1879
1872
1872
1874
1874
1922
1922
1901
1901
1903
1903
1903
1903
1901
1901
1930
1930
1897
1897
1884
1900
1900
1900
1884
1900
1903
1903
1910
1910
1910
1910
1932
1932
1932
1932
1914
1917
1914
1917
1902
1902
1902
1902
1910
1910
1910
1910
1920
1920
1892
1892
1922
1922
1922
1922
1920
1920
1920
1920
1895
1895
1895
1895
1923
1923
1923
1923
1892
1892
1913
1913
1883
1883
1927
1927
1931
1931
1906
1906
1906
1906
1931
1931
1912
1912
1942
1942
1874
1874
1879
1879
1879
1879
1880
1880
1879
1879
1927
1927
1888
1888
1916
1916
1920
1920
1924
1924
1916
1916
1909
1909
1929
1929
1927
1927
1922
1922
1893
1893
1881
1881
1924
1924
1928
1928
1896
1896
1936
1936
1897
1897
1897
1897
1927
1927
1930
1930
1922
1922
1896
1896
1936
1936
1915
1915
1884
1884
1884
1884
1898
1898
1889
1889
1898
1898
1884
1884
1910
1910
1905
1905
1911
1911
1913
1913
1932
1932
1931
1931
1913
1913
1902
1902
1934
1934
1896
1896
1928
1928
1924
1924
1894
1894
1926
1926
1926
1926
1894
1894
1892
1892
1892
1892
1930
1930
1930
1930
1918
1918
1913
1913
1923
1923
1915
1915
1888
1888
1913
1913
1918
1918
1879
1879
1883
1883
1907
1907
1907
1907
1927
1927
1942
1942
1895
1895
1922
1922
1928
1928
1921
1921
1881
1881
1891
1891
1880
1880
1916
1916
1901
1901
1875
1875
1908
1908
1871
1871
1880
1880
1882
1882
1916
1916
1928
1928
1887
1887
1895
1895
1882
1882
1895
1895
1913
1913
1913
1913
1874
1874
1876
1876
1876
1876
1872
1872
1874
1874
1913
1913
1882
1882
1880
1880
1912
1912
1912
1912
1868
1868
1937
1937
1931
1931
1920
1920
1935
1935
1917
1917
1896
1896
1927
1927
1898
1898
1927
1927
1900
1900
