1899
1901
1908
1910
1896
1938
1933
1937
1911
1905
1916
1917
1937
1917
1931
1903
1889
1918
1939
1879
1938
1926
1930
1934
1926
1890
1899
1929
1913
1929
1931
1934
1904
1928
1905
1926
1892
1898
1897
1898
1898
1926
1899
1891
1925
1902
1891
1935
1909
1919
1902
1913
1876
1890
1910
1890
1939
1898
1931
1914
1933
1903
1924
1929
1905
1906
1934
1903
1927
1931
1910
1905
1905
1877
1873
1900
1915
1940
1930
1904
1907
1880
1902
1911
1909
1916
1887
1895
1918
1896
1919
1922
1903
1893
1920
1888
1926
1925
1892
1904
1937
1939
1931
1927
1929
1935
1903
1932
1914
1913
1874
1908
1907
1907
1907
1939
1928
1897
1904
1930
1922
1920
1935
1889
1914
1918
1890
1929
1926
1924
1934
1926
1929
1898
1897
1930
1921
1904
1916
1906
1933
1937
1900
1913
1939
1902
1895
1900
1904
1925
1916
1889
1921
1916
1879
1905
1869
1915
1875
1888
1928
1926
1930
1940
1908
1913
1907
1875
1878
1935
1910
1888
1879
1918
1922
1929
1899
1905
1928
1903
1926
1858
1929
1905
1927
1924
1892
1879
1895
1903
1876
1939
1902
1928
1926
1902
1928
1930
1934
1894
1886
1931
1912
1897
1903
1914
1910
1887
1914
1913
1885
1910
1923
1899
1932
1931
1903
1925
1929
1923
1892
1933
1905
1931
