1904
1865
1886
1932
1905
1934
1902
1935
1911
1870
1887
1922
1885
1889
1882
1916
1933
1936
1907
1908
1904
1931
1904
1934
1929
1931
1912
1903
1923
1928
1875
1917
1898
1909
1935
1908
1935
1933
1889
1898
1922
1926
1928
1918
1934
1902
1907
1887
1886
1914
1916
1909
1938
1910
1935
1904
1906
1904
1903
1930
1912
1916
1887
1911
1906
1939
1905
1933
1935
1918
1928
1865
1899
1899
1931
1892
1925
1894
1918
1924
1892
1893
1928
1919
1928
1898
1935
1930
1900
1933
1937
1924
1923
1931
1880
1907
1878
1912
1921
1912
1876
1911
1895
1920
1902
1904
1909
1903
1909
1904
1897
1935
1875
1882
1905
1900
1906
1932
1934
1903
1934
1914
1910
1940
1886
1900
1935
1925
1928
1922
1934
1903
1934
1906
1909
1912
1897
1925
1928
1891
1930
1899
1904
1931
1909
1910
1904
1923
1936
1887
1903
1913
1906
1911
1913
1938
1920
1875
1905
1930
1927
1895
1895
1920
1923
1866
1868
1909
1935
1909
1911
1923
1914
1876
1878
1908
1907
1935
