1881
1881
1902
1902
1853
1853
1891
1891
1921
1921
1923
1923
1933
1933
1895
1895
1919
1919
1890
1890
1915
1915
1930
1930
1921
1921
1926
1926
1939
1939
1918
1918
1937
1937
1915
1915
1912
1912
1939
1939
1937
1937
1910
1910
1898
1898
1928
1928
1906
1906
1902
1902
1935
1935
1894
1894
1925
1925
1892
1892
1873
1873
1896
1896
1891
1891
1928
1928
1922
1922
1931
1931
1910
1910
1906
1906
1936
1936
1886
1886
1870
1870
1884
1884
1888
1888
1916
1916
1906
1906
1872
1872
1935
1935
1902
1902
1911
1911
1937
1937
1939
1939
1912
1912
1905
1905
1875
1875
1876
1876
1910
1910
1882
1882
1913
1913
1891
1891
1912
1912
1887
1887
1902
1902
1898
1898
1934
1934
1908
1908
1907
1907
1900
1900
1908
1908
1905
1905
1894
1894
1934
1934
1868
1868
1907
1907
1903
1903
1934
1934
1907
1907
1909
1909
1905
1905
1932
1932
1882
1882
1927
1927
1920
1920
1888
1888
1916
1916
1897
1897
1932
1932
1933
1933
1893
1893
1921
1921
1896
1896
1922
1922
1892
1892
1926
1926
1917
1917
1933
1933
1900
1900
1931
1931
1863
1863
1910
1910
1912
1912
1916
1916
1938
1938
1883
1883
1915
1915
1887
1887
1873
1873
1910
1910
1865
1865
1925
1925
1902
1902
1908
1908
1906
1906
1893
1893
1925
1925
1891
1891
1891
1891
1916
1916
1915
1915
1878
1878
1910
1910
1933
1933
1892
1892
1907
1907
1915
1915
1920
1920
1882
1882
1927
1927
1912
1912
1880
1880
1910
1910
1898
1898
1910
1910
1938
1938
1908
1908
1904
1904
1934
1934
1922
1922
1885
1885
1897
1897
1896
1896
1869
1869
1926
1926
1933
1933
1916
1916
1922
1922
1919
1919
1916
1916
1897
1897
1923
1923
1896
1896
1924
1924
1911
1911
1882
1882
1888
1888
1920
1920
1877
1877
1882
1882
1890
1890
1922
1922
1898
1898
1925
1925
1921
1921
1911
1911
1881
1881
1877
1877
1883
1883
1914
1914
1886
1886
1883
1883
1872
1872
1904
1904
1905
1905
1931
1931
1929
1929
1898
1898
1865
1865
1904
1904
1908
1908
1910
1910
1916
1916
1933
1933
1905
1905
1904
1904
1937
1937
1938
1938
1896
1896
1927
1927
1919
1919
1908
1908
1890
1890
1878
1878
1908
1908
1916
1916
1922
1922
1888
1888
1884
1884
1918
1918
1880
1880
1917
1917
1880
1880
1915
1915
1872
1872
1910
1910
1908
1908
1914
1914
1859
1859
1887
1887
1931
1931
1925
1925
1899
1899
1920
1920
1923
1923
1935
1935
1937
1937
1931
1931
1937
1937
1932
1932
1903
1903
1912
1912
1886
1886
1879
1879
1907
1907
1888
1888
1920
1920
1923
1923
1895
1895
1926
1926
1895
1895
1923
1923
1924
1924
1931
1931
1880
1880
1880
1880
1929
1929
1910
1910
1898
1898
1939
1939
1907
1907
1867
1867
1902
1902
1918
1918
1914
1914
1937
1937
1910
1910
1923
1897
1895
1923
1897
1895
