1900
1886
1887
1898
1885
1891
1901
1901
1908
1902
1898
1923
1906
1901
1903
1901
1885
1914
1902
1899
1900
1895
1906
1912
1919
1905
1913
1896
1884
1921
1902
1895
1903
1904
1921
1903
1920
1909
1910
1909
1901
1900
1898
1896
1897
1895
1912
1908
1917
1899
1902
1909
1904
1904
1907
1893
1909
1911
1908
1902
1912
1891
1905
1898
1911
1914
1888
1898
1922
1920
1893
1903
1901
1884
1899
1903
1922
1903
1904
1898
1912
1906
1909
1923
1919
1911
1890
1897
1915
1887
1889
1921
1906
1907
1898
1907
1902
1900
1879
1906
1893
1901
1910
1898
1901
1895
1921
1889
1901
1904
1921
1919
1910
1913
1891
1900
1897
1906
1909
1888
1906
1910
1910
1912
1902
1896
1910
1893
1909
1877
1894
1891
1889
1902
1897
1922
1896
1920
1920
1903
1900
1903
1888
1903
1918
1902
1902
1912
1890
1895
1913
1911
1905
1906
1905
1907
1898
1907
1900
1923
1901
1896
1909
1897
1894
1920
1907
1901
1914
1910
1899
1901
1890
1896
1915
1906
1910
1901
1901
1898
1886
1911
1904
1910
1902
1913
1887
1894
1901
1900
1899
1920
1910
1906
1905
1920
1910
1912
1899
1906
1911
1904
1904
1894
1924
1882
1901
1923
1900
1900
1902
1900
1893
1894
1898
1899
1904
1902
1904
1895
1914
1911
1909
1888
1893
1905
1909
1910
1919
1898
1901
1885
1901
1904
1919
1915
1905
1905
1901
1911
1896
1909
1891
1888
1899
1924
1911
1893
1901
1916
1908
1924
1911
1888
1889
1884
1904
1896
1899
1902
1898
1920
1919
1892
1893
1912
1918
1889
1909
1898
1898
1904
1924
1914
1912
1896
1902
1890
1911
1913
1899
1901
1897
1898
1903
1917
1903
1897
1901
1917
1901
1910
1883
1902
1919
1887
1895
1914
1913
1897
1877
1894
1914
1917
1910
1889
1905
1896
1891
1910
1881
1879
1880
1887
1917
1913
1899
1898
1921
1923
1914
1898
1900
1895
1922
1909
1903
1908
1908
1915
1920
1922
1896
1880
1911
1912
1904
1891
1910
1902
1915
1889
1895
1905
1905
1904
1901
1912
1901
1893
1898
1903
1887
1903
1903
1922
1904
1887
1918
