1893
1918
1902
1928
1901
1871
1938
1889
1904
1939
1903
1931
1907
1856
1938
1910
1913
1879
1908
1909
1905
1915
1911
1919
1878
1910
1931
1926
1901
1871
1916
1923
1894
1928
1914
1935
1904
1932
1905
1930
1894
1929
1895
1927
1882
1920
1923
1916
1937
1911
1908
1939
1935
1899
1932
1928
1933
1926
1899
1890
1887
1917
1919
1909
1883
1873
1920
1929
1918
1909
1906
1915
1885
1928
1910
1918
1926
1930
1924
1898
1925
1921
1926
1931
1930
1923
1878
1927
1865
1893
1895
1924
1917
1922
1920
1884
1884
1919
1923
1928
1932
1895
1907
1893
1931
1876
1874
1897
1908
1909
1906
1906
1882
1934
1930
1928
1900
1930
1932
1925
1901
1900
1867
1905
1886
1888
1920
1896
1912
1885
1904
1873
1875
1932
1903
1907
1935
1926
1923
1885
1904
1928
1920
1902
1924
1929
1932
1925
1918
1913
1908
1874
1879
1905
1936
1933
1909
1908
1870
1905
1925
1898
1931
1924
1923
1900
1917
1914
1918
1905
1910
1933
1908
