1927
1927
1913
1913
1919
1919
1924
1924
1916
1916
1914
1914
1926
1926
1898
1898
1927
1927
1899
1899
1944
1944
1913
1913
1929
1929
1925
1925
1902
1902
1927
1927
1920
1920
1907
1907
1902
1902
1914
1914
1923
1923
1911
1911
1919
1919
1929
1929
1885
1885
1921
1921
1914
1914
1937
1937
1927
1927
1925
1925
1929
1929
1907
1907
1905
1905
1900
1900
1900
1900
1902
1902
1927
1927
1929
1929
1915
1915
1921
1921
1912
1912
1916
1916
1881
1881
1913
1913
1909
1909
1898
1898
1924
1924
1919
1919
1919
1919
1886
1886
1920
1920
1902
1902
1938
1938
1908
1908
1909
1909
1912
1912
1887
1887
1898
1898
1910
1910
1895
1895
1902
1902
1901
1901
1931
1931
1930
1930
1934
1934
1908
1908
1913
1913
1881
1881
1917
1917
1880
1880
1912
1912
1939
1939
1912
1912
1908
1908
1912
1912
1913
1913
1928
1928
1928
1928
1924
1924
1897
1897
1919
1919
1923
1923
1926
1926
1897
1897
1869
1869
1869
1869
1913
1913
1924
1920
1924
1920
1885
1885
1942
1942
1895
1895
1887
1887
1926
1926
1926
1926
1922
1922
1881
1881
1934
1934
1928
1928
1899
1899
1904
1904
1916
1916
1916
1916
1911
1911
1892
1892
1929
1929
1926
1926
1898
1898
1918
1918
1934
1934
1903
1903
1930
1930
1901
1904
1904
1901
1929
1929
1936
1936
1935
1935
1905
1905
1924
1924
1903
1903
1930
1930
1921
1921
