1904
1901
1905
1930
1880
1902
1934
1935
1904
1927
1930
1925
1924
1894
1937
1914
1909
1907
1939
1907
1907
1934
1937
1905
1905
1932
1870
1865
1910
1939
1915
1930
1910
1904
1866
1878
1881
1924
1887
1918
1888
1874
1875
1880
1883
1889
1918
1914
1889
1883
1888
1913
1883
1920
1918
1883
1878
1901
1938
1908
1936
1891
1933
1931
1900
1928
1903
1875
1862
1907
1893
1874
1935
1919
1930
1890
1927
1922
1920
1925
1894
1924
1892
1930
1908
1935
1904
1900
1933
1903
1907
1896
1894
1934
1903
1899
1898
1897
1897
1931
1882
1924
1902
1878
1931
1901
1934
1903
1934
1932
1905
1930
1902
1936
1934
1912
