1896
1896
1874
1874
1904
1904
1911
1911
1898
1898
1933
1933
1905
1905
1942
1942
1916
1916
1930
1930
1932
1932
1902
1902
1926
1926
1915
1915
1939
1939
1926
1926
1896
1896
1889
1889
1890
1890
1913
1913
1928
1928
1901
1901
1914
1914
1923
1923
1917
1917
1885
1885
1896
1896
1926
1926
1901
1901
1933
1933
1930
1930
1901
1901
1910
1910
1927
1927
1896
1896
1930
1930
1916
1916
1935
1935
1934
1934
1905
1905
1925
1925
1901
1901
1889
1889
1922
1922
1892
1892
1902
1902
1933
1933
1930
1930
1932
1932
1928
1928
1902
1902
1890
1890
1893
1893
1902
1902
1897
1897
1925
1925
1892
1892
1931
1931
1910
1910
1919
1919
1891
1891
