1893
1926
1930
1912
1895
1883
1902
1865
1900
1862
1905
1897
1881
1885
1873
1930
1888
1902
1878
1878
1889
1931
1894
1915
1941
1913
1869
1875
1900
1907
1907
1888
1894
1880
1890
1870
1867
1927
1886
1922
1892
1893
1897
1933
1900
1905
1886
1894
1906
1876
1862
1882
1897
1928
1867
1893
1872
1898
1921
1890
1892
1884
1913
1886
1890
1873
1874
1895
1900
1872
1869
1882
1899
1935
1931
1910
1867
1919
1887
1897
1921
1933
1897
1925
1877
1871
1875
1882
1894
1912
1887
1881
1927
1887
1879
1870
1901
1895
1888
1906
1878
1907
1877
1888
1891
1930
1891
1858
1926
1923
1901
1865
1878
1862
1871
1879
1885
1892
1915
1871
1877
1885
1878
1880
1888
1882
1876
1930
1876
1909
1933
1936
1862
1898
1906
1869
1861
1874
