1908
1881
1923
1912
1939
1911
1901
1916
1921
1916
1912
1887
1909
1908
1929
1933
1905
1907
1895
1933
1920
1917
1892
1923
1894
1912
1916
1906
1919
1921
1922
1884
1919
1925
1884
1918
1935
1897
1908
1902
1895
1924
1939
1929
1914
1908
1907
1903
1891
1885
1909
1922
1912
1894
1893
1929
1929
1898
1930
1925
1912
1867
1873
1933
1901
1907
1890
1916
1881
1894
1859
1901
1906
1929
1907
1909
1894
1898
1926
1910
1936
1916
1923
1914
1927
1921
1930
1896
1914
1920
1888
1894
1934
1910
1911
1914
1922
1904
1908
1904
1908
1933
1900
1935
1931
1921
1927
1920
1928
1884
1879
1897
1907
1934
1937
1932
1936
1925
1913
1879
1931
1917
1917
1887
1914
1910
1870
1875
1933
1934
1906
1874
1915
1927
1942
1908
1925
1890
1875
1932
1908
1901
1900
1903
1908
1885
1877
1906
1925
1925
1897
1894
1889
1883
1936
1898
1927
1905
1897
1878
1905
1918
1888
1891
1914
1884
1908
1924
1929
1867
1911
1906
1917
1914
1910
1915
1908
1933
1904
1904
1902
1925
1927
1891
1920
1928
1921
1926
1905
1891
1894
1917
1920
1931
1923
1915
1928
1910
1910
1908
1936
1887
1925
1893
1917
1889
1921
1920
1921
1898
1891
1907
1900
