1922
1890
1924
1919
1891
1916
1916
1886
1886
1910
1937
1926
1924
1880
1930
1909
1908
1907
1939
1906
1911
1913
1892
1925
1926
1913
1927
1923
1923
1924
1926
1896
1871
1926
1896
1896
1923
1894
1925
1921
1890
1927
1922
1923
1925
1876
1930
1928
1923
1890
1926
1887
1886
1922
1899
1928
1911
1901
1901
1927
1923
1918
1892
1889
1893
1906
1908
1926
1917
1904
1929
1897
1903
1929
1927
1925
1880
1920
1926
1920
1925
1927
1892
1926
1898
1928
1924
1895
1926
1895
1903
1901
1932
1900
1903
1929
1904
1896
1891
1900
1916
1931
1928
1900
1904
1930
1903
1882
1921
1917
1919
1894
1907
1876
1889
1876
1926
1935
1904
1908
1888
1929
1896
1933
1904
1931
1928
1906
1940
1936
1906
1894
1888
1908
1933
1929
1907
1903
1916
1905
1902
1909
1924
1909
1937
1865
1938
1923
1926
1925
1895
1928
1899
1899
1906
1927
1895
1896
1895
1922
1932
1925
1927
1928
1921
1924
1919
1919
1890
1890
1886
1880
1914
1929
1921
1927
1907
1873
1927
1900
1928
1906
1895
1885
1907
1922
1921
1894
1899
1924
1931
1897
1900
1929
1933
1893
1928
1931
1937
1900
1894
1934
1924
1928
1925
1939
1901
1879
1904
1904
1890
1911
1928
