1910
1935
1908
1923
1897
1901
1879
1913
1910
1879
1915
1924
1918
1884
1892
1897
1924
1920
1908
1876
1934
1872
1911
1906
1908
1916
1859
1902
1929
1897
1933
1919
1913
1922
1913
1880
1917
1914
1929
1887
1924
1886
1912
1934
1878
1922
1918
1881
1880
1916
1917
1923
1887
1889
1912
1914
1933
1898
1905
1927
1910
1909
1935
1906
1888
1889
1915
1926
1914
1917
1922
1877
1915
1903
1877
1918
1928
1900
1904
1927
1889
1921
1886
1928
1917
1911
1910
1937
1865
1906
1915
1913
1934
1909
1880
1921
1903
1887
1925
1939
1937
1927
1901
1915
1939
1912
1910
1886
1939
1911
1920
1902
1888
1935
1938
1923
1903
1901
1936
1928
1932
1929
1912
1914
1899
1928
1925
1894
1930
1896
1892
1909
1883
1908
1885
1918
1922
1910
1910
1900
1897
1902
1937
1903
1940
1910
1938
1909
1908
1918
1909
1925
1888
1904
1908
1934
1901
1923
1882
1885
1913
1938
1915
1910
1905
1914
1914
1886
1875
1909
1916
1924
1893
1892
1921
1882
1879
1913
1935
1910
1908
1908
1933
1900
1931
1935
1905
1908
1934
1906
1930
1932
1875
1912
1885
1870
1899
1902
1927
1938
1930
1936
1883
1871
1912
1933
1929
1925
1928
1896
1898
1898
1930
1892
1902
1932
1888
1888
1904
1933
1928
1901
1923
1896
1918
1885
1901
1927
1903
1925
1922
1871
1909
1886
1893
1919
1910
1936
1925
1923
1937
1909
1915
1914
1916
1886
1918
1915
1873
1913
