1906
1893
1884
1910
1888
1895
1912
1914
1922
1909
1915
1916
1918
1900
1919
1926
1925
1923
1908
1914
1911
1920
1921
1901
1895
1931
1895
1918
1915
1911
1892
1911
1918
1940
1913
1915
1915
1896
1921
1899
1907
1920
1906
1910
1911
1903
1897
1915
1932
1899
1928
1930
1934
1936
1919
1908
1937
1887
1902
1897
1930
1920
1883
1941
1911
1895
1917
1901
1900
1899
1910
1914
1914
1908
1915
1909
1913
1921
1881
1892
1912
1887
1922
1894
1904
1930
1930
1901
1904
1919
1879
1906
1920
1913
1921
1913
1901
1929
1923
1912
1917
1896
1919
1888
1887
1915
1903
1912
1900
1940
1903
1908
1898
1915
1913
1904
1911
1907
1911
1908
1885
1880
1903
1914
1903
1911
1911
1918
1917
1911
1920
1913
1910
1913
1909
1916
1921
1918
1914
1911
1898
1887
1915
1886
1904
1897
1926
1924
1899
1913
1915
1897
1897
1915
1898
1941
1901
1899
1927
1924
1897
1899
1874
1917
1898
1895
1919
1920
1912
1899
1913
1911
1915
1917
1921
1915
1921
1911
1919
1919
1919
1916
1919
1908
1915
1921
1920
1921
1889
1912
1907
1907
1922
1869
1898
1928
1888
1890
1912
1921
1920
1885
1918
1921
1921
1907
1921
1911
1917
1918
1919
1914
1908
1910
1922
1918
1906
1909
1921
1911
1918
1907
1903
1908
1886
1903
1923
1894
1923
1913
1914
1918
1906
1914
1918
1911
1880
1887
1919
1910
1912
1915
1905
1915
1913
1906
1912
1912
1916
1922
1888
1910
1889
1921
1902
1887
1910
1903
1919
1906
1921
1883
1887
1912
1894
1914
1912
1916
1914
1891
1915
1909
1920
1909
1921
1913
1916
1910
1932
1907
1913
1892
1916
1911
1909
1940
1907
1914
1913
1916
1880
1880
1901
1921
1885
1912
1919
1913
1921
1919
1911
1908
1937
1912
1890
1921
1909
1914
1909
1892
1904
1920
1902
1917
1872
1880
1919
1903
1906
1919
1893
1914
1913
1896
1912
1912
1916
1894
1908
1914
1910
1916
1897
1915
1916
1920
1904
1921
1909
1913
1918
1913
1892
1906
1897
1915
1895
1912
1908
1919
1912
1901
1896
1915
1896
1888
1919
1918
1909
1906
1928
1894
1923
1941
1912
1911
1909
1916
1912
1895
1896
1891
1882
1894
1917
1909
1937
1912
1913
1918
1911
1894
1897
1917
1915
1910
1938
1911
1912
1939
1905
1913
1922
1885
1913
1917
1912
1911
1895
1909
1892
1918
1918
1917
1910
1904
1909
1919
1920
1904
1922
1919
1911
1870
1919
1907
1912
1922
1919
1917
1921
1888
1921
1913
1918
1902
1905
1898
1918
1893
1924
1915
1888
1910
1911
1916
1906
1929
1921
1915
1928
1884
1910
1921
1888
1900
1910
1911
1904
1913
1913
1900
1913
1918
1902
1880
1920
1914
1913
1912
1900
1884
1921
1895
1912
1916
1911
1886
1895
1919
1917
1891
1881
1888
1927
1906
1919
1901
1901
1888
1882
1905
1913
1907
1940
1913
1867
1914
1886
1920
1919
1919
1896
1913
1921
1913
1912
1911
1912
1895
1900
1906
1912
1915
1915
1916
1920
1878
1911
1922
1913
1914
1916
1915
1913
1922
1897
