1900
1900
1901
1901
1905
1905
1917
1917
1881
1881
1935
1935
1933
1933
1900
1915
1900
1915
1900
1900
1932
1932
1902
1902
1935
1935
1927
1927
1900
1900
1895
1895
1926
1926
1904
1904
1878
1878
1881
1881
1886
1886
1880
1880
1907
1907
1907
1907
1925
1925
1930
1930
1896
1896
1924
1924
1935
1935
1937
1937
1927
1927
1898
1898
1932
1932
1898
1898
1926
1926
1889
1889
1919
1919
1900
1900
1900
1900
1900
1900
1910
1910
1909
1909
1912
1912
1939
1939
1905
1905
1909
1909
1933
1933
1878
1878
1918
1918
1905
1905
1885
1885
1928
1928
1885
1885
1915
1915
1903
1903
1905
1905
1932
1932
1939
1939
1878
1878
1931
1931
1906
1906
1930
1930
1905
1905
1875
1875
1926
1926
1891
1891
1922
1922
1895
1895
1920
1920
1908
1908
1902
1902
1910
1910
1874
1874
1911
1911
1938
1938
1909
1909
1910
1910
1881
1881
1878
1878
1877
1877
1935
1935
1933
1933
1939
1939
1904
1904
1912
1912
1878
1878
1913
1913
1878
1878
1898
1898
1914
1914
1932
1932
1919
1919
1912
1912
1879
1879
1871
1871
1872
1872
1910
1910
1865
1865
1900
1900
1899
1899
1925
1925
1933
1933
1908
1908
1933
1933
1897
1897
1902
1902
1935
1935
1911
1911
1901
1901
1935
1932
1932
1935
1900
1900
1875
1875
1927
1927
1907
1907
1897
1897
1937
1937
