1868
1886
1894
1905
1871
1866
1897
1911
1904
1870
1868
1874
1890
1875
1904
1872
1886
1879
1874
1879
1885
1886
1867
1873
1877
1892
1896
1879
1897
1926
1903
1903
1883
1894
1907
1902
1867
1874
1880
1876
1869
1878
1870
1864
1892
1905
1904
1857
1889
1863
1904
1869
1897
1897
1891
1893
1882
1892
1892
1900
1873
1914
1869
1877
1900
1865
1886
1873
1904
1892
1912
1870
1885
1884
1869
1900
1882
1877
1906
1918
1897
1906
1915
1927
1897
1894
1917
1908
1890
1897
1900
1907
1883
1888
1920
1891
1927
1888
1925
1921
1901
1889
1868
1878
1872
1871
1873
1900
1898
1894
1922
1872
1899
1909
1904
1882
1886
1884
1882
1880
1916
1879
1869
1867
1866
1869
1872
1911
1936
1930
1875
1931
1897
1864
1889
1887
1891
1878
1877
1855
1896
1882
1872
1877
1877
1882
1892
1875
1877
1880
1913
1878
1907
1911
1897
1877
1907
1884
1898
1914
1912
1910
1905
1904
1904
1860
1868
1905
1922
1904
1857
1880
1874
1899
1884
1855
1883
1862
1863
1862
1877
1874
1882
1876
1924
1901
1928
1898
1906
1889
1885
1873
1886
1920
1866
1870
1885
1859
1872
1879
1871
1867
1883
1907
1866
1875
1905
1909
1917
1872
1903
1901
1908
1880
1891
1883
1869
1899
