1889
1911
1942
1894
1918
1925
1934
1906
1899
1930
1924
1933
1930
1896
1927
1924
1892
1922
1886
1926
1925
1931
1896
1929
1925
1880
1914
1937
1931
1910
1930
1888
1925
1891
1925
1897
1930
1934
1928
1914
1929
1928
1924
1931
1894
1926
1929
1923
1904
1934
1929
1902
1903
1925
1926
1888
1885
1925
1917
1907
1932
1933
1935
1907
1938
1911
1894
1921
1927
1906
1937
1933
1906
1895
1895
1889
1925
1906
1931
1905
1890
1931
1905
1934
1915
1911
1925
1882
1923
1908
1908
1926
1931
1914
1897
1920
1938
1911
1887
1909
1892
1931
1900
1929
1925
1915
1883
1938
1881
1925
1880
1905
1922
1917
1928
1895
1924
1922
1887
1916
1925
1914
1897
1924
1925
1894
1882
1907
1921
1887
1925
1914
1923
1919
1928
1910
1885
1908
1906
1906
1937
1898
