1910
1910
1897
1897
1896
1896
1897
1897
1868
1868
1898
1898
1913
1913
1888
1888
1883
1883
1883
1883
1929
1929
1910
1910
1904
1904
1914
1914
1926
1926
1904
1904
1926
1926
1873
1873
1892
1892
1914
1914
1911
1911
1923
1923
1887
1887
1889
1889
1925
1925
1881
1881
1875
1875
1926
1926
1917
1917
1915
1915
1922
1922
1902
1902
1904
1904
1898
1898
1905
1905
1908
1908
1927
1927
1923
1923
1894
1894
1919
1919
1922
1922
1933
1933
1901
1901
1902
1902
1927
1927
1875
1875
1911
1911
1896
1896
1870
1870
1930
1930
1924
1924
1927
1927
1888
1888
1916
1916
1922
1922
1854
1854
1929
1929
1879
1879
1877
1877
1912
1912
1909
1909
1938
1938
1886
1886
1867
1867
1883
1883
1876
1876
1875
1875
1901
1901
1923
1923
1888
1888
1896
1896
1904
1904
1874
1874
1866
1866
1938
1938
1913
1913
1879
1879
1905
1905
1938
1938
1906
1906
1931
1931
1889
1889
1921
1921
1918
1918
1881
1881
1915
1915
1880
1880
1895
1895
1911
1911
1867
1867
1927
1927
1894
1894
1931
1931
1900
1900
1900
1900
1890
1890
1920
1920
1926
1926
1895
1895
1908
1908
1936
1936
1939
1939
1903
1903
1915
1915
1874
1874
1892
1892
1880
1880
1904
1904
1926
1926
1928
1928
1867
1867
1914
1914
1906
1906
1883
1883
1880
1880
1905
1905
1862
1862
1893
1893
1908
1908
1879
1879
1878
1878
1884
1884
1875
1875
1920
1920
1884
1884
1880
1880
1890
1890
1900
1900
1911
1911
1905
1905
1933
1933
1902
1902
1938
1938
1930
1930
1893
1893
1888
1888
1864
1864
1864
1864
1919
1919
1890
1890
1939
1939
1919
1919
1920
1920
1891
1891
1937
1937
1890
1890
1898
1898
1924
1924
1869
1869
1900
1900
1884
1884
1908
1908
1904
1904
1874
1874
1936
1936
1879
1879
1911
1911
1879
1879
1900
1900
1904
1904
1903
1903
1875
1875
1920
1920
1875
1875
1871
1871
1895
1895
1939
1939
1908
1908
1889
1889
1919
1919
1924
1924
1902
1902
1931
1931
1901
1901
