1937
1907
1907
1937
1905
1887
1910
1879
1938
1900
1903
1900
1931
1902
1923
1886
1862
1888
1926
1893
1904
1879
1911
1916
1909
1916
1860
1860
1940
1899
1892
1909
1926
1901
1929
1882
1879
1921
1921
1879
1934
1907
1908
1924
1912
1918
1905
1900
1910
1912
1921
1878
1918
1883
1923
1938
1925
1934
1926
1931
1923
1902
1928
1937
1898
1903
1895
1902
1880
1861
1900
1891
1937
1902
1907
1941
1895
1918
1922
1917
1881
1907
1923
1925
1929
1917
1902
1931
1908
1909
1931
1907
1906
1876
1910
1913
1914
1876
1903
1902
1884
1932
1903
1904
1930
1910
1914
1940
1905
1896
1934
1935
1877
1875
1881
1886
1882
1889
1923
1896
1935
1932
1888
1892
1894
1935
1909
1928
1928
1900
1927
1935
1903
1933
1911
1878
1906
1894
1902
1904
1938
1907
1880
1895
1933
1912
1936
1907
1938
1903
1884
1895
1902
1909
1914
1921
1878
1883
1883
1914
1915
1884
1892
1903
1882
1911
1941
1906
1934
1910
1937
1886
1937
1920
1927
1927
1902
1932
1937
1935
1905
1861
1890
1894
1921
1902
1936
1910
1908
1939
1886
1896
1907
1873
1879
1895
1883
1931
1904
1937
1919
1913
1898
1906
1906
1903
1903
1938
1938
1937
1937
1894
1925
1893
1929
1889
1889
1889
1902
1934
1912
1903
1902
1878
1933
1891
1937
1902
1906
1913
1863
1893
1925
1885
1886
1925
1925
1935
1910
1905
1928
1897
1927
1872
1915
1931
1897
1928
1893
1862
1884
1911
1889
1897
1902
1908
1875
1885
1885
1888
1925
1872
1885
1923
1920
1876
1908
1910
1904
1894
1924
1927
1925
1929
1931
1875
1910
1916
1938
1881
1909
1879
1921
1934
1926
1931
1898
1905
1928
1894
1896
1923
1923
1902
1919
1867
1885
1913
1914
1921
1916
1909
1939
1903
1898
1928
1936
1928
1898
1937
1912
1926
1880
1886
1907
1869
1925
1906
1910
1916
1905
1903
1935
1925
1891
1913
1924
1918
1908
1878
1926
1925
1927
1897
1926
1931
