1901
1932
1922
1890
1893
1924
1928
1926
1884
1914
1914
1939
1919
1915
1919
1886
1924
1884
1907
1925
1939
1904
1900
1926
1894
1927
1908
1903
1939
1904
1907
1901
1928
1895
1927
1924
1894
1933
1929
1901
1902
1928
1886
1932
1895
1916
1877
1897
1916
1914
1910
1933
1934
1941
1903
1908
1931
1894
1923
1929
1926
1876
1919
1910
1879
1907
1903
1935
1909
1941
1911
1885
1928
1908
1925
1913
1919
1912
1929
1896
1928
1897
1902
1929
1911
1920
1887
1917
1890
1896
1917
1921
1922
1894
1894
1928
1903
1938
1931
1934
1912
1885
1924
