1864
1891
1892
1857
1882
1878
1886
1886
1902
1885
1870
1890
1916
1921
1880
1922
1886
1898
1886
1873
1895
1874
1886
1892
1887
1888
1898
1910
1892
1908
1912
1880
1883
1895
1880
1873
1904
1900
1897
1878
1920
1900
1887
1925
1899
1900
1903
1895
1873
1923
1942
1913
1877
1888
1862
1872
1904
1917
1886
1882
1892
1870
1922
1868
1864
1942
1941
1879
1940
1910
1897
1886
1905
1886
1862
1904
1912
1919
1897
1878
1913
1881
1901
1885
1878
1914
1873
1912
1892
1884
1880
1938
1908
1925
1919
1899
1872
1879
1879
1918
1891
1904
1936
1885
1884
