1870
1870
1896
1896
1870
1870
1883
1883
1929
1929
1905
1905
1931
1931
1892
1892
1893
1893
1899
1899
1932
1932
1930
1930
1908
1908
1910
1910
1928
1928
1900
1900
1921
1921
1908
1908
1905
1905
1930
1930
1888
1888
1931
1931
1899
1899
1899
1899
1938
1938
1928
1928
1924
1924
1926
1926
1934
1934
1902
1902
1911
1911
1913
1913
1924
1924
1918
1918
1879
1879
1886
1886
1915
1915
1923
1923
1921
1921
1926
1926
1884
1884
1910
1910
1909
1909
1934
1934
1907
1907
1885
1885
1887
1887
1887
1887
1912
1912
1923
1923
1921
1921
1916
1916
1882
1882
1907
1907
1899
1899
1871
1871
1897
1897
1893
1893
1885
1885
1878
1878
1900
1900
1914
1914
1930
1930
1883
1883
1901
1901
1940
1940
1912
1912
1896
1896
1932
1932
1909
1909
1914
1914
1888
1888
1932
1932
1903
1903
1926
1926
1929
1929
1914
1914
1904
1904
1879
1879
1911
1911
1906
1906
1913
1913
1940
1940
1910
1910
1902
1902
1932
1932
1930
1930
1906
1906
1892
1892
1889
1889
1922
1922
1888
1888
1892
1892
1917
1917
1924
1924
1894
1894
1926
1926
1930
1930
1912
1912
1934
1934
1907
1907
1887
1887
1894
1894
1925
1925
1890
1890
1925
1925
1888
1888
1923
1923
1924
1924
1926
1926
1894
1894
1900
1900
1907
1907
1877
1877
1922
1922
1870
1870
1887
1887
1920
1920
1890
1890
1895
1895
1924
1924
1887
1887
1930
1930
1928
1928
1900
1900
1928
1928
1912
1912
1905
1905
1900
1900
1926
1926
1930
1930
1900
1900
1935
1935
1900
1900
1938
1938
1913
1913
1919
1919
1920
1920
1889
1889
1903
1903
1941
1941
1925
1925
1908
1908
1886
1886
1927
1927
1928
1928
1913
1913
1921
1921
1889
1889
1934
1934
1901
1901
1908
1908
1932
1932
1930
1930
1928
1928
1907
1907
1934
1934
1908
1908
1935
1935
1914
1914
1907
1907
1940
1940
1904
1904
1918
1918
1900
1900
1914
1914
1916
1916
1903
1903
1900
1900
1879
1879
1909
1909
1880
1880
1896
1896
1890
1890
1922
1922
1890
1890
1906
1906
1900
1900
1929
1929
1932
1932
1932
1932
1927
1927
1934
1934
1940
1940
1890
1890
1910
1910
1926
1926
1929
1929
1907
1907
1930
1933
1933
1930
1906
1906
1867
1867
1879
1879
1934
1907
1907
1934
1942
1942
1936
1936
1907
1907
1880
1880
1922
1922
1915
1915
1881
1881
1926
1926
1906
1906
