1923
1923
1897
1897
1924
1924
1932
1932
1936
1936
1910
1910
1903
1903
1899
1899
1904
1904
1874
1874
1876
1876
1906
1906
1915
1915
1916
1916
1908
1908
1915
1915
1918
1918
1877
1877
1925
1925
1886
1886
1889
1889
1877
1877
1917
1917
1890
1890
1911
1911
1925
1925
1931
1931
1941
1941
1889
1889
1930
1930
1926
1926
1894
1894
1912
1912
1903
1903
1904
1904
1932
1932
1927
1927
1890
1890
1922
1922
1914
1914
1910
1910
1889
1889
1884
1884
1928
1928
1865
1865
1907
1907
1907
1907
1933
1933
1937
1937
1929
1929
1927
1927
1901
1901
1899
1899
1896
1896
1934
1906
1906
1875
1875
1906
1907
1907
1934
1906
1919
1919
1938
1938
1909
1909
1908
1908
1928
1928
1898
1898
1927
1927
1934
1934
1911
1911
1901
1901
1929
1929
1893
1893
1904
1904
1910
1910
1921
1921
1919
1919
1889
1889
1893
1893
1894
1894
1910
1910
1909
1909
1937
1937
1911
1911
1911
1911
1916
1916
1937
1937
1924
1924
1923
1923
1918
1918
1911
1911
1919
1919
1913
1913
1932
1932
1934
1934
1902
1902
1933
1933
1939
1939
1908
1908
1932
1932
1885
1885
1911
1911
1898
1898
1869
1869
1898
1898
1878
1878
1898
1898
1915
1915
1872
1872
1903
1903
1901
1901
1922
1922
1899
1899
1942
1942
1917
1917
1884
1884
1913
1913
1917
1917
1920
1920
1887
1887
1892
1892
1925
1925
1896
1896
1867
1867
1874
1874
1896
1896
1886
1886
1918
1918
1878
1878
1921
1921
1915
1915
1913
1913
1872
1872
1909
1909
1936
1936
1885
1885
1886
1886
1923
1923
1880
1880
1896
1896
1901
1901
1926
1926
1922
1922
1901
1901
1923
1923
1922
1922
1925
1925
1885
1885
1891
1891
1916
1916
1932
1932
1900
1900
1938
1938
1923
1923
1900
1900
1927
1927
1933
1933
1912
1912
1925
1925
1879
1879
1930
1930
1922
1922
1928
1928
1885
1885
1924
1924
1910
1910
1917
1917
1923
1923
1905
1905
1882
1882
1924
1924
1894
1894
1899
1899
1920
1920
1928
1928
1900
1900
1923
1923
1887
1887
1911
1911
1879
1879
1924
1924
1918
1918
1879
1879
1900
1900
1887
1887
1922
1922
1932
1932
1903
1903
1893
1893
1919
1919
1926
1926
1919
1919
1915
1915
1920
1920
1895
1895
1902
1902
1880
1880
1925
1925
1927
1927
1898
1898
1939
1939
1910
1910
1912
1912
1905
1905
1912
1912
1881
1881
1886
1886
1917
1917
1916
1916
1934
1934
1904
1904
1936
1936
1938
1938
1901
1901
1910
1910
1889
1889
1910
1910
1922
1922
1890
1890
1925
1925
1937
1937
1907
1907
1909
1909
1908
1908
1866
1866
1881
1881
1860
1860
1887
1887
1921
1921
1927
1927
1899
1899
1899
1899
1882
1882
1902
1902
1930
1930
1927
1927
1907
1907
1913
1913
1913
1913
1917
1917
1880
1880
1923
1923
1900
1900
1905
1905
1922
1922
1926
1926
1895
1895
1900
1900
1932
1932
1883
1883
1914
1914
1927
1927
1894
1894
1889
1889
1895
1895
1894
1894
1891
1891
1918
1918
1924
1924
1908
1908
1898
1898
1899
1899
1923
1923
1874
1874
1876
1876
1909
1909
1907
1907
1880
1880
1880
1880
1914
1914
1895
1895
1916
1916
1877
1877
1909
1909
1922
1922
1879
1879
1916
1916
1923
1923
1888
1888
1880
1880
1903
1903
1917
1917
1919
1919
1915
1915
1917
1917
1886
1886
1880
1880
1911
1911
1919
1919
1898
1898
1895
1895
1923
1923
1932
1932
1906
1906
1925
1925
1887
1887
1929
1929
1902
1902
1901
1901
1932
1932
1904
1904
1912
1912
1874
1874
1875
1875
1914
1914
1909
1909
1916
1916
1906
1906
1929
1929
1933
1933
1920
1920
1904
1904
1928
1928
1916
1916
1892
1892
1925
1925
1923
1923
1926
1926
1919
1919
1918
1918
1918
1918
1919
1919
1901
1901
1919
1919
1914
1914
1937
1937
1933
1933
1900
1900
1893
1893
1927
1927
1933
1933
1930
1930
1896
1896
1882
1882
1927
1927
1920
1920
1900
1900
1925
1925
1901
1901
1941
1941
1923
1923
1900
1900
1926
1926
1908
1908
1900
1900
1908
1908
1912
1912
1931
1931
1902
1902
1937
1937
1914
1914
1893
1893
1913
1913
1909
1909
1900
1900
1900
1900
1928
1928
1911
1911
1926
1926
1927
1927
1902
1902
1908
1908
1908
1908
1913
1913
1935
1935
1902
1902
1925
1925
1927
1927
1928
1928
1887
1887
1910
1910
1933
1933
1896
1896
1904
1904
1902
1902
1927
1927
1911
1911
1917
1917
1915
1915
1919
1919
1910
1921
1910
1921
1886
1886
1918
1918
1928
1928
1879
1879
1878
1878
1908
1908
1900
1923
1923
1900
1904
1904
1904
1904
1900
1900
1899
1899
1936
1936
1932
1932
1882
1882
1913
1913
1918
1918
1914
1914
1912
1912
1931
1931
1930
1930
1902
1902
1916
1916
