1910
1939
1910
1888
1922
1920
1919
1913
1883
1906
1929
1933
1933
1909
1907
1926
1893
1902
1929
1899
1938
1859
1938
1913
1887
1918
1926
1920
1922
1928
1916
1924
1913
1894
1929
1900
1922
1901
1926
1929
1888
1874
1906
1909
1876
1909
1913
1931
1905
1934
1929
1908
1933
1935
1933
1898
1928
1899
1887
1886
1922
1879
1886
1909
1927
1918
1925
1929
1886
1885
1912
1879
1886
1885
1914
1905
1909
1937
1912
1873
1911
1938
1937
1913
1912
1898
1929
1898
1893
1925
1918
1879
1922
1882
1885
1888
1917
1912
1924
1872
1910
1913
1882
1910
1917
1939
1932
1901
1927
1925
1934
1880
1878
1907
1910
1938
1933
