1903
1903
1930
1930
1930
1930
1904
1904
1908
1908
1934
1934
1910
1910
1934
1934
1905
1905
1927
1927
1887
1887
1897
1897
1931
1931
1857
1857
1913
1913
1885
1885
1885
1885
1914
1914
1912
1912
1937
1937
1911
1911
1905
1905
1906
1906
1900
1900
1910
1910
1910
1910
1911
1911
1886
1886
1905
1905
1914
1914
1886
1886
1890
1890
1909
1909
1888
1888
1910
1910
1938
1938
1928
1928
1923
1923
1926
1926
1901
1901
1928
1928
1923
1923
1925
1925
1887
1887
1927
1927
1895
1895
1902
1902
1930
1930
1903
1903
1924
1924
1861
1861
1916
1916
1912
1912
1938
1938
1900
1900
1893
1893
1910
1910
1902
1902
1895
1895
1919
1919
1937
1937
1931
1931
1878
1878
1910
1910
1908
1908
1939
1939
1932
1932
1934
1934
1937
1937
1900
1900
1906
1906
1916
1916
1913
1913
1884
1884
1884
1884
1939
1939
1909
1909
1913
1913
1935
1935
1911
1911
1904
1904
1860
1860
1939
1939
1927
1927
1898
1898
1931
1931
1906
1906
1903
1903
1904
1904
1916
1916
1906
1906
1904
1904
1906
1906
1938
1938
1882
1882
1875
1875
1906
1906
1879
1879
1880
1880
1909
1909
1938
1938
1909
1909
1931
1931
1916
1916
1914
1914
1904
1904
1881
1881
1912
1912
1918
1918
1885
1885
1902
1902
1896
1896
1938
1938
1910
1910
1907
1907
1934
1934
1935
1935
1938
1938
1857
1857
1932
1932
1926
1926
1929
1929
1897
1897
1927
1927
1893
1893
1918
1918
1915
1915
1890
1890
1886
1886
1927
1927
1921
1921
1915
1915
1916
1916
1938
1938
1926
1926
1895
1895
1923
1923
1887
1887
1890
1890
1915
1915
1905
1905
1912
1912
1915
1915
1893
1893
1918
1918
1921
1921
1925
1925
1900
1900
1899
1899
1891
1891
1900
1900
1923
1923
1924
1924
1913
1913
1931
1931
