1925
1918
1924
1922
1907
1890
1895
1926
1926
1885
1905
1903
1922
1906
1914
1924
1923
1921
1923
1918
1920
1923
1920
1920
1910
1909
1909
1917
1924
1909
1924
1897
1897
1912
1921
1902
1910
1910
1924
1888
1908
1923
1914
1920
1923
1913
1910
1909
1904
1925
1916
1924
1925
1921
1914
1898
1918
1919
1910
1923
1907
1908
1923
1894
1915
1905
1917
1924
1925
1919
1903
1910
1910
1916
1917
1924
1916
1906
1911
1888
1926
1926
1905
1915
1900
1914
1913
1905
1021
1925
1902
1924
1915
1910
1906
1921
1920
1919
1919
1909
1897
1916
1922
1924
1925
1908
1925
1924
1924
1905
1899
1924
1917
1919
1919
1922
1920
1924
1913
1918
1906
1902
1902
1923
1914
1917
1918
1903
1928
1905
1905
1926
1929
1908
1907
1918
1912
1916
1908
1916
1904
1911
1899
1924
1921
1925
1919
1989
1924
1941
1915
1889
1912
1899
1903
1911
1910
1907
1916
1926
1914
1924
1925
1924
1911
1906
1887
1924
1919
1896
1922
1924
1909
1908
1908
1895
1895
1914
1921
1910
1909
1909
1909
1909
1924
1900
1900
1917
1921
1921
1921
1895
1917
1917
1922
1922
1925
1925
1925
1925
1898
1921
1921
1906
1906
1920
1911
1916
1915
1915
1908
1921
1916
1919
1919
1918
1908
1919
1919
1921
1907
1927
1906
1900
1922
1913
1920
1923
1924
1904
1923
1923
1923
1924
1914
1914
1923
1919
1926
1901
1929
1922
1915
1922
1925
1904
1896
1922
1904
1927
1927
1914
1918
1921
1889
1936
1924
1893
1922
1924
1908
1926
1897
1922
1922
1914
1902
1913
1922
1905
1926
1916
1924
1927
1918
1921
1916
1919
1910
1910
1915
1915
1902
1920
1924
1920
1927
1922
1920
1903
1919
1914
1905
1925
1907
1925
1905
1913
1917
1917
1912
1920
1925
1921
1919
1891
1917
1914
1923
1923
1926
1923
1920
1923
1906
1921
1914
1918
1928
1902
1925
1923
1914
1914
1914
1917
1926
1926
1922
1922
1914
1920
1923
1913
1914
1902
1920
1920
1920
1907
1907
1906
1923
1923
1914
1925
1924
1922
1923
1912
1919
1913
1924
1907
1915
1919
1907
1914
1913
1887
1887
1924
1924
1916
1908
1922
1908
1908
1905
1921
1924
1923
1912
1924
1925
1915
1925
1897
1899
1926
1928
1910
1910
1926
1910
1915
1921
1926
1927
1921
1924
1898
1906
1918
1910
1903
1907
1921
1912
1912
1927
1920
1920
1922
1915
1903
1904
1917
1925
1922
1924
1905
1898
1919
1914
1896
1914
1888
1923
1911
1922
1916
1905
1922
1904
1895
1904
1915
1921
1921
1925
1899
1904
1922
1905
1905
1921
1921
1927
1920
1926
1921
1923
1918
1923
1900
1900
1926
1911
1909
1923
1910
1924
1920
1913
1918
1923
1883
1923
1915
1922
1922
1905
1920
1924
1904
1915
1920
1920
1924
1917
1912
1912
1924
1922
1922
1922
1897
1918
1918
1925
1908
1922
1925
1920
1920
1920
1917
1922
1919
1919
1919
1919
1908
1908
1929
1905
1907
1902
1904
1906
1906
1916
1912
1906
1912
1912
1918
1918
1922
1905
1924
1926
1921
1922
1922
1899
1921
1908
1909
1909
1924
1905
1905
1912
1910
1907
1922
1920
1913
1924
1918
1918
1897
1897
1923
1923
1923
1910
1920
1921
1924
1922
1909
1917
1922
1888
1913
1923
1924
1904
1922
1922
1920
1888
1925
1917
1909
1908
1927
1926
1914
1914
1909
1924
1925
1925
1917
1927
1922
1915
1920
1927
1924
1910
1922
1924
1918
1914
1914
1910
1924
1923
1917
1909
1900
1922
1914
1906
1923
1926
1897
1903
1918
1907
1920
1920
1896
1902
1912
1912
1918
1920
1904
1918
1914
1920
1885
1922
1895
1922
1894
1907
1928
1921
1912
1909
1921
1911
1907
1906
1906
1920
1903
1903
1928
1928
1895
1904
1923
1923
1899
1889
1913
1913
1915
1915
1920
1894
1889
1894
1907
1923
1928
1896
1904
1908
1920
1896
1900
1911
1911
1916
1925
1902
1916
1919
1916
1902
1910
1921
1913
1926
1910
1918
1919
1919
1914
1910
1906
1914
1910
1911
1901
1919
1912
1889
1921
1906
1905
1924
1907
1912
1918
1916
1922
1922
1924
1907
1928
1904
1910
1910
1912
1926
