1919
1907
1904
1901
1892
1935
1900
1930
1926
1932
1913
1907
1885
1882
1915
1891
1888
1919
1900
1897
1936
1926
1891
1933
1897
1905
1916
1886
1918
1920
1911
1910
1883
1883
1925
1884
1892
1930
1906
1907
1924
1910
1897
1882
1895
1908
1926
1899
1923
1924
1930
1932
1900
1925
1910
1932
1934
1905
1908
1897
1937
1909
1900
1912
1924
1935
1902
1904
1900
1932
1930
1916
1882
1925
1927
1919
1925
1881
1887
1885
1917
1913
1915
1905
1898
1924
1901
1919
1913
1915
1882
1886
1916
1919
1891
1891
1891
1915
1918
1917
1890
1875
1900
1924
1926
1897
1898
1934
1873
1925
1924
1894
1888
1891
1925
1927
1902
1923
1905
1876
1902
1881
1882
1887
1886
1889
1881
1896
1924
1929
1883
1926
1879
1885
1890
1922
1886
1900
1907
1898
1898
1936
1928
1899
1893
1905
1868
1871
1912
1904
1900
1934
1904
1920
1924
1898
1931
1898
1926
1922
1925
1858
1858
1885
1911
1876
1919
1898
1898
1929
1890
1916
1867
1915
1908
1926
1896
1897
1923
1885
1877
1886
1924
1915
1920
1886
1891
1922
1890
1924
1909
1933
1939
1906
1913
