1917
1906
1932
1890
1913
1884
1918
1893
1920
1915
1908
1907
1913
1924
1897
1893
1904
1935
1929
1901
1927
1930
1932
1894
1915
1918
1910
1936
1909
1907
1939
1918
1918
1925
1924
1898
1938
1920
1944
1892
1891
1928
1887
1911
1925
1928
1926
1891
1924
1929
1907
1900
1925
1894
1924
1866
1880
1887
1922
1920
1916
1930
1926
1894
1920
1932
1913
1920
1906
1914
1895
1930
1891
1924
1925
1879
1905
1911
1904
1898
1918
1908
1939
1925
1879
1892
1929
1916
1943
1914
1937
1905
1939
1923
1933
1876
1922
1924
1892
1914
1923
1923
1915
1899
1927
1893
1924
1893
1910
1902
1924
1906
1930
1896
1901
1921
1920
1891
1896
1913
1913
1915
1893
1926
1926
1922
1916
1919
1911
1893
1915
1915
1873
1923
1912
1921
1926
1881
1881
1896
1924
1898
1925
1884
1900
1935
1893
1912
1939
1908
1934
1908
1920
1917
1886
1886
1907
1916
1930
1915
1911
1914
1915
1888
1916
1886
1910
1907
1924
1921
1893
1915
1911
1911
1880
1913
1913
1898
1910
1910
1939
1912
1895
