1891
1891
1929
1929
1915
1915
1936
1936
1905
1905
1927
1927
1932
1932
1903
1903
1901
1901
1869
1869
1903
1903
1927
1927
1936
1936
1900
1900
1903
1903
1905
1905
1898
1869
1898
1869
1936
1936
1929
1929
1899
1899
1925
1925
1902
1902
1933
1933
1902
1902
1930
1930
1929
1929
1887
1887
1900
1900
1866
1866
1869
1869
1915
1915
1901
1901
1899
1899
1930
1930
1888
1888
1895
1895
1923
1923
1864
1864
1901
1901
1862
1862
1894
1894
1922
1922
1896
1896
1892
1892
1886
1886
1888
1888
1922
1922
1917
1917
1896
1896
1900
1900
1912
1912
1879
1879
1923
1923
1914
1914
1910
1910
1882
1882
1910
1910
1908
1908
1881
1881
1892
1892
1893
1893
1912
1912
1916
1916
1919
1919
1885
1885
1890
1890
1892
1892
1894
1894
1926
1926
1928
1928
1868
1875
1875
1868
1898
1898
1932
1932
1858
1858
1904
1904
1902
1902
1925
1925
1888
1888
1919
1919
1892
1892
1933
1933
1904
1904
1909
1909
1910
1910
1890
1890
1919
1919
