1930
1930
1897
1897
1895
1895
1931
1931
1928
1928
1902
1902
1935
1935
1867
1867
1928
1928
1909
1909
1908
1908
1939
1939
1937
1937
1885
1885
1895
1895
1878
1878
1879
1879
1919
1919
1917
1917
1913
1913
1918
1918
1937
1937
1909
1909
1911
1911
1908
1908
1925
1925
1920
1920
1922
1922
1897
1897
1890
1890
1895
1895
1924
1924
1890
1890
1902
1902
1871
1871
1914
1914
1912
1912
1905
1905
1893
1893
1923
1923
1914
1914
1917
1917
1928
1928
1920
1920
1894
1894
1918
1918
1924
1924
1903
1903
1903
1903
1922
1922
1880
1880
1889
1889
1911
1911
1913
1913
1916
1916
1919
1919
1924
1924
1926
1926
1923
1923
1897
1897
1927
1927
1894
1894
1874
1874
1932
1932
1908
1908
1936
1936
1906
1906
1869
1869
1871
1871
1897
1897
1909
1909
1896
1896
1928
1928
1924
1924
1924
1924
1918
1918
1919
1919
1864
1864
1889
1889
1919
1919
1912
1912
1913
1913
1888
1888
1925
1925
1880
1880
1874
1874
1873
1873
1922
1922
1895
1895
1897
1897
1924
1924
1898
1898
1899
1899
1890
1890
1917
1917
1891
1891
1925
1925
1913
1913
1911
1911
1929
1929
1927
1927
1888
1888
1889
1889
1920
1920
1905
1905
1939
1939
1934
1934
1902
1902
1902
1902
1930
1930
1936
1936
1914
1914
1917
1917
1880
1880
1883
1883
1910
1910
1915
1915
1905
1905
1871
1871
1938
1938
1929
1929
1900
1900
1926
1926
1900
1900
1898
1898
1925
1925
1903
1903
1929
1929
1931
1931
1901
1901
1915
1915
1917
1917
1879
1879
1911
1911
1938
1938
1875
1875
1877
1877
1915
1915
1915
1915
1918
1918
1909
1909
1880
1880
1859
1859
1888
1888
1900
1900
1886
1886
1918
1918
1927
1927
1891
1891
1893
1893
1932
1932
1937
1937
1916
1916
1913
1913
1925
1925
1891
1891
1897
1897
1929
1929
1919
1919
1931
1931
1927
1927
1891
1891
1916
1916
1914
1914
1923
1923
1886
1886
1912
1912
1914
1914
1939
1939
1904
1904
1907
1907
1934
1934
1912
1912
1909
1909
1903
1903
1940
1940
1903
1903
1874
1874
1874
1874
1865
1865
1933
1933
1925
1925
1896
1896
1904
1904
1928
1928
1927
1927
1897
1897
1887
1887
1924
1924
1907
1907
1908
1908
1870
1870
1916
1916
1931
1931
1912
1912
1902
1902
1910
1910
1900
1900
1927
1927
1924
1924
1925
1925
1862
1862
1900
1900
1896
1896
1904
1904
1864
1864
1892
1892
1869
1869
1932
1932
1936
1936
1903
1903
1878
1878
1868
1868
1899
1899
1927
1927
1930
1930
1898
1898
1935
1935
1907
1907
1938
1938
1908
1908
1909
1909
1909
1909
1911
1911
