1901
1904
1892
1922
1889
1904
1897
1896
1895
1892
1914
1914
1900
1892
1899
1901
1909
1902
1893
1915
1927
1900
1927
1929
1907
1900
1913
1901
1879
1884
1887
1879
1895
1914
1919
1871
1901
1928
1932
1900
1938
1935
1925
1915
1938
1898
1931
1933
1865
1875
1906
1882
1880
1914
1937
1911
1939
1876
1893
1890
1899
1890
1891
1877
1911
1883
1916
1880
1895
1879
1877
1876
1889
1925
1925
1896
1927
1894
1877
1878
1881
1884
1888
1879
1923
1910
1914
1879
1886
1877
1924
1930
1927
1872
1872
1907
1914
1916
1878
1893
1939
1885
1917
1923
1942
1909
1925
1913
1916
1930
1925
1928
1875
1917
1942
1913
1914
1919
1942
1886
1896
1932
1899
1927
1923
1925
1939
1880
1879
1890
1879
1915
1879
1881
1920
1887
1912
1910
1905
1881
1881
1874
1882
1901
1904
1916
1918
1875
1881
1882
1900
1892
1915
1905
1936
1899
1873
1906
1906
1879
1873
1891
1876
1906
1906
1892
1934
1931
1926
1887
1923
1943
1887
1921
1918
1882
1913
1930
1899
1891
1920
1923
1900
1932
1899
1897
1889
1922
1925
1857
1921
1880
1891
1924
1923
1913
1888
1886
1878
1883
1876
1887
1903
1930
1903
1912
1918
1880
1891
1893
1893
1921
1917
1881
1881
1883
1886
1927
1927
1923
1892
1926
1892
1923
1921
1891
1897
1885
1897
1888
1942
1882
1899
1879
1885
1879
1908
1882
1899
1937
1939
1935
1909
1933
1871
1891
1873
1920
1880
1887
1889
1924
1922
1890
1887
1907
1919
1912
1880
1878
1860
1897
1874
1931
1930
1907
1901
1873
1937
1913
1914
1886
1886
1880
1882
1882
1886
1919
1884
1886
1908
1910
1907
1883
1889
1922
1914
1916
1890
1886
1881
1884
1910
1931
1904
1937
1895
1891
1921
1924
1928
1900
1919
1895
1933
1924
1929
1926
1896
1922
1890
1889
1912
1907
1935
1908
1925
1896
1927
1888
1920
1888
1927
1929
1912
1898
1916
1880
1879
1894
1889
1901
1922
1897
1924
1920
1897
1925
1890
1896
1928
1912
1931
1903
1876
1903
1927
1898
1898
1904
1923
1930
1895
1927
1884
1899
1887
1916
1912
1899
1877
1892
1927
1930
1902
1933
1910
1902
1914
1887
1909
1912
1937
1939
1916
1941
1913
1906
1892
1912
