1920
1888
1886
1891
1875
1876
1938
1914
1887
1926
1923
1928
1919
1897
1895
1899
1865
1865
1906
1923
1863
1893
1893
1863
1905
1872
1903
1874
1904
1910
1880
1916
1940
1908
1914
1888
1905
1936
1931
1928
1939
1898
1930
1925
1896
1902
1936
1892
1933
1896
1922
1925
1897
1924
1922
1897
1921
1898
1928
1930
1896
1932
1913
1940
1936
1903
1898
1897
1925
1940
1914
1887
1907
1921
1902
1899
1930
1899
1937
1906
1873
1888
1914
1930
1925
1896
1922
1895
1927
1925
1900
1930
1898
1921
1910
1938
1880
1930
1896
1922
1895
1893
1930
1906
1910
1896
1905
1891
1868
1934
1928
1933
1906
1938
1930
1905
1898
1932
1927
1924
1887
1922
1902
1932
1936
1905
1910
