1874
1885
1894
1906
1895
1893
1878
1901
1898
1865
1908
1937
1901
1909
1912
1878
1897
1926
1929
1897
1932
1929
1894
1881
1930
1897
1929
1893
1884
1922
1887
1918
1920
1923
1914
1891
1886
1914
1919
1891
1921
1888
1925
1927
1881
1883
1916
1884
1886
1926
1902
1937
1910
1934
1915
1930
1904
1927
1904
1916
1917
1889
1928
1920
1920
1884
1887
1926
1903
1926
1920
1892
1897
1922
1860
1926
1937
1930
1924
1874
1924
1893
1920
1893
1922
1931
1878
1926
1895
1910
1920
1910
1933
1915
1875
1881
1914
1923
1931
1893
1926
1929
1938
1927
1929
1904
1896
1913
1902
1897
1926
1917
1884
1886
1904
1932
1936
1909
1926
1900
1870
1877
1931
1902
1927
1928
1929
1871
1880
1885
1883
1900
1894
1892
1886
1909
1882
1902
1887
1899
1881
1900
1869
1915
1905
1917
1875
1881
1877
1901
1926
1887
1898
1898
