1905
1912
1887
1909
1923
1893
1913
1885
1885
1911
1893
1893
1924
1910
1937
1932
1906
1866
1927
1888
1883
1923
1920
1925
1935
1935
1905
1905
1906
1906
1936
1933
1933
1936
1879
1879
1921
1916
1895
1893
1920
1920
1929
1927
1927
1895
1895
1917
1917
1922
1922
1924
1924
1929
1933
1931
1928
1898
1898
1925
1925
1915
1878
1884
1885
1898
1898
1900
1900
1895
1895
1928
1928
1918
1896
1896
1883
1883
1922
1922
1918
1918
1920
1920
1878
1878
1938
1938
1910
1910
1909
1909
1919
1914
1920
1887
1884
1911
1918
1926
1923
1923
1920
1920
1896
1896
1929
1929
1933
1933
1897
1897
1924
1924
1937
1902
1912
1935
1883
1878
1916
1897
1902
1929
1927
1927
1908
1908
1903
1903
1932
1932
1908
1908
1903
1903
1892
1884
1919
1895
1893
1916
1920
1920
1903
1907
1907
1938
1903
1896
1933
1928
1901
1903
1912
1908
1931
1898
1898
1920
1907
1888
1931
1924
1924
1931
1899
1899
1920
1888
1932
1903
1907
1912
1885
1899
1911
1927
1927
1896
1914
1905
1898
1940
1928
1914
1940
1887
1919
1922
1928
1921
1917
1913
1930
1930
1907
1907
1909
1909
1922
1928
1890
1921
1917
1890
1902
1903
1923
1894
1894
1925
1925
1887
1887
1923
1923
1875
1885
1908
1909
1909
1903
1914
1880
1910
1911
1940
1922
1922
1888
1887
1912
1884
1925
1927
1918
1900
1932
1902
1929
1923
1904
1904
1918
1913
1913
1894
1891
1921
1921
1918
1913
1920
1936
1910
1908
1939
1921
1896
1921
1911
1898
1927
1874
1915
1871
1889
1889
1921
1924
1884
1889
1904
1904
1900
1900
1931
1931
1918
1918
1921
1921
1913
1910
1867
1895
1917
1909
1941
1919
1888
1918
1934
1896
1908
1874
1888
1923
1896
1919
1919
1889
1883
1884
1884
1887
1934
1932
1930
1908
1928
1908
1887
1929
1927
1889
1920
1922
1886
1922
1886
1880
1891
1886
1924
1898
1898
1901
1901
1890
1899
1871
1916
1890
1890
1885
1885
1903
1890
1894
1894
1892
1892
1886
1886
1897
1892
1926
1929
1914
1882
1919
1881
1921
1911
1920
1920
1920
1920
1892
1892
1924
1924
1914
1914
1902
1902
1931
1931
1902
1902
1927
1927
1914
1871
1906
1870
1881
1903
1933
1938
1910
1910
1936
1936
1933
1933
1914
1875
1896
1894
1876
1880
1886
1931
1898
1942
1924
1905
1905
