1910
1904
1901
1910
1917
1902
1913
1912
1907
1897
1891
1902
1901
1904
1922
1897
1919
1911
1899
1895
1874
1887
1915
1901
1904
1902
1922
1915
1915
1920
1900
1916
1914
1908
1887
1889
1905
1920
1920
1902
1905
1911
1902
1917
1890
1921
1900
1899
1887
1897
1899
1896
1909
1913
1921
1907
1909
1905
1923
1908
1913
1902
1917
1908
1920
1916
1904
1897
1898
1896
1908
1894
1910
1915
1917
1910
1889
1901
1912
1921
1923
1898
1907
1912
1920
1910
1914
1913
1905
1907
1910
1883
1925
1898
1906
1890
1915
1901
1905
1918
1911
1892
1898
1902
1874
1912
1904
1895
1905
1901
1915
1910
1910
1891
1906
1910
1888
1903
