1912
1912
1937
1937
1907
1907
1906
1906
1902
1902
1937
1937
1900
1900
1917
1927
1927
1917
1884
1884
1879
1879
1906
1906
1907
1907
1916
1916
1884
1884
1914
1914
1886
1886
1900
1900
1896
1896
1929
1929
1905
1905
1924
1924
1886
1886
1912
1912
1912
1912
1932
1932
1927
1927
1906
1906
1903
1903
1903
1903
1934
1936
1936
1934
1934
1934
1897
1897
1938
1938
1881
1881
1881
1881
1936
1936
1900
1900
1908
1908
1889
1889
1938
1938
1900
1900
1931
1931
1928
1928
1926
1926
1924
1924
1935
1935
1922
1922
1902
1902
1904
1904
1900
1900
1928
1928
1900
1900
1913
1913
1934
1934
1933
1933
1910
1910
1874
1874
1876
1876
1871
1871
1918
1918
1918
1918
1899
1899
1896
1896
1876
1876
1883
1883
1913
1913
1919
1919
1937
1937
1911
1911
1938
1938
1911
1911
1892
1892
1893
1893
1926
1926
1901
1901
1885
1885
1925
1925
1889
1889
1922
1922
1906
1906
1906
1906
1929
1929
1900
1900
1892
1892
1937
1937
1906
1906
1899
1899
1906
1906
1883
1883
1904
1904
1895
1895
1893
1893
1884
1884
1927
1927
1888
1888
1883
1883
1926
1926
1904
1904
1909
1909
1929
1929
1929
1929
1912
1912
1912
1912
1910
1910
1911
1911
1921
1921
1914
1914
1890
1890
1903
1903
1908
1908
1912
1912
1927
1927
