1929
1928
1887
1920
1913
1925
1934
1897
1923
1896
1884
1896
1904
1899
1926
1938
1906
1932
1932
1898
1897
1929
1926
1926
1875
1901
1912
1906
1939
1938
1933
1922
1925
1939
1902
1900
1896
1898
1912
1906
1880
1884
1912
1922
1918
1879
1878
1931
1925
1895
1900
1928
1920
1917
1923
1915
1919
1895
1893
1876
1918
1916
1886
1891
1935
1907
1886
1897
1908
1904
1928
1912
1911
1942
1909
1903
1908
1905
1937
1929
1911
1916
1916
1912
1938
1934
1909
1913
1937
1915
1923
1926
1930
1889
1896
1911
1925
1924
1918
1915
1888
1915
1877
1924
1891
1892
1923
1919
1915
1932
1906
1912
1932
1928
1885
1900
1906
1927
1930
1926
1901
1935
1908
1921
1922
1926
1913
1924
1926
1903
1907
1934
1905
1930
1888
1926
1910
1921
1924
1890
1928
1898
1925
1898
1934
1936
1910
1910
1941
1918
1926
1890
1896
1858
1923
1880
1916
1883
1905
1877
1903
1928
1914
1935
1875
1900
1928
1904
1903
1933
1926
1937
1911
1900
1909
1906
1938
1933
1937
1910
1909
1898
1920
1932
1934
1906
1906
1901
1930
1863
1935
1904
1925
1908
1913
1915
1880
1920
1924
1914
1896
1901
1901
1927
1925
1924
1930
1938
1903
1911
1920
1932
1920
1890
1929
1889
1925
1919
1941
1894
1872
1875
1910
1914
1921
1926
1902
1941
1907
1924
1925
1920
1892
1891
1887
