1911
1886
1926
1916
1913
1924
1887
1908
1912
1920
1899
1927
1922
1910
1909
1937
1921
1891
1911
1935
1899
1939
1913
1922
1918
1916
1902
1879
1916
1917
1919
1894
1923
1919
1919
1891
1891
1891
1919
1925
1912
1889
1924
1906
1934
1906
1920
1923
1918
1930
1890
1906
1930
1930
1925
1900
1923
1878
1878
1919
1914
1909
1906
1878
1918
1916
1929
1900
1889
1928
1907
1937
1896
1879
1936
1906
1910
1934
1911
1909
1935
1881
1924
1927
1923
1888
1916
1921
1923
1886
1938
1907
1924
1917
1921
1890
1892
1926
1906
1872
1912
1911
1914
1920
1920
1894
1916
1875
1894
