1919
1919
1909
1909
1938
1938
1881
1881
1924
1924
1926
1926
1907
1907
1928
1928
1885
1885
1910
1910
1920
1920
1916
1916
1925
1925
1882
1882
1924
1924
1865
1865
1903
1903
1908
1908
1874
1874
1920
1920
1929
1929
1933
1933
1925
1925
1923
1923
1933
1933
1908
1908
1899
1899
1928
1928
1887
1887
1935
1935
1892
1892
1922
1922
1895
1895
1940
1940
1909
1909
1889
1889
1887
1887
1870
1870
1904
1904
1909
1909
1899
1899
1928
1928
1927
1927
1900
1900
1899
1899
1912
1912
1909
1909
1880
1880
1925
1925
1893
1893
1873
1873
1924
1924
1906
1906
1912
1912
1913
1913
1938
1938
1901
1901
1897
1897
1903
1903
1930
1930
1905
1905
1935
1935
1864
1864
1907
1907
1895
1895
1897
1897
1924
1924
1932
1932
1925
1925
1908
1908
1913
1913
1876
1876
1911
1911
1934
1934
1880
1880
1937
1937
1917
1917
1892
1892
1866
1866
1912
1912
1914
1914
1939
1939
1912
1912
1910
1910
1921
1921
1911
1911
1925
1925
1878
1878
1879
1879
1886
1886
1928
1928
1889
1889
