1920
1907
1918
1916
1911
1862
1916
1917
1907
1902
1903
1894
1921
1921
1915
1903
1884
1893
1919
1920
1910
1909
1919
1916
1893
1893
1905
1917
1910
1914
1868
1915
1882
1900
1902
1872
1907
1907
1900
1918
1912
1873
1909
1910
1912
1895
1895
1916
1915
1902
1910
1917
1913
1918
1895
1876
1895
1916
1899
1895
1896
1896
1922
1900
1918
1894
1925
1903
1903
1891
1909
1916
1917
1913
1902
1918
1882
1897
1879
1907
1910
1901
1912
1908
1888
1895
1869
1895
1901
1902
1919
1906
1906
1920
1923
1912
1916
1907
1920
1919
1914
1909
1916
1892
1907
1900
1909
1900
1905
1875
1909
1909
1918
1896
1894
1896
1880
1879
1916
1913
1913
1875
1912
1904
1916
1919
1918
1916
1918
1918
1911
1913
1900
1887
1907
1915
1875
1916
1911
1911
1907
1894
1910
1916
1916
1904
1923
1896
1884
1916
1916
1918
1916
1919
1915
1913
1916
1919
1914
1908
1915
1919
1921
1919
1916
1886
1896
1921
1903
1907
1918
1912
1920
1919
1914
1915
1915
1923
1904
1890
1890
1914
1909
1902
1894
1898
1884
1922
1894
1894
1893
1921
1917
1905
1904
1906
1916
1920
1897
1897
1892
1920
1908
1914
1916
1900
1916
1908
1915
1914
1909
1919
1916
1885
1887
1916
1916
1918
1914
1908
1894
1918
1909
1916
1916
1912
1919
1918
1879
1897
1916
1901
1911
1868
1909
1920
1916
1918
1911
1887
1887
1915
1889
1886
1922
1869
1914
1920
1913
1875
1888
1908
1915
1914
1867
1918
1874
1905
1914
1925
1914
1892
1885
1899
1915
1884
1903
1889
1922
1885
1913
1913
1921
1915
1915
1923
1917
1919
1891
1878
1878
1918
1908
1907
1893
1913
1916
1909
1909
1873
1892
1915
1904
1919
1918
1912
1918
1914
1915
1907
1912
1882
1894
1883
1885
1869
1908
1911
1886
1902
1902
1918
1919
1915
1892
1904
1906
1907
1892
1908
1891
1890
1890
1915
1921
1876
1877
1904
1899
1923
1904
1919
1878
1919
1889
1899
1918
1910
1903
1912
1880
1869
1897
1919
1895
1923
1921
1908
1898
1912
1915
1898
1921
1914
1908
1886
1922
1882
1905
1902
1902
1915
1916
1911
1890
1913
1905
1919
1887
1909
1915
1918
1887
1906
1912
1917
1879
1905
1888
1912
1922
1916
1919
1895
1889
1923
1887
1915
1919
1913
1894
1894
1892
1910
1908
1914
1910
1919
1915
1916
1917
1918
1903
1912
1878
1914
1919
1916
1916
1865
1886
1881
1887
1916
1916
1915
1898
1880
1921
1923
1906
1919
1911
1893
1912
1920
1914
1916
1899
1898
1904
1897
1918
1906
1900
1910
1913
1919
1902
1917
1914
1912
1909
1912
1874
1891
1885
1883
1881
1882
1918
1884
1883
1911
1916
1905
1918
1916
1906
1893
1918
1920
1896
1915
1897
1895
1886
1899
1908
1908
1902
1918
1918
1921
1918
1892
1899
1915
1903
1895
1910
1916
1904
1895
1906
1907
1908
1913
1879
1886
1902
1906
1874
1911
1913
1909
1909
1923
1916
1907
1918
1923
1889
1897
1915
1883
1892
1883
1918
1915
1918
1916
1881
1919
1917
1917
1901
1897
1916
1909
1918
1919
1878
1885
1895
1893
1920
1908
1869
1915
1902
1892
1874
1896
1899
1877
1877
1872
1902
1918
1918
1920
1912
1873
1879
1896
1921
1883
1880
1880
1905
1902
1891
1886
1915
1915
1917
1887
1898
1920
1891
1896
1896
1907
1916
1909
1912
1919
1918
1916
1916
1915
1918
1900
1909
1917
1918
1878
1878
1917
1894
1903
1915
1915
1910
1911
1881
1914
1914
1918
1877
1902
1875
1909
1917
1876
1920
1915
1918
1918
1888
1915
1895
1887
1868
1898
1896
1907
1900
1906
1906
1890
1905
1876
1908
1918
1916
1924
1888
1893
1893
1900
1918
1912
1900
1900
1919
1922
1910
1894
1907
1889
1919
1919
1913
1884
1907
1915
1892
1884
1910
1897
1895
1911
1915
1916
1905
1885
1883
1861
1902
1911
1913
1895
1889
1900
1899
1920
1895
1922
1911
1916
1901
1876
1876
1904
1909
1887
1882
1878
1894
1895
1898
1915
1920
1892
1901
1876
1909
1918
1915
1888
1887
1888
1918
1899
1912
1915
1901
1902
1875
1916
1910
1874
1908
1908
1892
1892
1920
1923
1915
1908
1916
1892
1910
1885
1919
1909
1877
1876
1888
1918
1919
1877
1907
1912
1907
1913
1912
1910
1880
1918
1914
1921
1909
1878
1903
1916
1910
1914
1915
1895
1918
1890
1914
1908
1908
1907
1915
1909
1905
1917
1922
1918
1918
1916
1883
1915
1899
1887
1883
1886
1892
1914
1901
1906
1915
1915
1891
1910
1905
1905
1876
1873
1899
1895
1885
1894
1915
1915
1922
1885
1918
1911
1908
1916
1874
1905
1867
1909
1908
1915
1894
1916
1918
1918
1881
1916
1885
1910
1906
1921
1890
1890
1918
1894
1876
1912
1915
1919
1920
1894
1918
1918
1891
1915
1893
1917
1919
1900
1905
1909
1897
1913
1914
1897
1908
1908
1915
1897
1906
1865
1918
1900
1915
1898
1911
1915
1915
1909
1916
1880
1912
1921
1900
1910
1905
1904
1893
1921
1857
1919
1892
1908
1894
1916
1906
1889
1916
1915
1894
1922
1913
1916
1898
1922
1892
1902
1918
1902
1896
1893
1904
1909
1914
1901
1923
1894
1878
1919
1916
1905
1902
1918
1918
1915
1906
1898
1869
1878
1920
1918
1912
1910
1913
1907
1922
1908
1913
1919
1875
1905
1905
1896
1892
1916
1916
1902
1919
1918
1907
1902
1915
1894
1910
1898
1905
1892
1911
1902
1885
1921
1910
1916
1916
1867
1887
1912
1916
1871
1886
1917
1922
1900
1891
1893
1922
1904
1893
1922
1898
1923
1819
1882
1894
1903
1903
1905
1815
1916
1922
1902
1873
1882
1882
1882
1888
1909
1906
1859
1917
1916
1916
1918
1905
1883
1921
1915
1889
1915
1918
1890
1916
1918
1921
1919
1915
1888
1907
1903
1906
1884
1901
1904
1915
1917
1902
1904
1910
1907
1886
1897
1884
1913
1909
1912
1878
1879
1916
1911
1910
1892
1920
1919
1916
1905
1886
1919
1880
1893
1908
1909
1913
1873
1916
1916
1916
1894
1907
1908
1903
1918
1921
1921
1896
1905
1921
1889
1878
1885
1920
1908
1919
1918
1887
1922
1885
1914
1882
1910
1891
1915
1915
1907
1916
1921
1875
1923
1891
1898
1918
1882
1916
1907
1911
1898
1918
1916
1918
1916
1918
1913
1914
1920
1894
1869
1918
1908
1898
1918
1881
1897
1883
1886
1892
1912
1907
1901
1920
1908
1916
1904
1915
1907
1886
1910
1894
1915
1900
1901
1900
1900
1916
1916
1899
1915
1915
1908
1910
1916
1889
1885
1904
1919
1889
1919
1914
1909
1901
1909
1898
1923
1913
1911
1907
1903
1919
1908
1886
1909
1904
1916
1917
1915
1878
1884
1886
1909
1904
1904
1876
1905
1905
1916
1900
1900
1901
1903
1908
1909
1869
1868
1916
1916
1886
1901
1901
1907
1905
1905
1916
1882
1901
1918
1911
1908
1918
1905
1882
1879
1916
1918
1908
1915
1919
1912
