1918
1918
1933
1933
1929
1929
1908
1908
1905
1905
1927
1927
1925
1925
1925
1925
1918
1918
1885
1885
1909
1909
1936
1936
1889
1889
1888
1888
1924
1924
1932
1932
1906
1906
1904
1904
1912
1912
1905
1905
1900
1900
1910
1910
1925
1925
1906
1906
1931
1931
1898
1898
1913
1913
1926
1926
1900
1900
1893
1893
1908
1908
1934
1934
1922
1922
1927
1927
1900
1900
1921
1921
1886
1886
1924
1924
1894
1894
1903
1903
1916
1916
1937
1937
1912
1912
1927
1927
1901
1901
1896
1896
1929
1929
1925
1925
1917
1917
1923
1923
1913
1913
1910
1910
1935
1935
1934
1934
1904
1904
1936
1936
1924
1924
1922
1922
1896
1896
1927
1927
1932
1932
1925
1925
1900
1900
1886
1886
1926
1926
1898
1898
1872
1872
1900
1900
1914
1914
1914
1914
1909
1909
1914
1914
1935
1935
1928
1928
1897
1897
1923
1923
1931
1931
1905
1905
1929
1929
1904
1904
1894
1894
1928
1928
1929
1929
1896
1896
1906
1906
1937
1937
1883
1883
1921
1921
1918
1918
1922
1922
1892
1892
1917
1917
1893
1893
1928
1928
1934
1934
1899
1899
1919
1919
1905
1905
1902
1902
1920
1920
1904
1904
1904
1904
1931
1931
1929
1929
1944
1944
1915
1915
1911
1911
1927
1927
1919
1919
1923
1923
1892
1892
1925
1925
1903
1903
1932
1932
1906
1906
1921
1921
1904
1904
1910
1910
1933
1933
1913
1913
1927
1927
1896
1896
1901
1901
1910
1910
1935
1935
1913
1913
1936
1936
1934
1934
1908
1908
1895
1895
1932
1932
1907
1907
1920
1920
1928
1928
1911
1911
1938
1938
1914
1914
1885
1885
1920
1920
1879
1879
1893
1893
1923
1923
1922
1922
1918
1918
1893
1893
1926
1926
1933
1933
1907
1907
1913
1913
1921
1921
1885
1885
1930
1930
1917
1917
1906
1906
1902
1902
1940
1940
1908
1908
1906
1906
1909
1909
1938
1938
1915
1915
1944
1944
1928
1928
1897
1897
1902
1902
1927
1927
1893
1893
1917
1917
1925
1925
1910
1910
1934
1934
1939
1939
1917
1917
1927
1927
1894
1894
1918
1918
1914
1914
1891
1891
1920
1920
1923
1923
1914
1914
1927
1927
1925
1925
1926
1926
1927
1927
1907
1907
1905
1905
1899
1899
1927
1927
1902
1902
1895
1895
1906
1906
1911
1911
1918
1918
1921
1921
1919
1919
1934
1934
1940
1940
1936
1936
1909
1909
1937
1937
1913
1913
1909
1909
1928
1928
1907
1907
1935
1935
1900
1900
1909
1909
1908
1908
1932
1932
1939
1939
1933
1933
1939
1939
1925
1925
1897
1897
1915
1915
1918
1918
1942
1942
1920
1920
1915
1915
1938
1938
1909
1909
1939
1939
1936
1936
1878
1878
1908
1908
1900
1900
1916
1916
1921
1921
1927
1927
1920
1920
1922
1922
1922
1922
1911
1911
1904
1904
1910
1910
1899
1899
1907
1907
1924
1924
1910
1910
1907
1907
1939
1939
1904
1904
1900
1900
1909
1909
