1885
1885
1920
1920
1932
1932
1935
1935
1905
1905
1926
1926
1902
1902
1913
1913
1912
1912
1906
1906
1903
1903
1917
1907
1907
1917
1896
1896
1923
1923
1893
1893
1922
1922
1892
1892
1928
1928
1931
1931
1923
1923
1929
1929
1914
1914
1912
1912
1932
1932
1887
1887
1930
1930
1908
1908
1905
1905
1933
1933
1910
1910
1936
1936
1910
1910
1920
1920
1914
1914
1872
1872
1911
1911
1916
1916
1916
1916
1877
1877
1913
1913
1918
1918
1925
1925
1889
1889
1922
1922
1891
1891
1889
1889
1921
1921
1907
1907
1932
1932
1928
1928
1930
1930
1916
1916
1912
1912
1919
1919
1909
1909
1910
1910
1908
1908
1935
1935
1869
1869
1915
1915
1913
1913
1925
1925
1914
1914
1927
1927
1930
1930
1920
1920
1922
1922
1920
1920
1910
1910
1912
1912
1884
1884
1918
1918
1926
1922
1919
1926
1922
1919
1915
1915
1911
1911
1878
1878
1942
1942
1912
1912
1911
1911
1936
1909
1936
1909
1899
1899
1915
1915
1907
1907
1923
1923
1898
1898
1919
1919
1901
1901
1929
1929
1878
1878
1878
1878
1936
1936
1899
1899
1919
1919
1904
1904
1899
1899
1928
1928
1901
1901
1909
1909
1907
1907
1897
1897
1868
1868
1892
1892
1923
1923
1928
1928
1900
1900
1917
1917
1877
1877
1901
1901
1909
1909
1892
1892
1928
1928
1894
1894
1896
1896
1916
1916
1921
1921
1898
1898
1925
1925
1911
1911
1938
1938
1938
1938
1924
1924
1908
1908
1898
1898
1897
1897
1903
1903
1932
1932
1901
1901
1900
1900
1913
1913
1925
1925
1894
1894
1928
1928
1926
1926
1927
1927
1889
1889
1902
1902
1921
1921
1916
1916
1909
1909
1937
1937
1899
1899
1930
1930
1924
1924
1891
1891
1916
1916
1925
1925
