1920
1877
1904
1918
1913
1914
1919
1920
1915
1926
1909
1920
1907
1916
1919
1927
1921
1887
1922
1919
1921
1915
1914
1908
1887
1880
1920
1919
1920
1889
1924
1904
1917
1931
1924
1920
1910
1919
1894
1924
1925
1903
1921
1900
1911
1892
1902
1928
1910
1903
1924
1906
1899
1922
1910
1904
1910
1893
1920
1910
1911
1921
1887
1922
1912
1924
1899
1927
1919
1892
1925
1924
1895
1905
1925
1923
1921
1912
1919
1912
1923
1909
1899
1909
1899
1904
1908
1913
1920
1922
1923
1922
1919
1893
1902
1888
1923
1926
1903
1926
1895
1918
1919
1894
1921
1922
1921
1902
1910
1923
1919
1927
1907
1926
1907
1921
1883
1907
1903
1907
1923
1906
1924
1920
1920
1911
1920
1907
1907
1917
1904
1895
1922
1896
1905
1904
1923
1887
1915
1896
1911
1910
1912
1924
1919
1919
1912
1896
1925
1910
1922
1924
1918
1923
1924
1902
1921
1913
1914
1906
1906
1907
1924
1914
1925
1916
1921
1912
1916
1906
1927
1906
1878
1923
1924
1906
1921
1916
1914
1924
1918
1905
1905
1902
1920
1910
1900
1904
1924
1910
1894
1905
1916
1890
1922
1887
1921
1919
1921
1909
1905
1901
1900
1905
1922
1889
1900
1919
1902
1916
1908
1900
1906
1920
1924
1901
1917
1913
1897
1909
1929
1914
1905
1901
1924
1904
1919
1924
1922
1926
1917
1906
1924
1900
1931
1898
1896
1925
1881
1904
1913
1904
1924
1917
1925
1906
1898
1898
1902
1926
1896
1923
1920
1916
1925
1923
1878
1923
1909
1916
1904
1902
1920
1919
1921
1924
1907
1920
1908
1901
1911
1910
1920
1912
1909
1923
1911
1902
1929
1922
1918
1899
1924
1921
1924
1912
1904
1905
1901
1917
1902
1905
1906
1905
1923
1905
1907
1906
1923
1924
1901
1925
1914
1910
1920
1923
1922
1901
1913
1923
1925
1918
1907
1917
1891
1917
1922
1896
1916
1918
1924
1904
1924
1912
1905
1921
1923
1903
1918
1923
1926
1911
1908
1920
1904
1901
1901
1896
1924
1920
1922
1887
1918
1904
1916
1903
1888
1925
1922
1920
1902
1914
1919
1916
1907
1918
1913
1927
1885
1923
1913
1894
1928
1890
1919
1917
1913
1909
1904
1904
1907
1900
1917
1889
1910
1897
1915
1895
1926
1899
1915
1912
1900
1902
1911
1931
1894
1923
1887
1893
1918
1888
1926
1920
1912
1909
1897
1922
1921
1919
1919
1919
1921
1898
1920
1922
1917
1915
1901
1924
1923
1918
1905
1906
1913
1926
1889
1920
1917
1911
1916
1922
1896
1920
1925
1913
1888
1912
1914
1922
1923
1918
1922
1902
1907
1924
1926
1926
1890
1925
1892
1922
1923
1902
1904
1912
1905
1918
1898
1890
1918
1890
1920
1905
1922
1908
1914
1906
1905
1903
1922
1922
1907
1920
1919
1908
1900
1893
1899
1914
1910
1927
1910
1908
1906
1887
1928
1920
1924
1925
1903
1924
1921
1915
1908
1901
1923
1904
1903
1926
1894
1889
1902
1909
1919
1902
1920
1920
1919
1924
1911
1887
1922
1903
1922
1913
1915
1905
1895
1905
1925
1910
1897
1921
1925
1883
1918
1897
1884
1879
1913
1912
1891
1901
1924
1917
1920
1902
1911
1913
1913
1927
1918
1918
1912
1903
1902
1913
1902
1919
1917
1912
1874
1898
1924
1921
1922
1900
1925
1921
1921
1916
1924
1923
1901
1920
1925
1916
1893
1893
1913
1908
1927
1925
1919
1918
1906
1891
1922
1920
1918
1927
1894
1894
1912
1924
1923
1912
1903
1918
1924
1927
1922
1925
1920
1908
1923
1907
1925
1926
1926
1902
1925
1924
1920
1900
1924
1922
1924
1918
1922
1913
1894
1908
1894
1909
1901
1887
1894
1894
1915
1927
1925
1906
1921
1898
1881
1907
1924
1924
1908
1914
1921
1923
1926
1911
1919
1922
1926
1914
1912
1904
1901
1898
1897
1916
1919
1894
1896
1902
1894
1916
1902
1905
1915
1901
1910
1901
1889
1904
1906
1902
1925
1885
1921
1888
1920
1906
1915
1907
1914
1901
1898
1906
1923
1922
1898
1898
1905
1901
1918
1918
1888
1910
1914
1918
1921
1895
1911
1913
1923
1906
1894
1905
1909
1908
1892
1916
1911
1902
1923
1908
1903
1922
1907
1916
1922
1897
1914
1925
1920
1926
1901
1920
1896
1908
1928
1905
1920
1912
1911
1914
1900
1894
1906
1908
1903
1924
1925
1891
1907
1919
1906
1915
1916
1921
1923
1921
1917
1912
1913
1924
1914
1924
1915
1912
1922
1913
1906
1909
1922
1912
1923
1908
1905
1906
1922
1920
1914
1907
1916
1917
1922
1909
1911
1917
1924
1916
1905
1922
1912
1910
1924
1922
1904
1920
1924
1910
1924
1906
1917
1908
1922
1922
1924
1920
1919
1918
1920
1922
1911
1918
1920
1911
1903
1889
1923
1904
1917
1908
1904
1902
1903
1920
1911
1900
1922
1883
1909
1924
1926
1920
1914
1902
1924
1918
1914
1880
1912
1896
1912
1889
1926
1898
1909
1925
1918
1909
1924
1916
1924
1892
1908
1906
1921
1900
1905
1925
1923
1920
1882
1899
1913
1923
1899
1924
1920
1905
1906
1908
1921
1900
1909
1923
1915
1919
1899
1917
1912
1895
1905
1901
1893
1906
1922
