1931
1925
1928
1923
1884
1922
1926
1895
1892
1910
1935
1906
1931
1935
1902
1903
1928
1935
1926
1891
1901
1898
1932
1927
1884
1913
1874
1879
1924
1929
1903
1921
1918
1921
1889
1916
1923
1885
1940
1938
1906
1934
1932
1940
1920
1906
1930
1937
1934
1903
1931
1905
1875
1903
1881
1887
1914
1922
1871
1903
1896
1897
1926
1931
1909
1937
1926
1874
1914
1897
1932
1925
1930
1919
1927
1897
1923
1903
1887
1884
1914
1911
1902
1921
1926
1876
1929
1890
1924
1889
1919
1920
1923
1887
1919
1929
1923
1925
1934
1936
1928
1897
1900
1897
1899
1930
1926
1928
1930
1926
1897
1890
1923
1882
1919
1920
1896
1873
1936
1900
1938
