1900
1900
1922
1922
1913
1913
1916
1916
1926
1926
1878
1878
1873
1873
1902
1902
1900
1911
1911
1900
1890
1890
1900
1900
1916
1916
1937
1937
1909
1909
1933
1933
1905
1905
1900
1900
1900
1900
1900
1900
1906
1906
1909
1909
1900
1900
1900
1900
1900
1900
1900
1900
1900
1900
1900
1900
1918
1918
1915
1915
1891
1891
1900
1900
1900
1900
1900
1900
1900
1900
1900
1900
1925
1925
1900
1900
1900
1900
1924
1924
1900
1900
1900
1900
1900
1900
1935
1935
1900
1900
1934
1934
1900
1900
1939
1939
1900
1900
1900
1900
1899
1899
1930
1930
1923
1923
1890
1890
1862
1862
1874
1874
1900
1900
1930
1930
1935
1935
1900
1900
1900
1900
1900
1900
1925
1925
1900
1900
1900
1900
1893
1893
1928
1928
1899
1899
1913
1913
1890
1890
1924
1900
1924
1900
1900
1900
1900
1900
1926
1926
1900
1900
1883
1883
1919
1919
1900
1900
1925
1925
1900
1900
1900
1900
1899
1899
1929
1929
1900
1900
1925
1925
1900
1900
1892
1892
1900
1900
1908
1908
1904
1904
1881
1881
1929
1929
1935
1935
1939
1939
1908
1908
1934
1934
1902
1902
1875
1875
1900
1900
1900
1900
1900
1900
1900
1900
1900
1900
1900
1900
1900
1900
1900
1900
1935
1935
1900
1900
1900
1900
1900
1900
1900
1900
1900
1900
1900
1900
1938
1938
1909
1909
1907
1907
1900
1900
1900
1900
1900
1900
1900
1900
1900
1900
1925
1925
1900
1900
1900
1900
1900
1900
1900
1900
1900
1900
1900
1900
1900
1900
1932
1932
1900
1900
1900
1900
1900
1900
1900
1900
1889
1889
1923
1923
1896
1896
1900
1900
1900
1900
1900
1900
1875
1875
1900
1900
1900
1900
1900
1900
1911
1911
1900
1900
1900
1900
1900
1900
1899
1899
1929
1929
1922
1900
1900
1922
1924
1924
1900
1900
1901
1901
1928
1928
1900
1900
1900
1900
1900
1900
1900
1900
1900
1900
1900
1900
1900
1900
1900
1900
1900
1900
1900
1900
1902
1902
1933
1933
1932
1932
1936
1936
1896
1896
1894
1894
1900
1900
1900
1900
1894
1894
1900
1900
1940
1940
1909
1909
1900
1900
1900
1900
1909
1909
1900
1900
1900
1900
1925
1925
1891
1891
1930
1930
1922
1922
1892
1892
1900
1900
1900
1900
1900
1900
1900
1900
1880
1880
1905
1905
1915
1915
1877
1877
1900
1900
1900
1900
1900
1900
1900
1900
1900
1900
1900
1900
1900
1900
1900
1900
1925
1925
1900
1900
1902
1902
1923
1923
1900
1900
1900
1900
1900
1900
1900
1900
1930
1930
1916
1916
1900
1900
1939
1939
1900
1900
1900
1900
1900
1900
1900
1900
1900
1900
1900
1900
1900
1900
1900
1900
1900
1900
1897
1897
1900
1900
1929
1929
1900
1900
1903
1903
1900
1900
1895
1895
1892
1892
1900
1900
1900
1900
1900
1900
1927
1927
1900
1900
1905
1905
1938
1938
1932
1932
1909
1909
1900
1900
1900
1900
1927
1927
1900
1900
1900
1900
1930
1930
1936
1936
1900
1900
1900
1900
1900
1900
1900
1900
1900
1900
1868
1868
1907
1907
1871
1871
1900
1900
1920
1920
1900
1900
1900
1900
1900
1900
1904
1904
1900
1900
1900
1900
1900
1900
1902
1902
1931
1931
1900
1900
1925
1925
1877
1877
1900
1900
1900
1900
1900
1900
1897
1897
1900
1900
1900
1900
1900
1900
1905
1905
1900
1900
1900
1900
1900
1900
1900
1900
1900
1900
1931
1931
1880
1880
1902
1902
1900
1900
1900
1900
1885
1885
1891
1891
1900
1900
1900
1900
1923
1923
1865
1865
1900
1900
1884
1884
1909
1909
1939
1939
1913
1913
1900
1900
1900
1900
1923
1900
1900
1923
1865
1865
1926
1926
1903
1903
1933
1933
1915
1915
1879
1879
1900
1900
1914
1914
1904
1904
1929
1929
1930
1930
1936
1936
1900
1900
1932
1932
1900
1900
1900
1900
1900
1900
1900
1900
1873
1873
1900
1900
1879
1879
1900
1900
1900
1900
1911
1911
1889
1889
1914
1914
1926
1926
1882
1882
1889
1889
1900
1900
1891
1891
1856
1856
1900
1900
1900
1900
1900
1900
1900
1900
1939
1939
1900
1900
1928
1928
1900
1900
1900
1900
1900
1900
1900
1900
1900
1900
1900
1900
1932
1932
1900
1900
1933
1933
1900
1900
1900
1900
1900
1900
1900
1900
1900
1900
1913
1913
1900
1900
1930
1930
1925
1925
1900
1900
1921
1921
1898
1898
1900
1900
1902
1902
1927
1927
1916
1916
1937
1937
1889
1889
1889
1889
1925
1925
1919
1919
1930
1930
1900
1900
1900
1900
1900
1900
1900
1900
1900
1900
1900
1900
1900
1900
1924
1924
1918
1918
1917
1917
1922
1922
1890
1890
1900
1900
1900
1900
1900
1900
1900
1900
1900
1900
1924
1924
1918
1918
1900
1900
1900
1900
1900
1900
1900
1900
1900
1900
1924
1924
1900
1900
1926
1926
1923
1923
1900
1900
1900
1900
1900
1900
1900
1900
1900
1900
1922
1922
1889
1889
1917
1917
1895
1895
1894
1894
1894
1894
1920
1920
1928
1928
1922
1922
1923
1923
1888
1888
1927
1927
1897
1897
1922
1922
1900
1900
1900
1900
1900
1900
1890
1890
1900
1900
1900
1900
1900
1900
1900
1900
1928
1928
1857
1857
1930
1930
1929
1929
1900
1900
1871
1871
1900
1900
1900
1900
1931
1931
1900
1900
1911
1911
1900
1900
1876
1876
1908
1908
1900
1900
1900
1900
1900
1900
1900
1900
1900
1900
1900
1900
1900
1900
1900
1900
1899
1899
1892
1892
1896
1896
1899
1899
1900
1900
1900
1900
1900
1900
1900
1900
1908
1908
1939
1939
1937
1937
1910
1910
1900
1900
1935
1935
1918
1918
1921
1921
1921
1921
1892
1892
1891
1891
1914
1914
1862
1862
1910
1910
1900
1900
1894
1894
1920
1920
1900
1900
1900
1900
1926
1931
1931
1926
1936
1936
1912
1912
1900
1900
1937
1937
1915
1915
1892
1892
1922
1922
1900
1900
1908
1908
1906
1906
1900
1900
1900
1900
1891
1891
1934
1934
1924
1924
1910
1910
1871
1871
1900
1900
1900
1900
1939
1939
