1928
1928
1916
1916
1931
1931
1900
1900
1908
1908
1880
1880
1911
1911
1882
1882
1913
1885
1885
1885
1916
1916
1885
1913
1914
1914
1880
1880
1878
1878
1925
1925
1923
1923
1936
1936
1900
1930
1900
1904
1904
1930
1927
1927
1925
1925
1913
1913
1919
1919
1884
1884
1887
1887
1932
1932
1928
1928
1914
1914
1933
1933
1904
1904
1900
1900
1937
1937
1926
1926
1892
1892
1922
1922
1929
1929
1894
1894
1928
1928
1935
1935
1923
1923
1919
1895
1916
1927
1919
1916
1927
1895
1889
1889
1928
1928
1902
1902
1927
1927
1900
1900
1900
1900
1932
1932
1898
1898
1934
1934
1935
1935
1939
1939
1907
1907
1900
1927
1922
1922
1927
1900
1925
1925
1895
1895
1923
1923
1927
1927
1929
1893
1929
1893
1928
1928
1915
1915
1903
1903
1919
1909
1880
1909
1919
1880
1893
1893
1924
1924
1893
1893
1928
1928
1935
1935
1934
1934
1934
1934
1904
1904
1923
1923
