1913
1880
1869
1926
1892
1894
1924
1925
1922
1899
1899
1890
1892
1924
1922
1925
1925
1927
1930
1902
1920
1924
1916
1918
1888
1913
1879
1875
1903
1856
1933
1870
1909
1874
1898
1912
1926
1881
1872
1909
1879
1882
1915
1918
1877
1913
1920
1900
1905
1939
1897
1893
1928
1894
1927
1931
1905
1934
1929
1923
1937
1900
1894
1926
1932
1890
1934
1920
1892
1897
1906
1915
1939
1932
1902
1895
1929
1900
1911
1937
1911
1908
1897
1898
1869
1928
1926
1901
1901
1926
1923
1930
1895
1924
1910
1901
1919
1915
1913
1940
1910
1938
1910
1939
1910
1916
1886
1926
1893
1890
1926
1899
