1918
1882
1926
1886
1925
1922
1924
1926
1933
1897
1914
1883
1930
1928
1925
1910
1931
1934
1910
1907
1912
1922
1917
1916
1900
1925
1916
1903
1907
1939
1907
1911
1937
1906
1907
1921
1929
1922
1886
1924
1879
1907
1923
1921
1914
1920
1917
1883
1912
1912
1923
1944
1938
1911
1910
1911
1923
1924
1920
1925
1895
1904
1932
1915
1920
1923
1886
1888
1925
1886
1929
1924
1894
1893
1927
1930
1893
1925
1879
1923
1913
1918
1892
1894
1862
1888
1916
1898
1914
1916
1923
1897
1919
1929
1909
1932
1900
1923
1892
1926
1911
1921
1900
1912
1934
1910
1909
1925
1902
1925
1897
1923
1897
1929
1927
1906
1905
1903
1938
1938
1908
1917
1918
1940
1907
1880
1909
1880
1907
1903
1915
1926
1922
1918
1915
1902
1918
1907
1908
1920
1915
1910
1910
1937
1906
1904
1908
1927
1937
1929
1915
1925
1930
1904
1926
1917
1906
1915
1921
1889
1921
1919
1930
1926
1923
1911
1922
1911
1914
1929
1892
1927
1927
1887
1929
1916
1922
1902
1902
1905
1925
1924
1931
1916
1913
1943
1915
1912
1902
1912
1915
1913
1933
1906
1937
1905
1901
1927
1930
1905
1888
1917
1889
1922
1928
1926
1900
1904
1927
1931
1896
1877
1908
1909
1907
1936
1910
1908
1893
1894
1899
1899
1903
