1878
1932
1910
1908
1906
1906
1934
1903
1900
1877
1880
1880
1917
1855
1913
1926
1886
1913
1886
1871
1909
1908
1923
1892
1890
1921
1892
1872
1872
1912
1927
1897
1902
1929
1931
1874
1915
1870
1913
1930
1907
1908
1939
1927
1917
1940
1891
1917
1931
1891
1922
1924
1878
1920
1882
1908
1910
1916
1923
1914
1938
1920
1889
1886
1930
1939
1902
1906
1925
1900
1898
1930
1934
1937
1932
1902
1923
1929
1924
1926
1932
1910
1893
1930
1932
1889
1921
1927
1892
1924
1930
1901
1929
1885
1910
1913
1924
1916
1927
1918
1921
1883
1902
1903
1906
1939
1936
1920
1860
1925
1896
1929
1894
1919
1918
1895
1920
1913
1916
1931
1918
1922
1922
1918
1879
1883
1925
1897
1897
1922
1919
1910
1910
1910
1925
1907
1937
1937
1881
1920
1920
1925
1905
1872
1916
1908
1913
1910
1873
1928
1878
1920
1874
1893
1892
1921
1890
1896
1872
1876
1906
1890
1924
1928
1916
1923
1930
1891
1874
1912
1867
1915
1912
1937
1912
1925
1928
1920
1894
1893
1889
1922
1888
1915
1927
1895
1932
1921
1895
1906
1926
1868
1920
1877
1915
1879
1914
1939
1920
1876
1938
1904
1922
1921
1893
1893
1930
1900
1927
1847
1903
1928
1894
1911
1897
1932
1909
1886
1882
1919
1925
1920
1888
1908
1935
1869
1878
1936
1909
1929
1888
1928
1913
1906
1935
1910
1938
1936
1916
1890
1932
1926
1892
1929
1913
1927
1925
1897
1897
1932
1895
1928
1932
1928
1926
1895
1910
1930
1937
1924
1940
1903
1911
1900
1897
1931
1921
1878
1878
1935
1911
1936
1908
1939
1889
1911
1932
1914
1868
1850
1870
1874
1873
1927
1896
1925
1933
1888
1888
1921
1926
1916
1928
1921
1885
1878
1933
1909
1898
1903
1935
1904
1908
1885
1880
1906
1920
1933
1887
1918
1877
1912
1888
1902
1921
1891
1921
1931
1928
1926
1924
1931
1908
1908
1880
1909
1911
1937
1914
1917
1930
1936
1905
1900
1933
1921
1890
1905
1894
1919
1908
1898
1906
1898
1905
1908
1905
1870
1930
1884
1893
1926
1911
