1873
1873
1877
1877
1880
1880
1878
1878
1902
1902
1904
1904
1932
1932
1938
1938
1905
1905
1909
1909
1924
1924
1910
1910
1872
1900
1872
1900
1900
1900
1873
1873
1908
1908
1895
1895
1928
1928
1918
1918
1895
1895
1886
1886
1917
1917
1911
1911
1874
1874
1900
1900
1926
1926
1895
1895
1885
1900
1900
1885
1898
1898
1903
1903
1928
1928
1925
1925
1914
1914
1878
1878
1905
1905
1903
1903
1923
1923
1921
1921
1932
1932
1930
1930
1895
1895
1936
1936
1930
1930
1902
1902
1896
1896
1931
1931
1914
1914
1916
1916
1915
1915
1895
1895
1923
1923
1916
1916
1895
1895
1926
1926
1934
1934
1935
1935
1943
1943
1912
1912
1911
1911
1930
1930
1900
1900
1919
1919
1880
1880
1927
1927
1895
1895
1923
1923
1897
1897
1929
1929
1925
1925
1913
1913
1922
1922
1890
1890
1921
1921
1911
1911
