1914
1859
1923
1885
1900
1918
1918
1897
1908
1887
1920
1915
1887
1905
1905
1922
1911
1883
1920
1888
1888
1919
1890
1921
1905
1882
1904
1914
1884
1914
1924
1913
1892
1913
1918
1913
1920
1916
1887
1925
1876
1890
1870
1910
1923
1918
1909
1902
1904
1885
1873
1929
1879
1919
1913
1919
1913
1897
1920
1890
1901
1891
1910
1906
1893
1903
1874
1903
1895
1904
1896
1926
1880
1920
1912
1890
1913
1900
1904
1907
1900
1909
1915
1911
1903
1910
1926
1901
1897
1924
1908
1883
1886
1906
1904
1908
1913
1900
1908
1901
1906
1894
1923
1889
1907
1905
1887
1907
1884
1884
1918
1882
1925
1908
1921
1913
1919
1881
1886
1924
1897
1911
1923
1887
1907
1916
1907
1890
1875
1920
1912
1926
1888
1894
1889
1885
1920
1888
1924
1921
1923
1905
1914
1905
1909
1901
1899
1903
1921
1905
1882
1925
1899
1895
1900
1921
1895
1916
1914
1890
1890
1913
1897
1914
1900
1900
1907
1892
1880
1905
1916
1918
1913
1907
1916
1893
1880
1881
1909
1906
1898
1905
1908
1906
1901
1885
1921
1884
1903
1926
1917
1911
1917
1886
1909
1903
1881
1874
1881
1903
1922
1914
1898
1924
0000
1925
1922
1921
1878
1903
1882
1913
1915
1890
1910
1915
1894
1908
1871
1912
1902
1910
1880
1912
1920
1906
1888
1918
1918
1910
1922
1913
1895
1886
1921
1924
1882
1901
1901
1902
1882
1920
1885
1887
1894
1899
1919
1885
1924
1886
1883
1924
1903
1915
1914
1911
1879
1882
1924
1894
1907
1924
1903
1890
1896
1927
1882
1916
1870
1912
1894
1912
1906
1913
1926
1883
1880
1902
1893
1906
1923
1915
1879
1893
1896
1924
1912
1915
1902
1927
1917
1890
1908
1905
1912
1887
1916
1889
1924
1921
1924
1900
1912
1922
1893
1906
1910
1895
1923
1915
1911
1923
1916
1880
1903
1895
1898
1911
1901
1884
1900
1919
1907
1904
1885
1906
1899
1913
1903
1894
1917
1921
1926
1887
1906
1882
1914
1893
1866
1906
1899
1876
1881
1897
1902
1900
1922
1901
1891
1922
1875
1908
1897
1895
1891
1868
1910
1905
1899
1912
1913
1904
1900
1863
1883
1921
1899
1912
1913
0000
1895
1919
1914
1895
1860
1885
1882
1892
1918
1884
1924
1883
1911
1894
1906
1870
1880
1925
1903
1885
1895
1895
1883
1925
1901
1922
1902
1926
1888
1924
1894
1904
1880
1904
1904
1919
1908
1917
1897
1873
1888
1885
1917
1895
1911
1902
1866
1900
1913
1923
1906
1904
1883
1876
1911
1873
1902
1888
1874
1881
1915
1875
1905
1868
1906
1866
1901
1899
1890
1926
1907
1909
1924
1873
1875
1909
1917
1869
1912
1910
1915
1885
1912
1920
1916
1893
1922
1913
1921
1874
1883
1916
1880
1914
1906
1911
1868
1896
1900
1885
1906
1916
1901
1880
1900
1913
1916
1908
1924
1873
1911
1922
1897
1925
1884
1912
1896
1893
1903
1915
1914
1903
1924
1926
1924
1908
1913
1909
1901
1905
1912
1909
1903
1914
1907
1892
1876
1884
1913
1905
1921
1892
1923
1879
1921
1905
1910
1927
1905
1923
1887
1924
1883
1892
1885
1912
1879
1906
1892
1904
1892
1897
1905
1865
1875
1877
1913
1909
1922
1914
1900
1915
1905
1891
1918
1908
1919
1867
1870
1895
1890
1895
1887
1927
1903
1891
1881
1893
1895
1904
1915
1893
1915
1854
1864
1910
1903
1884
1913
1918
1905
1903
1924
1897
1886
1878
1916
1920
1889
1910
1909
1890
1922
1916
1922
1914
1873
1910
1903
1888
1924
1921
1922
1909
1911
1891
1883
1914
1883
1916
1909
1905
1907
1908
1911
1908
1916
1892
1921
1908
1903
1909
1893
1887
1923
1891
1895
1922
1923
1901
1915
1908
1920
1902
1905
1900
1905
1895
1894
1902
1873
1907
1914
1893
1895
1924
1915
1879
1906
1887
1875
1912
1873
1925
1914
1908
1933
1903
1903
1920
1873
1867
1904
1901
1896
1875
1911
1915
1919
1862
1899
1905
1880
1913
1903
1918
1923
1893
1904
1913
1906
1921
1913
1902
1899
1926
1891
1920
1910
1912
1884
1912
1910
1912
1895
1889
1885
1912
1908
1919
1894
1864
1915
1897
1893
1885
1894
1923
1910
1920
1912
1879
1908
1908
1915
1884
1914
1892
1884
1916
1928
1913
1874
1906
1908
1922
1917
1856
1896
1918
1898
1917
1894
1906
1890
1903
1884
1911
1904
1912
1912
1924
1924
1926
1903
1897
1897
1911
1915
1896
1921
1893
1924
1912
1887
1898
1922
1879
1890
1895
1923
1902
1916
1903
1893
1902
1925
1896
1873
1901
1889
1895
1921
1873
1903
1876
1892
1874
1924
1924
1921
1886
1920
1898
1915
1874
1919
1914
1871
1911
1915
1911
1906
1909
1910
1899
1912
1881
1921
1921
1911
1906
1925
1925
1887
1895
1896
1869
1890
1902
1908
1912
1907
1888
1908
1891
1908
1920
1921
1873
1912
1903
1884
1910
1883
1896
1898
1883
1874
1890
1885
1913
1914
1894
1911
1922
1912
1902
1906
1898
1925
1870
1905
1921
1924
1905
1883
1920
1907
1900
1906
1908
1895
1912
1875
1911
1913
1904
1912
1916
1918
1910
1925
1910
1895
1886
1877
1893
1904
1911
1920
1890
1892
1862
1904
1902
1913
1862
1928
1900
1900
1926
1884
1912
1905
1910
1905
1909
1907
1916
1880
1929
1891
1922
1907
1900
1923
1902
1897
1878
1885
1926
1921
1922
1899
1897
1901
1876
1920
1915
1900
1925
1925
1907
1920
1896
1891
1915
1887
1890
1915
1913
1880
1923
1891
1896
1905
1894
1920
1881
1904
1915
1906
1882
1907
1900
1920
1921
1895
1923
1907
1909
1883
1924
1904
1918
1905
1919
1906
1908
1926
1896
1883
1912
1883
1884
1887
1886
1880
1895
1889
1920
1905
1897
1802
1913
1900
1884
1918
1902
