1913
1918
1884
1921
1939
1911
1914
1939
1877
1905
1902
1910
1919
1914
1908
1933
1938
1906
1901
1920
1921
1922
1891
1893
1924
1919
1899
1907
1909
1929
1915
1930
1925
1908
1926
1928
1910
1912
1917
1910
1885
1924
1918
1926
1902
1923
1928
1922
1934
1897
1897
1923
1907
1934
1902
1930
1903
1936
1939
1901
1911
1927
1899
1894
1923
1919
1929
1927
1917
1895
1928
1923
1895
1910
1931
1894
1933
1902
1923
1887
1908
1897
1929
1932
1890
1937
1904
1929
1918
1911
1938
1928
1931
1906
1905
1878
1920
1927
1915
1886
1921
1892
1927
1931
1937
1898
1938
1915
1925
1921
