1902
1904
1896
1902
1885
1906
1881
1914
1895
1919
1934
1920
1919
1884
1901
1900
1888
1915
1905
1879
1913
1917
1906
1908
1937
1887
1908
1934
1910
1911
1894
1922
1910
1901
1888
1883
1886
1907
1916
1913
1910
1886
1884
1881
1917
1913
1919
1924
1915
1898
1911
1907
1922
1903
1902
1896
1919
1904
1886
1884
1921
1870
1898
1924
1892
1914
1889
1894
1872
1895
1912
1902
1903
1895
1893
1891
1915
1914
1896
1891
1901
1915
1917
1935
1920
1907
1882
1922
1917
1911
1905
1914
1913
1874
1912
1889
1887
1874
1888
1889
1892
1895
1897
1880
1888
1889
1886
1898
1897
1903
1891
1899
1896
1900
1900
1912
1891
1898
1904
1902
1893
1907
1893
1913
1933
1915
1902
1935
1890
1917
1903
1901
1904
1904
1907
1890
1907
1895
1917
1908
1895
1903
1897
1914
1908
1902
1897
1911
1888
1889
1906
1911
1889
1904
1894
1891
1897
1878
1882
1911
1909
1915
1879
1891
1916
1872
1918
1921
1914
1913
1900
1896
1923
1925
1893
1917
1879
1880
1873
1901
1907
1913
1926
1896
1896
1877
1899
1918
1919
1876
1906
1900
1904
1873
1912
1917
1867
1934
1908
1908
1886
1907
1902
1880
1926
1912
1908
1879
1916
1888
1879
1929
1887
1891
1886
1907
1904
1912
1868
1942
1897
1914
1886
1907
1902
1884
1901
1933
1885
1895
1896
1926
1897
1878
1868
1914
1895
1889
1884
1880
1891
1882
1902
1903
1905
1910
1910
1877
1902
1890
1873
1875
1891
1896
1924
1916
1919
1900
1894
1906
1906
1916
1915
1878
1918
1875
1904
1900
1888
1896
