1919
1919
1882
1882
1923
1923
1905
1905
1884
1884
1931
1931
1927
1927
1901
1901
1906
1906
1914
1914
1884
1884
1924
1924
1934
1934
1902
1902
1906
1906
1906
1906
1932
1932
1939
1939
1902
1902
1934
1934
1931
1931
1937
1937
1926
1926
1903
1903
1929
1929
1919
1919
1918
1918
1920
1920
1926
1926
1888
1888
1920
1920
1891
1891
1925
1925
1924
1924
1922
1922
1930
1930
1924
1924
1895
1895
1892
1892
1927
1927
1921
1921
1933
1933
1917
1917
1940
1940
1919
1919
1897
1897
1896
1896
1927
1927
1924
1924
1928
1928
1926
1926
1900
1900
1919
1919
1900
1900
1908
1908
1912
1912
1868
1868
1939
1939
1913
1913
1882
1882
1888
1888
1933
1933
1889
1889
1897
1897
1922
1922
1912
1912
1921
1921
1929
1929
1923
1923
1926
1926
1932
1932
1895
1895
1934
1934
1865
1865
1896
1896
1893
1893
1918
1918
1884
1884
1901
1901
1918
1918
1920
1920
1922
1922
1876
1876
1909
1909
1918
1918
1862
1862
1920
1920
1908
1908
1882
1882
1923
1923
1909
1909
1894
1894
1911
1911
1919
1919
1925
1925
1875
1875
1918
1918
1876
1876
1925
1925
1906
1906
1926
1926
1908
1908
1931
1931
1934
1934
1939
1939
1936
1936
1900
1900
1924
1924
1920
1920
1911
1911
1939
1939
1913
1913
1902
1902
1902
1902
1924
1924
1930
1930
1927
1927
1924
1924
1895
1895
1921
1921
1890
1890
1932
1932
1900
1900
1929
1929
1921
1921
1926
1926
1896
1896
1912
1912
1877
1877
1918
1918
1872
1872
1897
1897
1929
1929
1891
1891
1921
1921
1914
1914
1889
1889
1925
1925
1901
1901
1930
1930
1899
1899
1907
1907
1907
1907
1878
1878
1931
1931
1926
1926
1893
1893
1923
1923
1890
1890
1933
1933
1921
1921
1906
1906
1937
1937
1900
1900
1933
1933
1921
1921
1886
1886
1891
1891
1924
1924
1929
1929
1928
1928
1896
1896
1922
1922
1889
1889
1924
1924
1901
1901
1903
1903
1880
1880
1882
1882
1934
1934
1910
1910
1911
1911
1872
1872
1873
1873
1931
1931
1910
1910
1936
1936
1933
1933
