1924
1884
1916
1922
1914
1904
1904
1913
1905
1908
1926
1928
1898
1897
1892
1888
1913
1916
1908
1919
1926
1884
1927
1888
1929
1923
1900
1893
1906
1903
1929
1931
1896
1892
1889
1917
1891
1890
1911
1899
1900
1925
1924
1902
1890
1910
1935
1874
1939
1904
1909
1936
1898
1931
1904
1931
1903
1930
1904
1934
1932
1934
1908
1934
1910
1883
1878
1921
1919
1907
1913
1888
1885
1926
1924
1922
1920
1894
1912
1936
1934
1904
1940
1929
1936
1914
1914
1920
1877
1909
1939
1888
1924
1887
1908
1894
1922
1890
1928
1925
1923
1919
1893
1927
1924
1889
1865
1921
1896
1913
1924
1925
1929
1894
1912
1898
1925
1899
1907
1915
1886
1937
1914
1904
1910
1907
1935
1912
1936
1909
1909
1929
1911
1909
1909
1939
1911
1939
1901
1894
1912
1910
1903
1866
1939
1899
1910
1922
1893
1878
1895
1926
1919
1920
1887
1913
1915
