1906
1882
1901
1928
1890
1916
1867
1928
1914
1896
1902
1881
1912
1923
1928
1894
1874
1927
1910
1925
1912
1881
1894
1869
1923
1896
1903
1925
1887
1929
1885
1898
1932
1859
1859
1898
1885
1884
1922
1927
1889
1917
1926
1885
1889
1874
1874
1914
1886
1883
1878
1910
1933
1900
1920
1916
1909
1914
1883
1876
1880
1905
1934
1901
1899
1933
1925
1900
1928
1877
1910
1942
1909
1932
1930
1907
1928
1885
1892
1941
1908
1922
1910
1910
1905
1911
1917
1908
1881
1881
1883
1883
1889
1925
1929
1878
1871
1925
1897
1878
1889
1906
1937
1875
1873
1907
1937
1865
1932
1897
1891
1902
1862
1883
1908
1912
1938
1933
1908
1925
1929
1892
1890
1891
1890
1924
1911
1919
1898
1875
1886
1937
1929
1897
1924
1932
1923
1901
1907
1880
1938
1902
1937
1911
1918
1871
1878
1904
1880
1895
1883
1889
1882
1890
1926
1911
1906
1900
1925
1889
1927
1912
1920
1923
1882
1905
1931
1905
1929
1896
1898
1922
1928
1919
1898
1924
1898
1882
1890
1882
1879
1878
1893
1902
1929
1926
1904
1916
1919
1871
1878
1911
1915
1911
1905
1912
1882
1889
1912
1909
1879
1919
1907
1876
1895
1889
1913
1938
1887
1892
1924
1897
1902
1935
1904
1915
1924
1879
1924
1928
1888
1910
1902
1929
1929
1899
1899
1929
1914
1889
1921
1909
1923
1907
1911
1890
1927
1904
1911
1935
1897
1875
1873
1909
1917
1914
1882
1889
1897
1923
1899
1899
1900
1927
1932
1937
1927
1888
1888
1911
1938
1906
1904
1905
1907
1926
1901
1929
1900
1897
1871
1890
1909
1899
1931
1925
1927
1923
1931
1887
1876
1880
1887
1916
1914
1883
1880
1912
1919
1918
1911
1927
1932
1885
1914
1879
1868
1898
1928
1919
1910
1924
1866
1894
1908
1900
1933
1899
1887
1893
1888
1880
1920
1916
1885
1886
1880
1927
1889
1900
1888
1926
1927
1879
1875
1880
1910
1906
1915
1882
1901
1904
1928
1939
1880
1900
1879
1925
1916
1922
1904
1908
1894
1892
1891
1906
1932
1936
1899
1907
1914
1912
1903
1907
1900
1881
1915
1901
1893
1901
1915
1917
1876
1885
1874
1921
1878
1875
1881
1886
1886
1876
1906
1878
1899
1882
1910
1910
1908
1912
1907
1912
1896
1901
1924
1928
1894
1879
1887
1885
1887
1894
1935
1881
1923
1881
1908
1904
1915
1937
1908
1882
1891
1925
1877
1889
1914
1892
1893
1912
1916
1919
1882
1912
1910
1939
1908
1936
1894
1892
1910
1930
1901
1924
1894
1921
1919
1895
1933
1925
1886
1937
1900
1902
1904
1929
1919
1894
1927
1921
1895
1930
1923
1872
1875
1870
1892
1913
1890
1894
1875
1880
1900
1931
1934
1902
1941
1906
1903
1939
1897
1916
1906
1932
1902
1902
1870
1874
1870
1882
1911
1876
1918
1937
1905
1913
1907
1884
1880
1879
1920
1925
1901
1909
1933
1911
1907
1934
1920
1919
1887
1917
1912
1896
1923
1897
1927
1886
1917
1898
1877
1914
1886
1921
1937
1917
1903
1910
1890
1919
