1870
1906
1909
1898
1898
1894
1920
1926
1898
1903
1928
1929
1923
1909
1890
1897
1899
1929
1921
1892
1929
1881
1921
1925
1910
1910
1923
1925
1897
1897
1871
1880
1927
1898
1931
1902
1900
1933
1931
1905
1877
1918
1915
1875
1913
1916
1914
1878
1896
1926
1926
1890
1924
1919
1921
1918
1911
1927
1895
1927
1873
1897
1927
1941
1881
1891
1923
1896
1924
1941
1910
1868
1915
1923
1939
1938
1907
1919
1914
1912
1939
1936
1915
1912
1912
1918
1869
1911
1909
1867
1928
1914
1916
1918
1915
1924
1892
1912
1924
1915
1917
1934
1894
1906
1894
1924
1921
1928
1919
1890
1906
1914
1879
