1936
1936
1915
1915
1909
1909
1937
1937
1905
1905
1902
1902
1898
1898
1924
1924
1929
1929
1896
1896
1922
1922
1876
1876
1911
1911
1904
1904
1902
1902
1934
1934
1931
1931
1897
1897
1890
1890
1911
1911
1912
1912
1938
1938
1900
1900
1877
1877
1883
1883
1917
1917
1938
1938
1935
1935
1929
1929
1903
1903
1903
1903
1934
1934
1930
1930
1936
1936
1894
1894
1891
1891
1905
1905
1937
1937
1905
1905
1931
1931
1904
1904
1908
1908
1900
1900
1900
1900
1861
1861
1897
1897
1912
1912
1916
1916
1876
1876
1869
1869
1904
1904
1938
1938
1910
1910
1910
1910
1896
1896
1893
1893
1910
1910
1923
1923
1938
1938
1912
1912
1866
1866
1919
1919
1894
1894
1921
1921
1923
1923
1915
1915
1913
1913
1874
1874
1927
1927
1890
1890
1925
1925
1900
1900
1872
1872
1886
1886
1940
1940
1935
1935
1933
1933
1911
1911
1931
1931
1920
1920
1883
1883
1923
1923
1878
1878
1906
1906
1918
1918
1918
1918
1925
1925
1921
1921
1892
1892
1924
1924
1890
1890
1910
1910
1879
1879
1879
1879
1932
1932
1902
1902
1897
1897
1939
1939
1927
1927
1933
1933
1878
1878
1914
1914
1920
1920
1875
1875
1916
1916
1938
1938
1913
1913
1908
1908
1928
1928
1901
1901
1923
1923
1891
1891
1927
1927
1877
1877
1879
1879
1900
1900
1877
1877
1900
1900
1923
1923
1932
1932
1926
1926
1895
1895
1893
1893
1934
1934
1897
1897
1934
1934
1904
1904
1929
1929
1912
1912
1914
1914
1916
1916
1926
1926
1888
1888
1923
1923
1939
1939
1909
1909
1880
1880
1909
1909
1910
1910
1940
1940
1913
1913
1935
1935
1937
1937
1934
1934
1902
1902
1900
1900
1889
1889
1893
1893
