1893
1893
1902
1902
1894
1894
1927
1927
1922
1922
1920
1920
1920
1920
1898
1898
1929
1929
1911
1911
1910
1910
1933
1933
1938
1938
1899
1899
1909
1909
1878
1878
1916
1916
1912
1912
1910
1910
1913
1913
1927
1927
1930
1930
1922
1922
1925
1925
1930
1930
1899
1899
1926
1926
1903
1903
1921
1921
1902
1902
1886
1886
1921
1921
1888
1888
1910
1910
1906
1906
1913
1913
1924
1924
1929
1929
1888
1888
1924
1924
1897
1897
1929
1929
1898
1898
1921
1921
1924
1924
1923
1923
1924
1924
1927
1927
1922
1922
1918
1918
1914
1914
1888
1888
1915
1915
1905
1905
1937
1937
1915
1915
1900
1900
1876
1876
1933
1933
1898
1898
1926
1926
1909
1909
1878
1878
1912
1912
1922
1922
1913
1913
1915
1915
1909
1909
1937
1937
1906
1906
1936
1936
1908
1908
1907
1907
1901
1901
1927
1927
1934
1934
1931
1931
1929
1929
1920
1920
1885
1885
1936
1936
1898
1898
1934
1934
1901
1901
1924
1924
1928
1928
1911
1911
1905
1905
1932
1932
1910
1910
1909
1909
1891
1891
1908
1908
1923
1923
1921
1921
1918
1918
1901
1901
1928
1928
1902
1902
1931
1931
1931
1931
1897
1897
1927
1927
1905
1905
1917
1917
1888
1888
1922
1922
1912
1912
1906
1906
1908
1908
1900
1900
1937
1937
1910
1910
1898
1898
1897
1897
1924
1924
1925
1925
1898
1898
1928
1928
1889
1889
1923
1923
1897
1897
1902
1902
1900
1900
1933
1933
1927
1927
1904
1904
1917
1917
1909
1909
1921
1921
1909
1909
1880
1880
1927
1927
1905
1905
1939
1939
1929
1929
1900
1900
1911
1911
1900
1900
1923
1923
1918
1918
1917
1917
1918
1918
1922
1922
1923
1923
1926
1926
1887
1887
1891
1891
1928
1928
1904
1904
1931
1931
1901
1901
1932
1932
1934
1934
1907
1907
1895
1895
1916
1916
1914
1914
1884
1884
1914
1914
1910
1910
1897
1897
1871
1871
1932
1932
1924
1924
1924
1924
1903
1903
1866
1866
1899
1899
1902
1902
1906
1906
1894
1894
1911
1911
1914
1914
1903
1903
1906
1906
1916
1916
1907
1907
1894
1894
1907
1907
1919
1919
1904
1904
1919
1919
1892
1892
1889
1889
1925
1925
1917
1917
1924
1924
1937
1937
1933
1933
1907
1907
1907
1907
1909
1909
1919
1919
1880
1880
1924
1924
1932
1932
1928
1928
1924
1924
1912
1912
1907
1907
1940
1940
1912
1912
1908
1908
1909
1909
1898
1898
1924
1924
1928
1928
1922
1922
1923
1923
1904
1904
1903
1903
1923
1923
1898
1898
1927
1927
1925
1925
1912
1912
1889
1889
1863
1863
1898
1898
1910
1910
1936
1936
1934
1934
1891
1891
1927
1927
1906
1906
1898
1898
1903
1903
1922
1922
1924
1924
1903
1903
1928
1928
1910
1910
1938
1938
1906
1906
1910
1910
1881
1881
1932
1932
1906
1906
1928
1928
1902
1902
1905
1905
1900
1900
1915
1915
1926
1926
1924
1924
1930
1930
1902
1902
1933
1933
1896
1896
1944
1944
1942
1942
1910
1910
1925
1925
1897
1897
1889
1889
1923
1923
1904
1904
1936
1936
1931
1931
1932
1932
1899
1899
1873
1873
1905
1905
1905
1905
1905
1905
1909
1909
1923
1923
1908
1908
1932
1932
1896
1896
1905
1905
1939
1939
1912
1912
1921
1921
1938
1938
1926
1926
1930
1930
1902
1902
1909
1909
1908
1908
1935
1935
1933
1933
1915
1915
1917
1917
1879
1879
1920
1920
1916
1916
1912
1912
1933
1933
1934
1934
1908
1908
1923
1923
1939
1939
1909
1909
1908
1908
1934
1934
1918
1918
1905
1905
1900
1900
1908
1908
1921
1921
1917
1917
1933
1933
1908
1908
1905
1905
1938
1938
1915
1915
1887
1887
1924
1924
1912
1912
1897
1897
1900
1900
1931
1931
1906
1906
1903
1903
1920
1920
1910
1910
1895
1895
1912
1912
1906
1906
1879
1879
1914
1914
1903
1903
1872
1872
1937
1937
1908
1908
1912
1912
1917
1917
1943
1943
1891
1891
1887
1887
1870
1870
1899
1899
1930
1930
1931
1931
1911
1911
1907
1907
1891
1891
1919
1919
1926
1926
1889
1889
1888
1888
1890
1890
1924
1924
1924
1924
1938
1938
1926
1926
1935
1935
1900
1900
1931
1931
1908
1908
1939
1939
1910
1910
