1913
1876
1895
1900
1928
1893
1938
1896
1938
1937
1911
1926
1928
1939
1939
1901
1905
1913
1916
1937
1931
1903
1918
1879
1938
1930
1926
1934
1919
1931
1899
1929
1913
1928
1892
1934
1904
1928
1885
1905
1926
1889
1911
1882
1887
1892
1898
1912
1909
1896
1926
1889
1899
1935
1907
1919
1894
1906
1894
1935
1909
1883
1907
1891
1892
1920
1887
1908
1921
1923
1913
1888
1918
1917
1898
1931
1919
1893
1924
1895
1922
1916
1920
1923
1923
1925
1903
1928
1900
1905
1906
1923
1934
1902
1898
1924
1931
1910
1917
1905
1940
1897
1905
1909
1925
1921
1888
1917
1914
1920
1916
1909
1918
1913
1883
1911
1873
1915
1940
1907
1904
1908
1938
1918
1890
1902
1883
1908
1905
1929
1918
1919
1907
1895
1896
1904
1893
1894
1922
1876
1878
1900
1936
1897
1911
1903
1926
1922
1893
1920
1888
1925
1925
1918
1893
1923
1925
1904
1900
1931
1924
1920
1936
1903
1933
1912
1887
1936
1910
1874
1907
1911
1907
1938
1913
1897
1928
1914
1904
1935
1930
1922
1926
1883
1879
1921
1920
1889
1926
1918
1914
1890
1908
1906
1910
1877
1917
1914
1941
1924
1934
1926
1929
1898
1897
1930
1921
1904
1906
1907
1938
1914
1931
1917
1907
1912
1930
1913
1909
1926
1927
1895
1926
1888
1930
1906
1909
1892
1890
1916
1890
1909
1920
1894
1916
1877
1909
1900
1904
1920
1925
1927
1899
1897
1915
1916
1889
1921
1903
1916
1879
1904
1895
1895
1918
1918
1915
1880
1921
1894
1888
1928
1926
1930
1911
1904
1899
1899
1934
1928
1911
1919
1925
1923
1942
1917
1896
1910
1908
1907
1878
1935
1910
1888
1879
1936
1906
1903
1926
1929
1858
1905
1927
1924
1892
1927
1898
1925
1903
1876
1916
1920
1942
1918
1920
1933
1904
1930
1914
1910
1926
1902
1928
1928
1934
1935
1894
1886
1931
1912
1897
1903
1940
1920
1911
1904
1887
1914
1913
1885
1910
1939
1874
1873
1899
1932
1931
1903
1916
1925
1928
1892
1923
1888
1892
1924
1933
1931
1912
1915
1922
1930
1916
