1886
1889
1926
1895
1928
1904
1933
1903
1930
1924
1894
1924
1897
1922
1886
1926
1925
1858
1931
1895
1897
1928
1915
1925
1937
1937
1919
1913
1922
1931
1940
1910
1929
1880
1888
1925
1887
1923
1897
1930
1933
1928
1927
1903
1929
1931
1899
1909
1934
1929
1902
1903
1925
1926
1890
1885
1918
1911
1932
1910
1899
1912
1937
1931
1881
1902
1937
1905
1932
1906
1905
1910
1890
1931
1905
1934
1916
1892
1921
1926
1926
1931
1924
1896
1938
1929
1877
1887
1932
1925
1880
1937
1934
1910
1905
1853
1881
1853
1881
1902
1927
1902
1930
1916
1929
1894
1926
1923
1923
1884
1918
1925
1916
1897
1929
1925
1894
1885
1885
1912
1922
1883
1926
1889
1915
1920
1924
1929
1898
1901
1930
1934
1927
1937
1906
1909
