1890
1890
1902
1902
1908
1908
1907
1907
1922
1922
1894
1894
1924
1924
1938
1938
1913
1913
1920
1920
1927
1927
1933
1933
1908
1908
1872
1872
1884
1884
1912
1912
1927
1927
1930
1930
1902
1902
1938
1938
1926
1926
1942
1942
1910
1910
1881
1881
1900
1900
1924
1924
1900
1900
1900
1900
1930
1930
1924
1924
1892
1892
1883
1883
1865
1865
1897
1897
1930
1930
1898
1898
1901
1901
1924
1924
1896
1896
1919
1919
1910
1910
1898
1898
1911
1911
1894
1894
1916
1916
1909
1909
1931
1931
1928
1928
1897
1897
1870
1870
1907
1907
1939
1939
1929
1929
1900
1900
1867
1867
1914
1914
1915
1915
1891
1891
1940
1940
1922
1922
1938
1938
1920
1920
1914
1914
1890
1890
1919
1919
1917
1917
1925
1925
1912
1912
1911
1911
1926
1926
1914
1914
1894
1894
1890
1890
1909
1909
1915
1915
1917
1917
1885
1885
1896
1896
1927
1927
1900
1900
1925
1925
1930
1930
1915
1915
1920
1920
1926
1926
1894
1894
1894
1894
1923
1923
1915
1915
1936
1936
1938
1938
1904
1904
1935
1935
1901
1901
1921
1921
1887
1887
1918
1918
1916
1916
1914
1914
1922
1922
1921
1921
1888
1888
1920
1920
1876
1876
1876
1876
1896
1896
1923
1923
1898
1898
1923
1923
1906
1906
1918
1918
1928
1928
1919
1919
1918
1918
1896
1896
1894
1894
1882
1882
1889
1889
1881
1881
1876
1876
1908
1908
1909
1909
1935
1935
1879
1879
1908
1908
1939
1939
1901
1901
1937
1937
1904
1904
1904
1904
1941
1941
1891
1891
1900
1900
1923
1923
1938
1938
1938
1938
1942
1942
1911
1911
1906
1906
1921
1921
1920
1920
1901
1901
1913
1913
1883
1883
1908
1908
1929
1929
1893
1893
1916
1916
1906
1906
1917
1917
1927
1927
1935
1935
1904
1904
1904
1904
1902
1902
1880
1880
1871
1871
1939
1939
1906
1906
1914
1914
1912
1912
1922
1922
1916
1916
1884
1884
1885
1885
1915
1915
1913
1913
1870
1870
1884
1884
1872
1872
1914
1914
1930
1930
1933
1933
1886
1886
1878
1878
1880
1880
1916
1916
1933
1933
1910
1910
1906
1906
1925
1925
1924
1924
1886
1886
1918
1918
1887
1887
1922
1922
1920
1920
1917
1917
1876
1876
1886
1886
1913
1913
1916
1916
1914
1914
1910
1910
1912
1912
1867
1867
1907
1907
1873
1873
1919
1919
1911
1911
1911
1911
1917
1917
1911
1911
1915
1915
1910
1910
1884
1884
1916
1916
1921
1921
1927
1927
1873
1873
1930
1930
1938
1938
1932
1932
1933
1933
1907
1907
1929
1929
1928
1928
1924
1924
1902
1902
1902
1902
1915
1915
1938
1938
1905
1905
1899
1899
1934
1934
1915
1915
1882
1882
1887
1887
1880
1880
1908
1908
1900
1900
1901
1901
1938
1938
1900
1900
1931
1931
1928
1928
1887
1887
1914
1914
1920
1920
1919
1919
1923
1923
1876
1876
1899
1899
1893
1893
1925
1925
1931
1931
1933
1933
1927
1927
1929
1929
1897
1897
1899
1899
1909
1909
1937
1937
1911
1911
1940
1940
1940
1940
1914
1914
