1928
1888
1889
1911
1911
1934
1900
1903
1897
1891
1895
1897
1928
1920
1923
1912
1906
1907
1919
1913
1916
1925
1893
1894
1910
1910
1909
1933
1902
1926
1910
1883
1877
1920
1909
1901
1935
1938
1937
1911
1868
1914
1901
1940
1895
1924
1929
1895
1892
1889
1900
1899
1874
1875
1908
1874
1914
1913
1885
1936
1900
1939
1922
1890
1925
1930
1895
1914
1931
1923
1903
1934
1931
1908
1916
1917
1886
1907
1904
1932
1937
1910
1922
1925
1897
1899
1914
1916
1877
1906
1877
1918
1912
1908
1923
1925
1942
1913
1896
1928
1889
1939
1924
1924
1926
1922
1880
1935
1930
1899
1924
1903
1933
1909
1923
1928
1904
1880
1891
1925
1903
1892
1913
1913
1884
1919
1909
1925
1917
1912
1913
1914
1896
1924
1908
1930
1928
1928
1925
1925
1933
1914
1924
1889
1933
1925
1935
1930
1888
1918
1923
1910
1884
1901
1892
1926
1900
1933
1938
1896
1926
1927
1931
1931
1897
1934
1929
1926
1924
1871
1900
1911
1908
1910
1928
1928
1909
1934
1877
1911
1887
1914
1913
1892
1920
1921
1925
1923
1888
1902
1903
1928
1901
1891
1927
1932
1926
1933
1900
1927
1901
1909
1938
1909
1912
1907
1897
1900
1897
1928
1925
1923
1920
1917
1917
1911
1895
1911
1939
1931
1933
1921
1901
1930
1927
1921
1940
1900
1908
1925
1909
1940
1909
1932
1938
1934
1931
1939
1901
1904
1929
1940
1919
1915
1914
1919
1883
1921
1889
1905
1911
1884
1912
1940
1919
1885
1885
1932
1870
1909
1918
1922
1880
1885
1924
1889
1882
1907
1907
1880
1918
1929
1893
1919
1900
1901
1888
1908
1928
1874
1929
1888
1913
1932
1906
1915
1918
1932
1933
1910
1911
1937
1935
1906
1915
1911
1910
1915
1909
1871
1927
1922
1925
1912
1901
1928
1883
1916
1925
1890
1931
1902
1915
1896
1901
1902
1929
1913
1889
1913
1890
1925
1919
1924
1916
1922
1890
1896
1920
1916
1911
1923
1906
1876
1935
1914
1937
1893
1921
1905
1939
1897
1904
1933
1906
1919
1920
1891
1895
1929
1892
1923
1903
1940
1910
1878
1883
1889
1921
1914
1877
1906
1901
1901
1925
1889
1922
1895
1906
1904
1905
1917
1921
1919
1916
1888
1920
1879
1900
1935
1925
1882
1917
1930
1908
1928
1923
1893
1889
1926
1919
1881
1886
1897
1926
1921
1931
1923
1914
1909
1912
1899
