1907
1895
1926
1919
1924
1891
1908
1885
1913
1928
1889
1928
1921
1878
1923
1880
1938
1928
1933
1905
1926
1905
1907
1939
1932
1907
1882
1881
1871
1908
1876
1923
1905
1894
1863
1886
1905
1885
1885
1926
1922
1852
1916
1913
1872
1891
1867
1866
1870
1925
1897
1903
1907
1881
1886
1876
1909
1875
1933
1936
1907
1909
1938
1926
1900
1903
1912
1920
1923
1920
1889
1902
1927
1929
1928
1895
1896
1909
1939
1907
1887
1924
1910
1880
1927
1920
1918
1901
1896
1931
1865
1934
1926
1938
1908
1913
1910
1879
1907
1882
1896
1903
1872
1918
1913
1880
1920
1901
1893
1924
1919
1917
1889
1894
1889
1927
1879
1884
1919
1928
1924
1928
1897
1896
1928
1891
1904
1902
1932
1929
1894
1904
1933
1894
1920
1900
1927
1899
1925
1887
1921
1921
1889
1875
1926
1903
1919
1928
1900
1930
1910
1937
1922
1926
1906
1923
1921
1890
1939
1904
1885
1885
1879
1884
1914
1939
1924
1919
1888
1912
1889
1937
1914
1939
1924
1877
1882
1924
1918
1886
1921
1880
