1919
1886
1938
1913
1920
1886
1888
1935
1910
1913
1933
1897
1927
1902
1921
1877
1900
1885
1900
1897
1935
1887
1901
1918
1920
1923
1888
1928
1925
1889
1925
1938
1910
1897
1920
1924
1905
1909
1917
1901
1912
1919
1914
1887
1923
1921
1921
1925
1935
1928
1895
1931
1919
1909
1888
1914
1934
1906
1906
1931
1905
1897
1907
1889
1906
1938
1936
1913
1913
1939
1915
1878
1937
1906
1907
1889
1894
1887
1914
1887
1872
1879
1905
1930
1928
1898
1927
1939
1896
1931
1920
1905
1924
1919
1883
1935
1912
1909
1892
1893
1926
1928
1922
1929
1904
1933
1898
1905
1937
1933
1906
1939
1867
1881
1873
1881
1901
1912
1935
1894
1899
1916
1938
1920
1885
1912
1883
1905
1911
1913
1938
1913
1921
1925
1889
1938
1919
1924
1892
1940
1904
1911
1905
1907
1899
1903
1901
1931
1935
1893
1928
1897
1936
1934
1906
1906
