1921
1913
1915
1929
1925
1890
1917
1927
1887
1926
1883
1919
1881
1882
1913
1910
1936
1909
1921
1898
1926
1927
1901
1929
1877
1908
1919
1938
1905
1908
1933
1899
1932
1895
1926
1925
1889
1886
1926
1904
1908
1902
1926
1897
1932
1929
1888
1888
1922
1929
1898
1912
1917
1900
1922
1886
1927
1900
1935
1918
1917
1944
1913
1918
1913
1910
1915
1920
1886
1883
1897
1889
1887
1917
1924
1937
1937
1919
1902
1893
1916
1916
1930
1931
1936
1904
1926
1940
1899
1918
1915
1916
1925
1887
1916
1921
1923
1925
1913
1922
1911
1892
1928
1898
1932
1923
1916
1915
1917
1910
1915
1905
1902
1925
1921
1932
1935
1908
1917
1921
1890
1892
1926
1920
1919
1930
1891
1895
1925
1921
1929
1875
1892
1888
1888
1891
1910
1940
1880
1872
1916
