1906
1899
1866
1863
1884
1877
1900
1893
1908
1897
1888
1868
1866
1913
1882
1875
1905
1860
1886
1873
1878
1881
1881
1873
1885
1889
1881
1885
1883
1881
1867
1884
1859
1883
1903
1897
1898
1882
1867
1876
1885
1909
1887
1879
1878
1889
1868
1904
1864
1883
1884
1906
1905
1885
1889
1883
1887
1900
1883
1856
1875
1866
1907
1884
1866
1905
1884
1869
1866
1896
1899
1880
1882
1885
1884
1895
1876
1876
1884
1889
1884
1888
1884
1894
1869
1860
1908
1879
1901
1893
1857
1905
1871
1888
1898
1888
1897
1869
1896
1919
1881
1889
1879
1878
1855
1906
1882
1869
1873
1877
1913
1886
1921
1875
1877
1884
1874
1866
1910
1868
1863
1898
1902
1877
1890
1854
1904
1904
1886
1891
1860
1902
1873
1892
1894
1888
1896
1873
1861
1899
1879
1893
1893
1894
1869
1862
1890
1904
1918
1874
1901
1883
1885
1908
1863
1910
1859
1898
1884
1886
1887
1899
1876
1878
1896
1881
1894
1901
1922
1909
1894
1873
1868
1865
1906
1860
