1910
1918
1939
1934
1896
1881
1895
1888
1905
1888
1879
1917
1910
1925
1909
1917
1885
1923
1885
1921
1932
1929
1890
1922
1935
1927
1895
1924
1920
1927
1893
1921
1920
1890
1931
1923
1920
1895
1927
1899
1898
1925
1871
1873
1906
1912
1860
1868
1906
1896
1890
1895
1929
1927
1892
1923
1893
1929
1929
1909
1922
1882
1916
1860
1925
1930
1900
1876
1903
1927
1896
1875
1868
1922
1863
1878
1897
1929
1922
1890
1926
1935
1924
1931
1933
1871
1924
1934
1921
1929
1910
1902
1927
1903
1926
1898
1929
1898
1925
1882
1923
1883
1917
1908
1935
1932
1932
1910
1920
1927
1916
1930
1885
1923
1919
1882
1929
1926
1888
1886
1924
1913
1939
1919
1934
1926
1922
1929
1894
1900
1909
1877
1881
1867
1912
1906
1936
1908
1939
1912
1901
1898
1938
1870
1891
1919
1886
1909
1911
1914
1879
1917
1890
1915
1911
1880
1913
1917
1915
1894
1925
1926
1894
1922
1906
1911
1866
1902
1926
1900
1923
1889
1924
1921
1930
1926
1890
1903
1911
1883
1890
1910
1920
1938
1882
1908
1898
1912
1910
1898
1919
1891
1884
1922
1915
1913
1875
1871
1910
1930
