1925
1926
1921
1917
1924
1923
1906
1923
1905
1924
1910
1918
1903
1919
1925
1914
1915
1918
1916
1905
1921
1919
1918
1916
1919
1921
1913
1921
1922
1925
1922
1919
1911
1908
1919
1918
1923
1907
1921
1912
1915
1903
1914
1923
1927
1922
1901
1922
1925
1919
1914
1911
1895
1915
1912
1920
1922
1908
1920
1926
1918
1923
1924
1921
1917
1915
1918
1926
1917
1925
1918
1924
1910
1915
1924
1919
1910
1913
1915
1920
1918
1920
1923
1906
1921
1918
1923
1919
1925
1918
1918
1926
1921
1918
1925
1925
1917
1892
1918
1915
1910
1916
1914
1917
1920
1900
1926
1923
1917
1909
1895
1902
1923
1906
1918
1911
1906
1922
1922
1917
1913
1909
1910
1920
1917
1923
1929
1920
1905
1916
1909
1924
1909
1925
1923
1920
1924
1921
1922
1926
1924
1921
1924
1915
1926
1919
1920
1921
1924
1909
1909
1925
1927
1921
1922
1899
1906
1913
1925
1921
1924
1918
1914
1922
1914
1924
1913
1923
1916
1919
1924
1916
1919
1924
1915
1920
1920
1920
1917
1923
1906
1920
1915
1914
1921
1924
1921
1925
1922
1926
1899
1923
1919
1913
1924
1906
1920
1921
1921
1920
1922
1919
1920
1913
1923
1914
1907
1918
1911
1919
1924
1912
1919
1921
1915
1915
1923
1921
1925
1918
1898
1914
1921
1920
1924
1914
1919
1923
1924
1922
1883
1921
1911
1916
1921
1918
1905
1914
1913
1902
1911
1906
1916
1923
1907
1919
1916
1921
1908
1923
1923
1910
1902
1921
1902
1921
1900
1925
1913
1918
1926
1918
1926
1893
1911
1905
1900
1923
1921
1921
1920
1920
1919
1925
1916
1916
1922
1911
1923
1914
1919
1924
1901
1913
1916
1917
1904
1908
1914
1919
1910
1922
1915
1918
1923
1916
1920
1925
1913
1922
1919
1924
1920
1921
1925
1899
1925
1925
1925
1911
1920
1923
1923
1903
1922
1920
1922
1915
1924
1901
1917
1918
1913
1923
1924
1918
1924
1913
1918
1924
1895
1921
1917
1915
1923
1920
1923
1921
1921
1921
1913
1912
1925
1925
1918
1915
1923
1921
1924
1923
1905
1903
1909
1923
1909
1920
1924
1926
1921
1925
1914
1909
1925
1921
1918
1925
1919
1921
1904
1906
1923
1915
1923
1919
1908
1909
1918
1921
1921
1922
1917
1921
1919
1919
1924
1925
1907
1903
1920
1909
1907
1913
1926
1907
1919
1903
1923
1916
1898
1914
1923
1920
1914
1909
1920
1923
1917
1902
1925
1902
1911
1907
1919
1919
1911
1912
1899
1921
1925
1904
1919
1919
1917
1909
1911
1906
1913
1928
1914
1921
1923
1923
1924
1905
1918
1924
1922
1918
1901
1913
1902
1921
1915
1913
1922
1925
1917
1921
1920
1925
1894
1917
1912
1922
1897
1913
1902
1919
1926
1916
1923
1921
1923
1926
1909
1920
1922
1921
1922
1915
1921
1924
1909
1907
1914
1925
1917
1914
1923
1914
1919
1926
1923
1923
1911
1923
1920
1921
1925
1921
1904
1922
1924
1913
1925
1925
1908
1922
1923
1924
1924
1919
1902
1921
1924
1918
1904
1917
1925
1912
1923
1918
1916
1911
1915
1925
1920
1898
1913
1917
1915
1922
1910
1907
1914
1927
1912
1906
1919
1925
1925
1922
1911
1922
1921
1922
1928
1917
1920
1914
1914
1907
1918
1916
1907
1907
1907
1920
1921
1916
1913
1921
1905
1920
1925
1924
1920
1923
1909
1925
1920
1915
1924
1912
1924
1925
1909
1917
1922
1921
1896
1918
1907
1909
1924
1913
1908
1917
1918
1924
1921
1925
1914
1910
1916
1921
1922
1912
1913
1923
1920
1924
1921
1914
1908
1921
1916
1925
1922
1912
1920
1902
1921
1918
1921
1923
1921
1923
1923
1900
1923
1924
1923
1918
1918
1914
1914
1913
1924
1922
1922
1925
1922
1923
1919
1912
1911
1907
1916
1918
1916
1920
1914
1919
1923
1888
1922
1923
1917
1923
1911
1914
1926
1919
1917
1926
1918
1924
1910
1922
1923
1912
1926
1913
1923
1918
1894
1922
1921
1903
1916
1925
1918
1924
1918
1914
1920
1921
1922
1920
1891
1915
1926
1923
1921
1921
1918
1903
1924
1922
1919
1914
1920
1925
1923
1920
1925
1909
1924
1917
1925
1910
1921
1916
1894
1907
1919
1929
1922
1913
1916
1922
1904
1904
1926
1923
1924
1911
1914
1924
1913
1925
1909
1923
1918
1923
1909
1919
1919
1919
1902
1915
1920
1910
1925
1913
1900
1919
1906
1925
1923
1919
1927
1923
1922
1922
1915
1920
1925
1907
1912
1924
1907
1924
1922
1923
1919
1916
1923
1923
1924
1909
1923
1917
1925
1918
1921
1912
1923
1905
1925
1920
1926
1915
1910
1920
1912
1904
1916
1922
1895
1923
1923
1923
1912
1916
1922
1925
1910
1925
1916
1916
1911
1906
1924
1912
1916
1912
1919
1914
1921
1915
1915
1909
1921
1909
1917
1926
1926
1921
1921
1916
1923
1922
1925
1922
1922
1916
1906
1922
1912
1925
1925
1914
1915
1925
1921
1922
1928
1909
1918
1926
1921
1917
1899
1915
1909
1905
1907
1916
1915
1924
1925
1921
1919
1925
1908
1926
1899
1924
1912
1915
1925
1921
1912
1918
1900
1892
1905
1920
1920
1906
1922
1922
1908
1924
1912
1916
1903
1913
1922
1922
1908
1910
1916
1905
1923
1917
1920
1922
1904
1923
1921
1911
1923
1924
1923
1921
1924
1914
1916
1919
1910
1924
1913
1925
1924
1906
1918
1907
1919
1920
1915
1919
1923
1920
1921
1923
1904
1924
1915
1916
1903
1908
1918
1903
1913
1922
1905
1921
1889
1925
1924
1910
1910
1924
1919
1919
1914
1905
1917
1924
1925
1914
1916
1923
1921
1901
1903
1919
1903
1921
1922
1906
1918
1917
1912
1925
1921
1922
1923
1921
1924
1912
1912
1921
1906
1920
1904
1921
1920
1920
1922
1902
1920
1907
1925
1926
1909
1924
1915
1920
1925
1918
1919
1921
1916
1912
1923
1920
1914
1897
1915
1912
1904
1910
1918
1917
1918
1902
1922
1924
1908
1904
1922
1914
1915
1904
1915
1924
1910
1899
1911
1920
1921
1923
1926
1926
1926
1912
1901
1923
1903
1924
1920
1917
1921
1922
1923
1923
1919
1922
1918
1903
1921
1918
1910
1920
1918
1912
1926
1913
1925
1918
1927
1917
1924
1908
1924
1908
1919
1914
1915
1925
1914
1914
1921
1913
1919
1924
1919
1926
1914
1921
1923
1922
1910
1921
1926
1921
1921
1924
1924
1904
1910
1912
1912
1918
1925
1923
1924
1924
1922
1910
1922
1917
1925
1910
1907
1921
1923
1912
1914
1918
1912
1917
1912
1914
1910
1907
1917
1918
1923
1922
1920
1916
1922
1914
1923
1922
1918
1915
1926
1924
1920
1918
1925
1921
1924
1912
1923
1909
1912
1926
1912
1917
1915
1922
1924
1905
1915
1907
1919
1916
1920
1916
1924
1918
1902
1912
1912
1919
1916
1914
1910
1900
1927
1900
1914
1920
1918
1912
1902
1925
1911
1926
1921
1924
1911
1925
1923
1913
1925
1912
1908
1908
1905
1896
1926
1925
1925
1922
1923
1920
1914
1924
1923
1925
1914
1925
1912
1915
1924
1924
1920
1919
1924
1918
1919
1920
1919
1908
1920
1914
1914
1914
1918
1902
1909
1923
1895
1902
1916
1924
1913
1927
1925
1916
1924
1924
1920
1906
1924
1920
1916
1923
1921
1915
1921
1913
1921
1900
1921
1901
1911
1925
1919
1913
1922
1907
1921
1924
1923
1925
1914
1926
1919
1921
1924
1918
1925
1918
1916
1921
1923
1900
1923
1922
1923
1906
1923
1923
1914
1916
1924
1921
1920
1922
1906
1889
1919
1919
1926
1911
1914
1918
1915
1923
1920
1919
1903
1925
1917
1926
1920
1901
1910
1915
1923
1902
1923
1904
1930
1916
1920
1923
1910
1912
1912
1918
1912
1918
1907
1923
1922
1923
1902
1923
1919
1917
1916
1922
1912
1920
