1927
1915
1897
1921
1923
1907
1934
1933
1908
1874
1893
1864
1907
1895
1923
1870
1880
1912
1884
1882
1916
1873
1902
1929
1867
1893
1925
1937
1931
1919
1880
1940
1902
1928
1937
1912
1893
1936
1895
1900
1892
1930
1888
1892
1925
1908
1929
1939
1924
1926
1899
1937
1880
1894
1915
1910
1896
1926
1876
1903
1937
1912
1912
1880
1917
1927
1921
1928
1919
1889
1886
1939
1935
1908
1905
1909
1923
1920
1924
1900
1900
1918
1921
1885
1913
1887
1862
1864
1888
1923
1896
1887
1885
1920
1900
1909
1911
1935
1939
1930
1932
1926
1939
1924
1900
1935
1928
1932
1901
1893
1905
1905
1937
1899
1876
1936
1899
1937
1922
1925
1892
1903
1903
1938
1914
1885
1886
1920
1938
1906
1916
1922
1885
1921
1927
1917
1889
1920
1924
