1920
1920
1900
1900
1907
1907
1905
1905
1918
1918
1916
1916
1907
1907
1891
1891
1895
1895
1897
1897
1909
1909
1937
1937
1930
1930
1940
1940
1879
1879
1904
1904
1910
1910
1928
1928
1936
1936
1923
1923
1895
1895
1911
1911
1935
1935
1914
1914
1913
1913
1923
1923
1878
1878
1881
1881
1901
1901
1933
1933
1902
1902
1927
1927
1913
1913
1917
1917
1913
1913
1888
1888
1901
1901
1941
1941
1914
1914
1937
1937
1939
1939
1921
1921
1911
1911
1919
1919
1921
1921
1933
1933
1900
1900
1936
1936
1903
1903
1909
1909
1925
1925
1923
1923
1925
1925
1908
1908
1913
1913
1930
1930
1886
1886
1886
1886
1883
1883
1915
1915
1918
1918
1943
1943
1922
1922
