1876
1876
1939
1939
1905
1905
1905
1905
1926
1926
1930
1930
1894
1894
1891
1891
1922
1922
1931
1931
1888
1888
1902
1902
1891
1891
1909
1909
1928
1928
1925
1925
1895
1895
1886
1886
1922
1922
1891
1891
1916
1916
1916
1916
1916
1916
1916
1916
1919
1919
1927
1927
1893
1893
1909
1909
1931
1931
1897
1897
1915
1915
1921
1921
1887
1887
1884
1884
1908
1908
1928
1928
1925
1925
1932
1932
1900
1900
1898
1898
1902
1902
1902
1902
1901
1901
1911
1911
1910
1910
1921
1921
1909
1909
1900
1900
1892
1892
1910
1910
1879
1879
1882
1882
1912
1912
1921
1921
1930
1930
1924
1924
1925
1925
1921
1921
1916
1916
1941
1941
1886
1886
1902
1902
1871
1891
1925
1925
1919
1919
1880
1880
1918
1918
1903
1903
1888
1888
1925
1925
1921
1921
1931
1931
1925
1925
1929
1929
1877
1877
1927
1927
1902
1902
1899
1899
1934
1934
1914
1914
1905
1905
1932
1932
1905
1905
1930
1930
1924
1924
1927
1927
1930
1930
1922
1922
1896
1896
1895
1895
1912
1912
1923
1923
1920
1920
1881
1881
1915
1915
1899
1899
1899
1899
1914
1914
1901
1901
1899
1899
1930
1930
1935
1935
1904
1904
1912
1912
1920
1920
1900
1900
1877
1877
1921
1921
1908
1908
1912
1912
1912
1912
1895
1895
1939
1939
1937
1937
1930
1930
1934
1934
1928
1928
1934
1934
1916
1916
1925
1925
1905
1905
1922
1922
1923
1923
1891
1891
1929
1929
1896
1896
1926
1926
1924
1924
1900
1900
1927
1927
1905
1905
1925
1925
1928
1928
1890
1890
1884
1884
1923
1923
1928
1928
1925
1925
1904
1904
1918
1918
1914
1914
1916
1916
1902
1902
1900
1900
1907
1907
1929
1929
1925
1925
1927
1927
1937
1937
1930
1930
1895
1895
1900
1900
1911
1911
1880
1880
1917
1917
1906
1906
1931
1931
1912
1912
1918
1918
1867
1867
1910
1910
1923
1923
1913
1913
1899
1899
1898
1898
1924
1924
1929
1929
1900
1900
1889
1889
1890
1890
1906
1906
1897
1897
1929
1929
1896
1896
1931
1931
1935
1935
1894
1894
1927
1927
1934
1934
1908
1908
1907
1907
1940
1940
1925
1925
1898
1898
1926
1926
1900
1900
1923
1923
1902
1902
1900
1900
1895
1895
1926
1926
1900
1900
1916
1916
1910
1910
1914
1914
1921
1921
1923
1923
