1904
1909
1937
1934
1925
1931
1898
1930
1933
1900
1925
1884
1885
1913
1939
1914
1901
1930
1925
1892
1921
1921
1932
1914
1890
1927
1939
1912
1937
1912
1920
1928
1912
1927
1887
1886
1892
1921
1911
1910
1891
1906
1904
1874
1930
1902
1909
1898
1924
1928
1899
1912
1940
1907
1914
1942
1907
1906
1938
1914
1869
1936
1934
1931
1902
1899
1879
1913
1902
1894
1893
1922
1912
1891
1918
1939
1901
1908
1907
1910
1929
1899
1905
1865
1903
1895
1924
1902
1938
1937
1907
1935
1923
1927
1895
1895
1918
1892
1892
1922
1922
1926
1896
1929
1932
1932
1898
1898
1902
1904
1906
1898
1933
1900
1916
1918
1876
1940
1918
1912
1912
1912
1913
1913
1913
1942
1870
1885
1885
1877
1877
1910
1878
1910
1879
1910
1894
1928
1929
1896
1919
1939
1913
1892
1914
1874
1870
1913
1902
1928
1898
1931
1934
1880
1880
1911
1914
1885
1911
1909
1913
1884
1932
1922
1934
1934
1902
1926
1916
1894
1896
1934
1931
1904
1882
1879
1889
1876
1875
1885
1883
1889
1921
1939
1917
1879
1896
1898
1910
1894
1890
1916
1916
1911
1900
1914
1893
1922
1883
1913
1914
1894
1920
1881
1883
1910
1877
1914
1918
1916
1881
1901
1912
1885
1912
1940
1885
1920
1912
1912
1940
1879
1879
1935
1905
1907
1913
1878
1938
1910
1919
1898
1923
1928
1924
1903
1893
1921
1875
1922
1929
1905
1930
1924
1905
1890
1890
1890
1923
1920
1930
1925
1893
1893
1893
1886
1886
1885
1921
1941
1908
1916
1915
1915
1893
1916
1912
1917
1920
1895
1920
1920
1920
1889
1925
1925
1931
1932
1904
1930
1895
1903
1931
1938
1902
1931
1900
1930
1890
1885
1879
1918
1918
1930
1930
1936
1904
1932
1922
1919
1914
1879
1885
1912
1924
1916
1935
1910
1912
1880
1909
1914
1941
1913
1939
1887
1912
1885
1904
1887
1886
1916
1914
1942
1907
1933
1938
1899
1907
1929
1927
1924
1924
1937
1896
1931
1878
1888
1910
1914
1896
1926
1896
1866
1867
1924
1918
1931
1906
1906
1902
1934
1871
1909
1941
1909
1883
1926
1924
1902
1903
1926
1912
1880
1887
1926
1921
1913
1893
1894
1894
1900
1900
1878
1912
1884
1918
1897
1929
1937
1907
1883
1886
1876
1874
1878
1891
1918
1890
1928
1923
1921
1878
1908
1914
1913
1914
1917
1919
1922
1889
1925
1882
1910
1887
1926
1919
1894
1925
1917
1892
1918
1924
1895
1924
1935
1912
1942
1913
1910
1872
1876
1912
1930
1931
1926
1901
1897
1924
1908
1897
1935
1920
1879
1906
1900
1910
1870
1909
1919
1898
1917
1874
1907
1933
1929
1907
1896
1888
1923
1879
1877
1879
1939
1909
1934
1933
1906
1907
1939
1897
1928
1907
1893
1921
1920
1890
1924
1868
1914
1939
1912
1870
1879
1900
1903
