1914
1914
1944
1944
1940
1940
1909
1909
1930
1930
1913
1913
1909
1909
1888
1888
1904
1904
1904
1904
1908
1908
1908
1908
1937
1937
1931
1931
1910
1910
1928
1928
1920
1920
1924
1924
1919
1919
1910
1910
1910
1910
1911
1911
1923
1923
1898
1898
1902
1902
1928
1928
1930
1930
1925
1925
1885
1885
1915
1915
1921
1921
1887
1887
1885
1885
1921
1921
1891
1891
1927
1927
1903
1903
1915
1915
1925
1925
1916
1916
1904
1904
1917
1917
1926
1926
1920
1920
1889
1889
1925
1925
1916
1916
1921
1921
1889
1889
1913
1913
1918
1918
1924
1924
1910
1910
1918
1918
1918
1918
1919
1919
1919
1919
1912
1912
1919
1919
1929
1929
1910
1910
1933
1933
1918
1918
1928
1928
1892
1892
1925
1925
1901
1901
1871
1871
1870
1870
1908
1908
1900
1900
1908
1908
1874
1874
1901
1901
1924
1924
1904
1904
1910
1910
1903
1903
1906
1906
1906
1906
1903
1903
1919
1919
1919
1919
1910
1910
1929
1929
1919
1919
1931
1931
1931
1931
1925
1925
1919
1912
1912
1919
1926
1926
1926
1926
1918
1918
1915
1915
1920
1920
1917
1917
1903
1903
1903
1903
1903
1903
1903
1903
1912
1912
1912
1912
1900
1900
1931
1931
1913
1913
1911
1911
1915
1915
1887
1887
1911
1911
1916
1916
1912
1912
1921
1921
1923
1923
1925
1925
1913
1913
1879
1879
1879
1879
1878
1878
1878
1878
1918
1918
1892
1892
1930
1930
1912
1912
1919
1919
1925
1925
1920
1920
1924
1924
1930
1930
1922
1922
1886
1886
1918
1918
1892
1892
1901
1901
1924
1924
1896
1896
1910
1910
1911
1911
1921
1921
1932
1932
1932
1932
1905
1905
1940
1940
1900
1900
1921
1921
1916
1916
1908
1908
1933
1933
1927
1927
1907
1907
1925
1925
1926
1926
1914
1914
1911
1911
