1926
1905
1928
1931
1928
1918
1879
1905
1926
1903
1929
1902
1897
1925
1930
1892
1925
1924
1930
1923
1912
1934
1904
1923
1928
1903
1909
1934
1913
1907
1907
1883
1882
1904
1933
1940
1912
1914
1916
1914
1908
1917
1898
1902
1924
1899
1937
1911
1897
1925
1916
1920
1888
1907
1937
1914
1935
1907
1884
1920
1924
1927
1929
1885
1906
1895
1894
1931
1910
1902
1933
1902
1908
1912
1926
1928
1897
1895
1930
1895
1927
1895
1926
1929
1909
1909
1925
1903
1926
1917
1885
1923
1909
1931
1898
1907
1929
1926
1927
1886
1892
1922
1918
1911
1920
1914
1918
1910
1889
1942
1885
1918
1883
1879
1911
1911
1938
1932
1916
1917
1884
1879
1920
1921
1925
1907
1905
1930
1906
1906
1940
1928
1926
1906
1905
1906
1926
1911
1937
1925
1929
1897
1926
1924
1931
1920
1892
1894
1901
1930
1924
1928
1889
1932
1903
1908
1887
1903
1913
1929
1907
1908
1923
1884
1886
1910
1885
1916
1894
1928
1930
1924
1918
1892
1943
1911
1911
1904
1920
1941
1932
1909
1906
1905
1926
1922
1903
1899
1897
1906
1874
1875
1911
1929
1915
1917
1913
1887
1928
1926
1923
1897
1919
1918
1892
1926
1928
1895
1888
1894
1925
1931
1914
1906
1942
1933
1904
1893
1907
1929
1928
1912
1941
1911
1909
1890
1922
1892
1926
1926
1921
1917
1931
1935
1933
1902
1898
1928
1926
1925
1916
1928
1923
1922
1900
1920
1875
1875
1916
1923
1933
1875
1873
1915
1920
1906
1869
1869
1869
1907
1934
