1920
1928
1901
1929
1929
1928
1903
1903
1920
1920
1923
1923
1938
1919
1944
1919
1944
1928
1904
1904
1904
1903
1903
1939
1939
1921
1921
1907
1907
1915
1883
1883
1879
1879
1915
1915
1911
1911
1878
1878
1938
1938
1904
1932
1894
1894
1929
1929
1895
1895
1927
1927
1882
1882
1920
1920
1923
1923
1916
1916
1914
1914
1937
1911
1908
1939
1935
1897
1897
1899
1932
1932
1928
1928
1933
1933
1926
1926
1899
1899
1890
1887
1917
1919
1909
1941
1899
1899
1883
1914
1910
1873
1873
1920
1909
1909
1909
1915
1910
1920
1910
1885
1928
1918
1926
1930
1898
1898
1925
1925
1921
1921
1926
1926
1930
1930
1906
1911
1911
1902
1902
1895
1895
1924
1924
1917
1917
1920
1920
1927
1931
1895
1907
1895
1895
1924
1924
1944
1919
1919
1895
1895
1944
1927
1927
1922
1922
1935
1935
1884
1884
1923
1923
1918
1927
1927
1925
1925
1876
1897
1873
1923
1919
1897
1930
1897
1909
1906
1906
1906
1906
1911
1911
1916
1921
1905
1905
1898
1921
1900
1914
1931
1929
1900
1900
1930
1930
1925
1925
1902
1902
1903
1907
1935
1885
1904
1920
1944
1944
1902
1924
1929
1932
1925
1918
1913
1908
1908
1922
1885
1885
1939
1939
1914
1914
1912
1912
1895
1895
1895
1895
1905
1942
1910
1910
1933
1933
