1900
1934
1901
1927
1914
1910
1878
1892
1885
1930
1924
1896
1922
1899
1933
1896
1899
1926
1907
1928
1897
1899
1901
1905
1873
1914
1912
1921
1889
1892
1919
1925
1892
1870
1870
1919
1921
1912
1894
1918
1925
1886
1916
1903
1875
1901
1929
1898
1894
1862
1905
1856
1903
1874
1904
1930
1932
1906
1907
1866
1882
1881
1907
1904
1875
1932
1897
1874
1872
1913
1932
1913
1892
1911
1934
1890
1927
1896
1924
1895
1932
1937
1911
1890
1881
1879
1922
1896
1902
1903
1888
1892
1915
1925
1923
1919
1916
1914
1912
1919
1887
1915
1917
1887
1910
1925
1900
1890
1899
1905
1939
1884
1902
1927
1898
1880
1924
1876
1926
1884
1917
1886
1917
1923
1920
1931
1926
1892
1933
1902
1929
1896
1893
1929
1922
1897
1925
1895
1929
1927
1927
1921
1901
1923
1894
1892
1923
1920
1878
1923
1890
1908
1909
1937
1935
1895
1926
1928
1939
1900
1896
1931
1902
1923
1911
1888
1883
1931
1887
1907
1924
1917
1907
1918
1909
1908
1936
1928
1930
1935
1923
1894
1932
1896
1887
1909
1899
1871
1896
1868
1879
1909
1916
1880
1917
1907
1914
1919
1930
1885
1883
1910
1868
1905
1920
1868
1901
1905
1933
1937
1935
1934
1901
1904
1914
1923
1924
