1898
1864
1908
1881
1860
1903
1879
1918
1903
1908
1905
1926
1893
1920
1875
1908
1909
1895
1923
1917
1927
1890
1921
1900
1875
1896
1935
1917
1891
1912
1905
1877
1919
1880
1906
1896
1931
1933
1884
1937
1913
1884
1896
1936
1936
1901
1873
1918
1928
1924
1926
1930
1897
1935
1899
1897
1918
1907
1884
1874
1912
1905
1924
1855
1853
1909
1931
1930
1939
1897
1900
1927
1938
1906
1906
1895
1864
1900
1934
1925
1932
1897
1896
1928
1928
1919
1922
1916
1932
1890
1890
1925
1890
1931
1924
1921
1895
1884
1901
1913
1920
1909
1928
1937
1934
1880
1937
1909
1934
1909
1937
1917
1940
1910
1900
1917
1922
1903
1911
1917
1918
1924
1900
1923
1888
1920
1933
1907
1907
1910
1913
1884
1878
1906
1916
1884
1940
1914
1883
1926
1891
1891
1925
1927
1896
1863
1922
1927
1923
1929
1897
1901
1934
1926
1927
1920
1926
1925
1897
1909
1908
1909
1937
1928
1923
1924
1925
1890
1935
1925
1932
1928
1898
1896
1872
1890
1890
1928
1925
1896
1919
1916
1907
1911
1931
1902
1923
1919
1931
1936
1870
1939
1898
1932
1907
1918
1878
1915
1886
1879
1904
1939
1904
1933
1905
1884
1887
1877
1937
1909
1936
1907
1908
1902
1892
1922
1890
1925
1915
1920
1917
1935
1904
1896
1927
1906
1907
1905
1939
1897
1930
1877
1931
1930
1905
1870
1893
1897
1931
1933
1906
1867
1911
1870
1903
1925
1907
1924
1890
1900
1925
1937
1932
1889
1915
1920
1889
1908
1905
1870
1900
1934
1900
1904
1874
1904
1876
1870
1928
1897
1892
1924
1926
1869
1910
1867
1893
1921
1889
1925
1886
1864
1865
1907
1880
1895
1910
1938
1868
1913
1937
1905
1865
1877
1895
1913
1892
1890
1939
1907
1913
1898
1936
1907
1938
1866
1864
1879
1927
1927
1895
1931
1869
1895
1924
1931
1897
1906
1914
1885
1880
1885
1880
1911
1909
1897
1905
1896
1933
1936
1905
1906
1871
1871
1884
1930
1906
1908
1884
1932
1926
1896
1924
1867
1894
1923
1926
1885
1889
1913
1920
1926
1923
1907
1937
1936
1916
1921
1863
1929
1903
1899
1888
1932
1885
1918
1938
1910
1938
1907
1894
1928
1922
1914
1903
1936
1921
1907
1938
1880
1911
1902
1915
1911
1940
1885
1906
1900
1926
1931
1915
1872
1870
1870
1907
1880
1887
1912
1910
1885
1888
1909
1934
1916
1902
1934
1901
1934
1931
