1903
1903
1928
1928
1890
1890
1871
1871
1873
1873
1904
1904
1909
1909
1873
1873
1938
1938
1913
1913
1875
1875
1875
1875
1910
1910
1917
1917
1896
1896
1930
1930
1924
1924
1921
1921
1919
1919
1900
1900
1890
1890
1911
1911
1883
1883
1909
1909
1908
1908
1910
1910
1914
1914
1905
1905
1881
1881
1919
1919
1882
1882
1939
1939
1939
1939
1922
1922
1929
1929
1926
1926
1938
1938
1928
1928
1933
1933
1900
1900
1931
1931
1901
1901
1909
1909
1912
1912
1916
1916
1896
1896
1932
1932
1936
1936
1936
1936
1934
1934
1934
1934
1932
1932
1904
1904
1904
1904
1906
1906
1926
1926
1900
1900
1864
1864
1933
1933
1907
1907
1919
1919
1932
1932
1882
1882
1927
1927
1928
1928
1930
1930
1926
1926
1900
1900
1920
1920
1920
1920
1924
1924
1924
1924
1927
1927
1892
1892
1919
1919
1917
1917
1890
1890
1894
1894
1923
1923
1926
1926
1926
1926
1922
1922
1917
1917
1928
1928
1918
1918
1893
1893
1876
1876
1938
1938
1908
1908
1912
1912
1890
1890
1922
1922
1920
1920
1874
1874
1931
1931
1903
1903
1896
1896
1924
1924
1891
1891
1891
1891
1931
1931
1922
1922
1926
1926
1924
1924
