1895
1923
1934
1907
1907
1926
1926
1889
1923
1912
1939
1910
1885
1875
1911
1909
1936
1910
1875
1910
1894
1889
1910
1912
1910
1915
1885
1908
1917
1904
1922
1908
1913
1915
1898
1885
1906
1903
1939
1935
1912
1900
1900
1892
1896
1901
1930
1902
1931
1908
1904
1882
1867
1877
1889
1873
1912
1905
1933
1908
1941
1937
1929
1904
1921
1917
1935
1887
1931
1901
1903
1906
1864
1902
1900
1934
1932
1917
1917
1885
1929
1916
1921
1923
1886
1922
1891
1925
1920
1932
1898
1904
1905
1896
1921
1923
1890
1889
1913
1914
1894
1934
1929
1925
1918
1916
1916
1870
1876
1914
1933
1876
1867
1923
1933
1906
1899
1930
1891
1930
1900
1900
1909
1939
1893
1878
1924
1894
1920
1899
1930
1867
1870
1874
1886
1872
1894
1901
1928
1901
1926
1885
1878
1924
1920
1912
1919
1922
1924
1887
1879
1932
1903
1928
1904
1915
1919
1879
1937
1912
1882
1936
1914
1900
1928
1925
1926
1900
1905
1874
1903
1911
1874
1918
1924
1920
1913
1936
1934
1942
1931
1902
1933
1936
1931
1914
1904
1920
1886
1892
1891
1885
1884
1902
1924
1917
1869
1894
1890
1925
1920
1921
1919
1896
1885
1925
1908
1909
1933
1902
1923
1890
1870
1881
1930
1903
1896
1885
1882
1878
1904
1933
1935
1903
1904
1896
1933
1921
1924
1891
1925
1926
1896
1929
1924
1884
1920
1914
1917
1939
1914
1923
1865
1910
1926
1919
1908
1935
1931
1925
1925
1882
1920
1920
1923
1892
1901
1928
1927
