1940
1902
1913
1925
1930
1933
1924
1910
1919
1924
1915
1944
1898
1910
1933
1925
1888
1927
1898
1896
1926
1928
1923
1920
1893
1898
1917
1890
1924
1914
1901
1902
1923
1929
1877
1877
1918
1916
1913
1919
1910
1902
1942
1910
1886
1923
1875
1930
1899
1899
1925
1913
1910
1942
1904
1904
1922
1892
1909
1937
1911
1917
1925
1913
1875
1924
1910
1933
1904
1935
1940
1940
1919
1894
1934
1936
1908
1906
1932
1931
1913
1896
1876
1895
1941
1916
1883
1926
1927
1924
1897
1900
1923
1912
1919
1925
1907
1913
1877
1927
1909
1930
1933
1882
1902
1906
1928
1919
1944
1913
1899
1897
1928
1932
1902
1927
1929
1905
1940
1926
1910
1916
1882
1923
1919
1901
1919
1874
1915
1914
1917
1920
1912
1899
1928
1914
1920
1892
1899
1914
1897
1921
1906
1930
1920
1927
1892
1931
1937
1911
1911
1912
1913
1903
1927
1923
1926
1885
1914
