1900
1900
1890
1890
1898
1898
1919
1919
1916
1916
1900
1900
1939
1939
1900
1900
1908
1908
1937
1937
1940
1940
1932
1932
1900
1900
1900
1900
1905
1905
1932
1932
1914
1914
1879
1879
1878
1878
1914
1914
1900
1900
1900
1900
1922
1922
1897
1897
1909
1909
1906
1906
1870
1870
1904
1904
1872
1872
1900
1900
1928
1928
1924
1924
1896
1896
1918
1918
1900
1900
1898
1898
1936
1936
1926
1926
1889
1889
1883
1926
1883
1926
1923
1923
1894
1894
1927
1927
1922
1922
1923
1923
1925
1925
1886
1886
1885
1885
1883
1883
1918
1918
1913
1913
1915
1915
1911
1911
1905
1905
1900
1900
1893
1893
1891
1891
1904
1904
1938
1938
1939
1939
1900
1900
1900
1900
1939
1939
1906
1906
1917
1917
1900
1900
1924
1924
1926
1926
1923
1923
1898
1898
1896
1896
1928
1928
1866
1866
1907
1907
1930
1930
1878
1878
1935
1935
1927
1927
1900
1900
1926
1926
1939
1939
1932
1932
1929
1929
1904
1904
1874
1874
1935
1935
1928
1928
1933
1933
1903
1903
1938
1938
1929
1929
1904
1904
1900
1900
1900
1900
1913
1913
1911
1911
1904
1904
1917
1917
1915
1915
1876
1876
1908
1908
1916
1916
1900
1900
1865
1865
1900
1900
1900
1900
1900
1900
1901
1901
1910
1910
1908
1908
1886
1886
1892
1892
1915
1915
1912
1912
1885
1885
1901
1901
1911
1911
1904
1904
1900
1900
1914
1914
1876
1876
1878
1878
1879
1879
1876
1876
1898
1898
1906
1906
1900
1900
1900
1900
1896
1896
1898
1898
1923
1923
1910
1910
1891
1891
1908
1908
1879
1879
1888
1888
1931
1931
1882
1882
1914
1914
1910
1910
1853
1853
1904
1904
1925
1925
1882
1882
1938
1938
1900
1900
1915
1915
1900
1900
1877
1877
1906
1906
1936
1936
1866
1866
1906
1906
1920
1920
1885
1885
1883
1883
1910
1910
1912
1912
1922
1922
1889
1889
1933
1933
1934
1934
1927
1927
1895
1895
1921
1921
1904
1904
1872
1872
1876
1876
1917
1917
1915
1915
1900
1900
1900
1900
1900
1900
1900
1900
1900
1900
1929
1929
1927
1927
1924
1924
1899
1899
1922
1922
1875
1875
1910
1910
1861
1861
1892
1892
1900
1900
1899
1899
1900
1900
1911
1911
1881
1881
1938
1938
1915
1915
1910
1910
1939
1939
1918
1918
1899
1899
1880
1880
1880
1880
1915
1915
1927
1927
1896
1896
1921
1921
1931
1931
1888
1888
1919
1919
1929
1929
1892
1892
1921
1921
1900
1900
1934
1934
1900
1900
1915
1915
1910
1910
1919
1919
1900
1900
1900
1900
1900
1900
1900
1900
1900
1900
1894
1894
1898
1898
1851
1851
1900
1900
1923
1923
1917
1917
1904
1904
1900
1900
1939
1939
1914
1914
1926
1926
1928
1928
1936
1936
1900
1900
1909
1909
1939
1939
1932
1932
1865
1865
1924
1924
1871
1871
1930
1930
1929
1929
1925
1925
1898
1898
1933
1933
1878
1878
1904
1904
1932
1932
1916
1916
1884
1884
1877
1877
1912
1912
1915
1915
1939
1939
1900
1900
1900
1900
1909
1909
1896
1896
1930
1930
1928
1928
1902
1902
1913
1913
1895
1895
1902
1902
1890
1890
1916
1916
1932
1932
1900
1900
1889
1889
1903
1903
1919
1919
1917
1917
1893
1893
1923
1923
1915
1915
1900
1900
1930
1930
1929
1929
1935
1935
1903
1903
1902
1902
1920
1920
1907
1907
1935
1935
1896
1896
1901
1901
1900
1900
1909
1909
1900
1900
1919
1919
1911
1911
1881
1881
1937
1937
1910
1910
1894
1894
1882
1882
1910
1910
1923
1923
1882
1882
1917
1917
1912
1912
1921
1921
1939
1939
1906
1906
1868
1868
1928
1928
1903
1903
1939
1939
1900
1900
1931
1931
1909
1909
1915
1915
1917
1917
1938
1938
1935
1935
1903
1903
1924
1924
1933
1933
1897
1897
1875
1875
1932
1932
1895
1895
1900
1900
1900
1900
1900
1900
1933
1933
1910
1910
1900
1900
1895
1895
1928
1928
1926
1926
1905
1905
1901
1901
1930
1930
1931
1931
1902
1902
1939
1939
1935
1935
1906
1906
1934
1934
1910
1910
1898
1898
1915
1915
1878
1878
1900
1900
1900
1900
1891
1891
1890
1890
1922
1922
1916
1916
1910
1910
1897
1897
1910
1910
1900
1900
1935
1935
1931
1931
1897
1897
1899
1899
1932
1932
1875
1875
1921
1921
1885
1885
1925
1925
1870
1870
1884
1884
1875
1875
1878
1878
1902
1902
1927
1927
1933
1933
1902
1902
1934
1934
1884
1884
1918
1918
1913
1913
1882
1882
1898
1898
1916
1916
1900
1900
1910
1910
1900
1900
1880
1880
1910
1910
1904
1904
1935
1935
1913
1913
1905
1905
1900
1900
1900
1900
