1922
1919
1916
1902
1904
1933
1910
1910
1896
1907
1912
1913
1924
1888
1915
1918
1913
1906
1880
1878
1873
1922
1908
1913
1875
1878
1904
1937
1906
1889
1888
1866
1868
1868
1904
1933
1901
1928
1923
1937
1918
1906
1896
1927
1924
1897
1902
1902
1897
1870
1897
1925
1922
1907
1909
1917
1885
1936
1883
1937
1923
1927
1913
1939
1906
1936
1918
1921
1885
1918
1921
1889
1915
1913
1939
1925
1910
1928
1907
1932
1899
1934
1874
1929
1878
1938
1908
1937
1910
1924
1880
1919
1880
1917
1907
1907
1937
1880
1929
1857
1884
1902
