1915
1888
1877
1904
1919
1912
1927
1894
1929
1928
1895
1917
1920
1916
1898
1912
1938
1937
1935
1914
1914
1914
1904
1915
1915
1908
1938
1903
1943
1937
1918
1913
1913
1901
1922
1923
1923
1912
1869
1912
1938
1905
1937
1902
1878
1931
1925
1927
1929
1923
1892
1923
1923
1883
1885
1920
1924
1917
1910
1910
1912
1936
1902
1888
1929
1918
1921
1903
1904
1916
1885
1906
1910
1901
1925
1906
1906
1914
1914
1919
1922
1895
1896
1925
1927
1898
1927
1898
1924
1909
1917
1917
1929
1923
1894
1924
1896
1926
1926
1930
1896
1883
1923
1908
1879
1878
1920
1925
1925
1907
1907
1918
1886
1895
1927
1927
1926
1926
1926
1928
1928
1928
1902
1917
1902
1923
1923
1918
1918
1910
1931
1891
1926
1920
1886
1913
1872
1909
1912
1871
1916
1935
1915
1930
1929
1888
1932
1888
1925
1927
1895
1920
1887
1914
1912
1888
1878
1909
1879
1876
1912
1921
1925
1890
1889
1869
1904
1910
1894
1891
1898
1898
1912
1916
1880
1910
1937
1905
1916
1890
1920
1889
1887
1926
1941
1941
1905
1937
1862
1910
1939
1891
1914
1914
1908
1940
1901
1884
1922
1917
1884
1940
1919
1916
1909
1907
1888
1884
1918
1924
1908
1887
1928
1911
1935
1910
1885
1922
1889
1926
1914
1929
1910
1879
1877
1910
1909
1933
1938
1913
