1917
1943
1883
1911
1907
1909
1883
1914
1926
1916
1913
1924
1919
1922
1883
1923
1929
1887
1938
1921
1924
1889
1899
1918
1891
1886
1894
1900
1900
1940
1915
1896
1940
1908
1922
1926
1910
1926
1891
1900
1928
1894
1935
1919
1932
1923
1923
1892
1893
1919
1912
1908
1870
1870
1872
1916
1872
1872
1922
1895
1885
1863
1904
1876
1906
1901
1868
1890
1919
1919
1907
1932
1905
1908
1919
1883
1924
1933
1899
1915
1926
1898
1940
1929
1878
1918
1888
1888
1894
1925
1925
1922
1894
1924
1892
1918
1926
1902
1923
1894
1895
1883
1878
1938
1907
1922
1931
1895
1928
1923
1902
1931
1936
1911
1925
1913
1910
1940
1920
1926
1899
1904
1908
1895
1926
1913
1915
1912
1880
1919
1914
1908
1913
1923
1902
1936
1899
1925
1919
1892
1927
1911
1871
1873
1929
1920
1919
1887
1898
1926
1923
1910
1906
1932
1883
1911
1873
1881
1928
1928
1928
1925
1893
1907
1924
1929
1912
1883
1894
1896
1897
1923
1919
1932
1906
1908
1934
1915
1883
1905
1896
1928
1923
1922
1902
1910
1908
1934
1901
1927
1925
1891
