1893
1896
1894
1899
1902
1868
1892
1877
1902
1885
1905
1893
1875
1915
1895
1870
1877
1876
1866
1898
1883
1879
1879
1886
1884
1873
1906
1909
1904
1877
1889
1887
1883
1892
1874
1867
1937
1903
1936
1913
1881
1915
1902
1878
1874
1860
1917
1873
1879
1907
1902
1897
1875
1897
1880
1894
1877
1898
1881
1900
1896
1900
1852
1918
1882
1905
1906
1903
1894
1924
1893
1902
1897
1886
1887
1912
1896
1875
1906
1901
1905
1899
1926
1893
1921
1869
1895
1904
1887
1882
1910
1899
1907
1897
1908
1930
1870
1895
1882
1897
1886
1909
1871
1877
1892
1932
1900
1891
1925
1898
1886
1883
1908
1900
1907
1889
1901
1888
1897
1894
1882
1900
1909
1914
1868
1859
1883
1898
1884
1891
1888
1873
1898
1888
1896
1884
1898
1881
1883
1911
1875
1890
1906
1907
1912
1895
1898
1900
1902
1910
1901
1865
1882
1902
