1913
1910
1908
1893
1893
1877
1906
1901
1892
1898
1896
1912
1913
1893
1893
1909
1916
1897
1896
1892
1912
1917
1889
1888
1924
1923
1895
1893
1912
1892
1913
1910
1909
1923
1925
1895
1901
1905
1900
1898
1899
1895
1906
1934
1902
1931
1904
1902
1903
1894
1891
1909
1905
1940
1917
1885
1882
1905
1911
1911
1913
1905
1904
1903
1902
1914
1887
1886
1914
1913
1897
1904
1896
1910
1912
1909
1906
1898
1896
1889
1909
1898
1887
1897
1893
1906
1904
1917
1915
1889
1892
1901
1897
1907
1909
1912
1928
1899
1903
1903
1901
1903
1895
1929
1875
1900
1911
1910
1888
1894
1915
1918
1899
1892
1902
1912
1903
1907
1934
1922
1894
1906
1931
1899
1935
1908
1913
1939
1903
1892
1897
1921
1932
1880
1896
1928
1903
1925
1890
1890
1900
1904
1896
1885
1879
1918
1906
1907
1909
1939
1872
1912
1908
1905
1900
1898
1896
1914
1895
1897
1896
1906
1910
1903
1895
1913
1917
