1925
1925
1935
1935
1939
1939
1937
1937
1908
1908
1911
1911
1909
1909
1938
1938
1917
1917
1878
1878
1915
1915
1933
1933
1939
1939
1933
1933
1927
1927
1907
1907
1910
1910
1902
1902
1908
1908
1930
1930
1909
1909
1889
1889
1896
1896
1937
1937
1937
1937
1936
1936
1898
1898
1924
1924
1899
1899
1921
1921
1904
1904
1901
1901
1930
1930
1926
1926
1927
1927
1902
1902
1906
1906
1900
1900
1898
1898
1910
1910
1906
1906
1908
1908
1870
1870
1873
1873
1892
1892
1910
1910
1895
1895
1909
1909
1923
1923
1925
1925
1920
1920
1885
1885
1919
1919
1940
1940
1919
1919
1928
1928
1892
1892
1928
1928
1904
1904
1924
1924
1881
1881
1884
1884
1921
1921
1927
1927
1908
1908
1905
1905
1931
1931
1933
1933
1902
1902
1873
1873
1911
1911
1911
1911
1905
1905
1905
1905
1895
1895
1895
1895
1908
1908
1902
1902
1915
1915
1880
1880
1878
1878
1914
1914
1934
1934
1935
1935
1938
1938
1923
1923
1908
1908
1896
1896
1907
1907
1880
1880
1886
1886
1939
1939
1933
1933
1903
1903
1900
1900
1890
1890
1911
1911
1925
1925
1919
1919
1912
1912
1927
1927
1934
1934
1902
1902
1916
1916
1930
1930
1882
1882
1916
1916
1932
1932
1865
1865
1865
1865
1887
1887
1900
1900
1900
1900
1934
1934
1934
1934
1932
1932
1932
1932
1935
1935
1935
1935
1907
1907
1906
1906
1895
1895
1875
1875
1895
1895
1899
1899
1912
1912
1912
1912
1907
1907
1894
1894
1927
1927
1931
1931
1923
1923
1925
1925
1928
1928
1930
1930
1934
1934
1900
1900
1900
1900
1905
1905
1905
1905
1936
1936
1936
1936
1913
1919
1919
1913
1926
1926
1932
1932
1892
1892
1930
1930
1928
1928
1923
1923
1883
1883
1930
1930
1916
1916
1909
1909
1936
1936
1899
1899
1921
1921
1871
1871
1915
1915
1874
1874
1919
1919
1919
1919
1881
1881
1881
1881
1922
1922
1916
1916
1882
1882
1911
1911
1935
1935
1910
1910
1939
1939
1903
1903
1900
1900
1900
1900
1930
1930
1924
1924
1895
1895
1891
1891
1915
1915
1905
1905
1923
1923
1923
1923
1880
1880
1880
1880
1884
1884
1884
1884
1915
1915
1915
1915
1908
1912
1912
1908
1936
1936
1936
1936
1908
1908
1910
1910
1895
1895
1909
1909
1898
1898
1891
1891
1904
1904
1904
1904
1867
1867
1902
1902
1930
1930
1875
1875
1907
1907
1938
1938
1934
1934
1900
1900
1888
1888
1925
1925
1885
1885
1913
1913
1912
1912
1912
1912
1932
1932
1939
1939
1909
1909
1903
1903
1935
1935
1913
1913
1934
1934
1937
1935
1935
1937
1911
1911
1917
1917
1938
1938
1928
1928
1886
1886
1906
1906
1937
1937
1906
1906
1935
1935
1901
1901
1930
1930
1935
1935
1932
1932
1888
1888
1927
1927
1919
1919
1911
1911
1913
1913
1933
1933
1904
1904
1904
1904
1888
1888
1870
1870
1870
1870
1904
1904
1904
1904
1897
1897
1897
1897
1909
1909
1920
1920
1869
1869
1938
1938
1903
1903
1890
1890
1938
1938
1908
1908
1905
1905
1897
1897
1934
1934
1922
1922
1926
1926
1924
1924
1928
1928
1878
1878
1936
1936
1922
1922
1926
1926
1924
1924
1928
1928
1878
1878
1936
1936
1900
1900
1914
1914
1884
1884
1875
1875
1876
1876
1869
1869
1920
1920
1913
1913
1875
1875
1925
1925
1926
1926
1914
1914
1914
1914
1940
1940
1911
1911
1912
1912
1935
1935
1915
1915
1901
1901
1935
1935
1915
1915
1880
1880
1930
1930
1935
1935
1907
1907
1912
1912
1912
1912
1926
1926
1936
1936
