1863
1914
1936
1929
1939
1910
1927
1876
1876
1883
1923
1919
1926
1912
1913
1913
1910
1896
1912
1929
1936
1901
1931
1940
1936
1934
1901
1903
1936
1882
1934
1923
1897
1925
1903
1928
1883
1906
1931
1928
1926
1907
1893
1937
1935
1901
1899
1873
1875
1910
1937
1907
1908
1916
1920
1924
1925
1887
1922
1891
1912
1918
1867
1901
1923
1882
1881
1910
1932
1919
1914
1888
1911
1916
1885
1904
1926
1902
1929
1903
1911
1913
1890
1893
1921
1927
1918
1925
1914
1928
1932
1929
1901
1899
1873
1932
1909
1932
1929
1912
1930
1932
1903
1927
1934
1889
1885
1909
1907
1933
1933
1878
1903
1883
