1870
1902
1894
1920
1890
1929
1925
1898
1923
1856
1939
1905
1907
1903
1938
1936
1881
1916
1894
1912
1920
1925
1925
1928
1894
1920
1864
1905
1929
1927
1894
1929
1933
1899
1925
1938
1908
1895
1901
1926
1932
1892
1928
1929
1897
1895
1897
1919
1916
1923
1934
1892
1904
1931
1933
1929
1920
1869
1922
1867
1903
1935
1873
1877
1922
1925
1885
1888
1918
1916
1863
1904
1932
1934
1895
1918
1892
1914
1920
1921
1925
1931
1928
1910
1889
1913
1936
1908
1888
1931
1904
1902
1905
1904
1889
1913
1889
1877
1936
1925
1929
1880
1903
1902
1927
1912
1924
1926
1923
1900
1885
1874
1909
1921
1925
1880
1880
1907
1913
1911
1892
1882
1934
1871
1902
1915
1910
