1904
1927
1906
1901
1930
1904
1884
1914
1914
1914
1870
1935
1935
1935
1932
1932
1932
1894
1920
1889
1879
1924
1896
1895
1938
1925
1900
1903
1931
1895
1921
1926
1924
1928
1932
1920
1924
1927
1919
1891
1901
1901
1932
1932
1908
1908
1923
1885
1913
1882
1922
1889
1900
1902
1903
1933
1935
1872
1885
1929
1935
1938
1909
1914
1935
1938
1882
1931
1912
1924
1915
1915
1915
1868
1917
1917
1892
1892
1926
1926
1908
1920
1920
1920
1920
1904
1906
1899
1902
1928
1904
1932
1913
1876
1876
1914
1929
1931
1907
1926
1884
1919
1933
1922
1908
1914
1888
1873
1908
1927
1880
1909
1880
1879
1918
1886
1922
1913
1894
1871
1875
1935
1928
1900
1926
1900
1923
1932
1902
1923
1921
1875
1885
1885
1907
1907
1874
1894
1929
1930
1883
1928
1889
1889
1910
1932
1914
1889
1937
1940
1911
1911
1893
1899
1931
1930
1934
1908
1908
1909
1932
1911
1932
1912
1937
1938
1934
1909
1933
1933
1920
1930
1930
1922
1940
1895
1899
1913
1929
1907
1910
1910
1910
1923
1895
1927
1897
1936
1902
1924
1937
1937
1937
1870
1870
1870
1905
1905
1905
1908
1935
1864
1891
1924
1933
1932
1890
1890
1940
1913
1870
1923
1888
1878
