1866
1937
1929
1896
1900
1937
1909
1935
1900
1928
1909
1938
1917
1890
1916
1884
1885
1922
1915
1904
1879
1911
1915
1922
1889
1911
1910
1908
1928
1905
1932
1934
1913
1915
1891
1886
1910
1906
1937
1904
1926
1887
1908
1873
1908
1911
1922
1892
1897
1900
1936
1905
1932
1922
1925
1893
1890
1920
1914
1901
1905
1882
1918
1882
1913
1915
1899
1911
1901
1934
1924
1923
1898
1923
1896
1882
1884
1941
1914
1867
1884
1892
1929
1927
1917
1910
1939
1909
1910
1913
1917
1920
1932
1906
1902
1923
1921
1923
1908
1910
1920
1889
1912
1891
1923
1925
1921
1920
1904
1912
1911
1919
1908
1882
1911
1908
1926
1912
1873
1876
1923
1915
1938
1907
1925
1895
1909
1911
1939
1934
1921
1890
1888
1923
1919
1924
1879
1896
1925
1909
1939
1909
1914
1919
1900
1885
1889
1929
1899
1923
1890
1916
1918
1897
1923
1896
1924
1922
1878
1908
1907
1932
1932
1924
1880
1928
1920
1888
1908
1915
1919
1922
1914
1909
1922
1916
1886
1926
1911
1940
1910
1919
1912
1913
1931
1907
1904
1910
1884
1919
1878
1893
1879
1896
1912
1915
1919
1919
1940
1940
1896
1896
1930
1925
1873
1909
1873
1889
1887
1922
1895
1897
1931
1927
1900
1927
1894
1921
1925
