1911
1896
1906
1905
1885
1908
1878
1875
1908
1882
1895
1882
1876
1886
1895
1911
1925
1924
1893
1893
1895
1902
1903
1890
1923
1908
1926
1890
1879
1903
1906
1880
1938
1935
1891
1902
1886
1887
1901
1889
1924
1919
1923
1888
1888
1889
1911
1901
1890
1888
1882
1879
1881
1876
1888
1890
1918
1921
1881
1893
1881
1885
1926
1912
1900
1912
1908
1911
1927
1893
1897
1928
1902
1924
1892
1890
1913
1912
1906
1903
1929
1882
1900
1892
1914
1889
1902
1893
1890
1915
1885
1889
1905
1899
1927
1879
1885
1883
1878
1894
1875
1876
1881
1894
1878
1887
1884
1899
1921
1929
1895
1886
1888
1913
1914
1938
1873
1889
1920
1898
1903
1881
1903
1909
1873
1939
1921
1889
1886
1873
1896
1878
1887
1912
1879
1884
1886
1873
1887
1891
1882
1908
1902
1881
1880
1910
1908
1891
1877
1916
1918
1888
1877
1905
1929
1884
1894
1895
1881
1913
1878
1910
1883
1888
1926
1889
1902
1897
1908
1925
1941
1932
1897
1922
1886
1899
1909
1886
1908
1887
1873
1879
1889
1914
1875
1906
1937
1907
1878
1906
1908
1933
1906
1876
1877
1907
1878
1878
1893
1931
1907
1895
1877
1880
1901
1882
1885
1886
1926
1881
1916
1893
1895
1925
1915
1916
1893
1911
1882
1879
1875
1901
1894
1889
1885
1885
1900
1880
1885
