1904
1917
1890
1885
1920
1888
1931
1904
1912
1909
1932
1913
1929
1934
1925
1904
1922
1878
1924
1904
1897
1911
1903
1910
1912
1918
1899
1933
1898
1928
1910
1896
1928
1919
1933
1892
1929
1940
1903
1892
1923
1895
1901
1923
1940
1904
1908
1936
1925
1889
1915
1927
1904
1913
1903
1880
1910
1920
1916
1911
1942
1932
1902
1928
1906
1911
1922
1893
1926
1913
1879
1907
1930
1902
1891
1921
1910
1881
1879
1917
1875
1924
1889
1910
1938
1905
1868
1923
1904
1902
1898
1920
1929
1924
1922
1924
1914
1904
1921
1916
1916
1928
1932
1903
1917
1911
1911
1909
1918
1923
