1899
1911
1878
1873
1922
1900
1885
1889
1873
1874
1898
1908
1887
1885
1911
1887
1906
1875
1897
1912
1891
1873
1888
1904
1884
1908
1907
1901
1909
1922
1903
1904
1910
1895
1903
1894
1896
1888
1902
1906
1900
1883
1889
1898
1889
1903
1881
1900
1889
1921
1884
1893
1900
1872
1911
1913
1906
1911
1888
1899
1902
1911
1919
1908
1908
1873
1899
1881
1911
1890
1897
1892
1896
1903
1901
1902
1922
1890
1903
1892
1892
1875
1887
1898
1892
1876
1883
1901
1899
1880
1899
1883
1909
1906
1899
1917
1900
1893
1911
1890
1911
1898
1898
1904
1897
1884
