1891
1899
1896
1908
1903
1899
1899
1880
1909
1908
1892
1886
1890
1932
1896
1886
1908
1891
1905
1888
1888
1909
1901
1903
1905
1913
1912
1885
1907
1900
1880
1876
1915
1909
1919
1904
1922
1897
1883
1913
1922
1884
1884
1908
1910
1884
1890
1900
1891
1886
1881
1870
1918
1919
1917
1891
1903
1878
1897
1909
1891
1883
1910
1892
1892
1910
1901
1866
1882
1895
1900
1898
1903
1907
1904
1902
1885
1894
1900
1884
1900
1905
1905
1888
1893
1901
1891
1896
1913
1920
1915
1897
1863
1890
1897
1902
1905
1886
1907
1887
1898
1894
1895
1874
1912
1885
1894
1891
1903
1866
1867
1902
1890
1897
1896
1900
1916
1919
1878
1885
1898
1897
1877
1903
1900
1886
1904
1887
1894
1879
1901
1886
1896
1864
1891
1879
1888
1910
1912
1914
1888
1895
