1897
1897
1896
1896
1928
1928
1898
1898
1932
1932
1934
1934
1908
1908
1855
1855
1910
1910
1939
1939
1908
1908
1901
1901
1900
1900
1900
1900
1900
1900
1900
1900
1900
1900
1898
1898
1915
1915
1920
1920
1924
1924
1886
1886
1922
1922
1900
1900
1926
1926
1925
1925
1933
1933
1901
1901
1906
1906
1904
1904
1909
1909
1898
1898
1873
1873
1926
1926
1915
1915
1906
1906
1900
1900
1898
1898
1925
1925
1890
1890
1904
1904
1910
1910
1924
1924
1924
1924
1915
1915
1921
1921
1915
1915
1911
1911
1938
1938
1906
1906
1931
1931
1929
1929
1927
1927
1934
1934
1926
1926
1907
1907
1896
1896
1923
1923
1924
1924
1930
1930
1896
1896
1907
1907
1884
1884
1886
1886
1913
1913
1923
1923
1927
1927
1895
1895
1895
1895
1910
1910
1922
1922
1923
1923
1927
1927
1903
1903
1892
1892
1911
1911
1921
1921
1884
1884
1883
1883
1908
1908
1911
1911
1899
1899
1886
1886
1882
1882
1876
1876
1891
1891
1892
1892
1892
1892
1912
1912
1898
1898
1906
1906
1895
1895
1924
1924
1927
1927
1895
1895
1894
1894
1906
1906
1900
1900
1926
1926
1925
1925
1938
1938
1915
1915
1903
1903
1909
1909
1909
1909
1936
1936
1902
1902
1900
1900
1905
1905
1914
1914
1880
1880
1923
1923
1913
1913
1896
1896
1885
1885
1908
1908
1914
1914
1892
1892
1928
1928
1904
1904
1910
1910
1889
1889
1888
1888
1916
1916
1920
1920
1915
1915
1911
1911
1936
1936
1938
1938
1933
1933
1905
1905
1931
1931
1906
1906
1932
1932
1908
1908
1902
1902
1922
1922
1905
1905
1909
1909
1904
1904
1910
1910
1934
1934
1935
1935
1919
1919
1900
1900
1886
1886
1915
1915
1917
1917
1887
1887
1924
1924
1892
1892
1900
1900
1891
1891
1922
1922
1926
1926
1913
1913
1936
1936
1938
1938
1897
1897
1911
1911
1908
1908
1909
1909
1941
1941
1880
1880
1911
1911
1911
1911
1896
1896
1896
1896
1920
1920
1925
1925
1923
1923
1931
1931
1877
1877
1901
1901
1909
1909
1906
1906
1886
1886
1922
1922
1890
1890
1891
1891
1922
1922
1883
1883
1925
1925
1941
1941
1897
1897
1909
1909
1920
1920
1920
1920
1913
1913
1914
1914
1926
1926
1924
1924
1912
1912
1887
1887
1925
1925
1920
1920
1918
1918
1930
1930
1903
1903
1932
1932
1907
1907
1896
1896
1922
1922
1904
1904
1908
1908
1933
1933
1910
1910
1906
1906
1904
1904
1900
1900
1908
1908
1910
1910
1886
1886
1886
1886
1926
1926
1916
1916
1919
1919
1923
1923
1909
1909
1922
1922
1898
1898
1901
1901
1893
1893
1906
1906
1896
1896
1934
1934
1937
1937
1909
1909
1920
1920
1859
1859
1886
1886
1922
1922
1922
1922
1889
1889
1889
1889
1920
1920
1884
1884
1924
1924
1911
1911
1910
1910
1913
1913
1931
1931
1932
1932
1897
1897
1934
1934
1902
1902
1891
1891
1883
1883
1890
1890
1939
1939
1900
1900
1929
1929
1913
1913
1928
1928
1923
1923
1890
1890
1925
1925
1920
1920
1917
1917
1932
1932
1912
1912
1922
1922
1899
1899
1898
1898
1923
1923
1923
1923
1937
1937
1929
1929
1931
1931
1903
1903
1906
1906
1899
1899
1900
1900
1869
1869
1869
1869
1923
1923
1903
1903
1898
1898
1901
1901
1904
1904
1929
1929
1933
1933
1898
1898
1910
1910
1938
1938
1912
1912
1897
1897
1899
1899
1879
1879
1907
1907
1882
1882
1911
1911
1917
1917
1922
1922
1890
1890
1924
1924
1914
1914
1906
1906
1913
1913
1898
1898
1875
1875
1907
1907
1933
1933
1903
1903
1912
1912
1937
1937
1889
1889
1924
1924
1909
1909
1889
1889
1881
1881
1922
1922
1907
1907
1920
1920
1915
1915
1908
1908
1910
1910
1909
1909
1925
1925
1918
1918
1920
1920
1890
1890
1893
1893
1911
1911
1941
1941
1911
1911
1908
1908
1938
1938
1899
1899
1928
1928
1934
1934
1892
1892
1910
1910
1934
1934
1906
1906
1938
1938
1908
1908
1903
1903
1899
1899
1915
1915
1914
1914
1929
1929
1912
1912
1907
1907
1906
1906
1918
1918
1912
1912
1938
1938
1910
1910
1923
1923
1894
1894
1891
1891
1888
1888
1928
1928
1920
1920
