1833
1928
1924
1937
1885
1926
1909
1915
1939
1879
1889
1920
1923
1929
1894
1932
1921
1931
1907
1904
1927
1902
1883
1911
1907
1924
1897
1906
1921
1925
1893
1923
1900
1928
1931
1932
1899
1900
1936
1884
1907
1912
1885
1915
1919
1934
1937
1897
1933
1916
1935
1875
1938
1884
1911
1912
1913
1873
1923
1920
1919
1883
1921
1940
1927
1892
1863
1895
1930
1895
1915
1934
1917
1880
1913
1936
1939
1910
1888
1886
1874
1902
1928
1933
1932
1935
1911
1937
1905
1936
1933
1908
1907
1920
1877
1865
1865
1894
1931
1925
1900
1927
1934
1906
1911
1936
1930
1939
1919
1888
1923
1933
1896
1895
1889
1922
1894
1905
1900
1926
1932
1891
1922
1924
