1911
1914
1914
1914
1925
1923
1924
1918
1918
1917
1914
1914
1895
1902
1902
1897
1924
1922
1922
1886
1920
1928
1915
1924
1878
1917
1906
1906
1906
1889
1924
1921
1901
1922
1895
1890
1886
1906
1884
1884
1922
1922
1922
1904
1922
1924
1919
1944
1922
1893
1920
1920
1920
1920
1920
1920
1920
1920
1920
1920
1920
1920
1920
1920
1920
1920
1920
1920
1920
1920
1920
1920
1920
1920
1920
1920
1920
1904
1888
1914
1891
1911
1913
1912
1891
1912
1912
1924
1920
1920
1924
1923
1923
1915
1915
1910
1903
1941
1919
1911
1901
1925
1923
1923
1901
1904
1891
1920
1920
1920
1899
1899
1899
1889
1899
1899
1899
1899
1899
1902
1902
1909
1899
1899
1895
1921
1906
1903
1899
1921
1917
1917
1912
1919
1920
1925
1907
1919
1880
1924
1909
1909
1924
1909
1911
1918
1918
1918
1918
1910
1910
1902
1902
1901
1921
1877
1877
1922
1922
1922
1917
1917
1917
1917
1917
1917
1920
1908
1908
1925
1906
1885
1898
1898
1889
1923
1923
1919
1919
1919
1919
1922
1922
1922
1906
1914
1914
1902
1902
1902
1902
1902
1923
1923
1923
1923
1923
1923
1920
1922
1922
1925
1922
1922
1922
1918
1918
1918
1905
1920
1920
1910
1920
1921
1921
1918
1922
1922
1922
1902
1902
1902
1926
1939
1924
1903
1909
1909
1920
1914
1911
1911
1922
1922
1922
1922
1904
1943
1904
1893
1921
1921
1921
1921
1913
1913
1913
1921
1921
1921
1922
1922
1903
1903
1903
1899
1921
1892
1922
1922
1922
1901
1911
1911
1911
1911
1921
1921
1921
1921
1921
1921
1921
1921
1921
1932
1934
1938
1903
1936
1928
1912
1912
1884
1905
1905
1905
1905
1912
1912
1912
1903
1903
1903
1922
1909
1909
1909
1922
1922
1915
1915
1922
1922
1919
1919
1923
1923
1923
1906
1906
1906
1894
1894
1925
1925
1925
1925
1943
1922
1922
1922
1900
1920
1920
1920
1920
1920
1920
1920
1895
1909
1909
1923
1923
1923
1923
1911
1911
1922
1922
1922
1922
1917
1917
1922
1922
1906
1920
1920
1920
1924
1914
1923
1923
1922
1921
1921
1921
1898
1921
1898
1920
1924
1924
1894
1894
1920
1920
1901
1901
1901
1918
1918
1918
1918
1895
1895
1921
1921
1904
1912
1891
1891
1891
1891
1891
1900
1900
1900
1921
1921
1922
1921
1921
1921
1889
1889
1889
1908
1908
1922
1922
1921
1905
1905
1905
1924
1904
1904
1904
1904
1917
1917
1924
1924
1924
1905
1905
1905
1905
1898
1898
1880
1880
1880
1922
1899
1899
1899
1899
1874
1923
1915
1915
1915
1896
1896
1915
1907
1907
1882
1923
1923
1923
1923
1923
1903
1903
1914
1919
1919
1899
1899
1899
1899
1922
1919
1919
1919
1919
1924
1906
1906
1906
1906
1906
1922
1922
1893
1893
1893
1893
1893
1893
1893
1893
1884
1907
1918
1918
1918
1911
1911
1911
1911
1909
1909
1909
1909
1909
1909
1909
1909
1914
1914
1921
1921
1921
1922
1922
1922
1922
1922
1915
1915
1915
1906
1912
1922
1922
1901
1901
1909
1909
1909
1909
1901
1921
1921
1923
1923
1923
1923
1921
1921
1921
1906
1921
1921
1921
1921
1924
1924
1921
1906
1906
1911
1899
1921
1901
1901
1922
1922
1922
1922
1922
1922
1921
1921
1921
1921
1923
1923
1924
1922
1922
1922
1917
1917
1921
1911
1911
1903
1903
1903
1920
1923
1923
1923
1923
1923
1943
1920
1920
1920
1922
1922
1922
1922
1907
1903
1903
1903
1924
1924
1914
1914
1914
1923
1918
1909
1920
1920
1920
1885
1924
1924
1898
1898
1924
1924
1924
1902
1902
1902
1902
1919
1919
1920
1920
1904
1904
1892
1892
1908
1908
1908
1922
1922
1893
1893
1922
1922
1924
1924
1910
1910
1922
1922
1902
1902
1900
1900
1900
1922
1922
1922
1922
1905
1901
1901
1911
1923
1904
1904
1909
1920
1893
1900
1882
1882
1882
1882
1922
1902
1902
1894
1897
1909
1909
1893
1891
1891
