1901
1929
1926
1927
1923
1917
1916
1877
1924
1907
1910
1938
1904
1931
1940
1899
1915
1910
1872
1883
1911
1920
1892
1912
1875
1876
1880
1897
1928
1911
1901
1907
1905
1934
1915
1925
1881
1923
1901
1931
1910
1920
1912
1908
1937
1906
1888
1871
1873
1907
1931
1895
1922
1928
1932
1893
1895
1922
1920
1886
1902
1930
1918
1916
1888
1926
1921
1899
1934
1932
1894
1921
1925
1927
1929
1909
1909
1884
1923
1892
1930
1910
1918
1922
1906
1907
1896
1865
1875
1875
1925
1925
1891
1891
1923
1889
1915
1903
1897
1932
1938
1891
1927
1925
1937
1866
1907
1872
1933
1930
1932
1900
1931
1899
1886
1906
1940
1928
1906
1931
1940
1808
1895
1920
1918
1889
1917
1926
1929
1932
1929
1927
1937
1903
1915
1878
1937
1909
1911
