1914
1873
1922
1902
1886
1903
1915
1884
1917
1934
1932
1924
1929
1920
1886
1913
1920
1904
1904
1890
1873
1894
1873
1930
1899
1938
1904
1912
1906
1906
1899
1924
1892
1900
1918
1902
1916
1912
1883
1917
1925
1925
1923
1916
1892
1905
1898
1891
1884
1900
1920
1879
1906
1888
1918
1883
1934
1933
1894
1890
1905
1885
1925
1923
1911
1901
1936
1932
1942
1919
1911
1915
1905
1889
1901
1894
1938
1940
1885
1922
1906
1923
1898
1921
1882
1908
1908
1926
1934
1874
1937
1874
1938
1908
1905
1923
1903
1922
1922
1918
1932
1898
1908
1900
1873
1907
1916
1903
1918
1895
1911
1940
1910
1930
1925
1923
1896
1928
1892
1901
1917
1910
1916
1924
1920
1897
1893
1902
1920
1877
1916
1923
1885
1915
1912
1940
1898
1920
1917
1900
1926
1893
1911
1909
1889
1923
1930
1918
1934
1901
1890
1932
1905
1905
1903
1903
1925
1925
1930
1930
1932
1932
1937
1937
1913
1924
1892
1922
1926
1928
1923
1917
1934
1901
1927
1894
1930
1924
1931
1893
1936
1914
1891
1885
1919
1922
1922
1895
1905
1918
1927
1884
1927
1905
1884
1875
1866
