1873
1884
1921
1908
1913
1928
1923
1902
1898
1925
1916
1923
1925
1906
1919
1924
1922
1913
1938
1890
1921
1923
1927
1930
1890
1925
1915
1937
1906
1906
1937
1932
1899
1920
1924
1897
1926
1894
1928
1909
1912
1925
1901
1863
1898
1926
1882
1932
1928
1905
1930
1909
1886
1886
1922
1922
1913
1906
1919
1912
1931
1900
1901
1899
1925
1924
1928
1899
1919
1923
1923
1893
1893
1900
1913
1913
1917
1907
1906
1912
1927
1926
1901
1896
1920
1922
1912
1927
1914
1890
1920
1913
1904
1909
1912
1905
1943
1911
1914
1913
1923
1904
1905
1908
1940
1920
1909
1939
1896
1921
1914
1892
1918
1922
1884
1917
1914
1909
1916
1920
1895
1920
1890
1926
1923
1889
1897
1910
1899
1865
1900
1893
1936
1905
1932
1901
1928
1904
1930
1926
1919
1898
1900
1934
1930
1928
1900
1920
1925
1937
1881
1919
1920
1925
1882
1874
1911
1877
1903
1907
1921
1917
1916
1924
1926
1915
1898
1922
1935
1890
1924
1897
1886
1905
1895
1902
1931
1905
1939
1907
1924
1924
1900
1894
1894
1900
1930
1920
1933
1898
1926
1894
