1898
1898
1893
1893
1920
1920
1923
1923
1903
1903
1930
1930
1904
1904
1928
1928
1933
1933
1930
1930
1901
1901
1903
1903
1906
1906
1902
1902
1932
1932
1903
1903
1940
1940
1908
1908
1912
1912
1912
1912
1930
1930
1889
1889
1892
1892
1915
1915
1900
1900
1911
1911
1926
1926
1901
1901
1937
1937
1935
1935
1918
1918
1904
1904
1912
1912
1919
1919
1915
1915
1916
1916
1902
1902
1886
1886
1885
1885
1925
1925
1923
1923
1914
1914
1927
1927
1903
1903
1907
1907
1897
1897
1931
1931
1935
1935
1910
1910
1933
1933
1900
1900
1892
1892
1925
1925
1928
1928
1930
1930
1929
1929
1908
1908
1884
1884
1921
1921
1908
1908
1925
1925
1923
1923
1882
1882
1884
1884
1943
1943
1900
1900
1928
1928
1898
1898
1916
1916
1925
1925
1898
1898
1923
1923
1894
1894
1919
1919
1937
1937
1932
1932
1927
1927
1930
1930
1926
1926
1894
1894
1894
1894
1933
1933
1915
1915
1913
1913
1904
1904
1913
1913
1925
1925
1919
1919
1929
1929
1921
1921
1940
1940
1894
1894
1900
1886
1886
1900
1900
1900
1921
1921
1909
1909
1929
1929
1934
1934
1891
1891
1922
1922
1911
1911
1907
1907
1903
1903
1927
1927
1903
1903
1922
1922
1893
1893
1921
1921
1926
1926
1910
1910
1922
1922
1921
1921
1903
1903
1931
1931
1936
1936
1908
1908
1905
1905
1912
1912
1899
1899
1925
1925
1919
1919
1926
1926
1928
1928
1909
1909
1926
1926
1924
1924
1931
1931
1923
1923
1922
1922
1892
1892
1924
1924
1897
1897
1898
1898
1919
1919
1910
1910
1914
1914
1935
1935
1892
1892
1895
1895
1903
1903
1908
1908
1920
1920
1910
1910
1912
1912
1899
1899
1908
1908
1885
1885
1934
1934
1902
1902
1902
1902
1902
1902
1937
1937
1937
1937
1906
1906
1898
1898
1927
1927
1931
1931
1902
1902
1910
1910
1944
1944
1918
1918
1914
1914
1914
1914
1905
1905
1904
1904
1903
1903
1903
1903
1907
1907
1931
1931
1938
1938
1897
1897
1923
1923
1926
1926
1898
1898
1926
1926
1909
1909
1905
1905
1936
1936
1931
1931
1905
1905
1925
1925
1923
1923
1898
1898
1895
1895
1895
1895
1907
1907
1914
1914
1914
1914
1938
1938
1900
1900
1902
1902
1929
1929
1908
1908
1934
1934
1938
1938
1908
1908
1912
1912
1935
1935
1914
1914
1908
1908
1924
1924
1915
1915
1906
1906
1941
1941
1934
1934
1919
1919
1911
1911
