1857
1894
1869
1892
1912
1935
1906
1937
1933
1914
1892
1889
1885
1915
1913
1886
1924
1905
1937
1913
1923
1892
1886
1923
1886
1894
1874
1874
1867
1934
1900
1931
1897
1883
1915
1939
1908
1903
1939
1901
1935
1914
1939
1908
1916
1918
1917
1911
1876
1927
1926
1901
1923
1892
1892
1929
1918
1932
1939
1911
1910
1932
1939
1904
1907
1868
1865
1930
1904
1899
1905
1938
1908
1906
1934
1896
1929
1899
1933
1897
1925
1929
1916
1939
1910
1911
1874
1874
1907
1906
1910
1931
1905
1896
1937
1908
1874
1890
1896
1921
1863
1930
1898
1923
1891
1927
1860
1882
1883
1919
1922
1938
1910
1931
1905
1926
1898
1890
1884
1914
1878
1896
1893
1934
1899
1927
1925
1915
1927
1917
1887
1900
1919
1898
1933
1907
1939
1904
1904
1909
1914
1880
1883
1891
1925
1898
