1911
1891
1896
1908
1939
1893
1928
1926
1902
1911
1930
1906
1909
1936
1940
1915
1911
1897
1909
1907
1934
1896
1891
1879
1901
1933
1890
1911
1928
1920
1904
1903
1910
1898
1918
1906
1877
1904
1909
1923
1891
1902
1905
1910
1902
1935
1900
1932
1928
1908
1917
1902
1896
1924
1931
1909
1903
1927
1930
1896
1902
1934
1933
1898
1908
1918
1937
1933
1908
1898
1912
1897
1934
1888
1932
1937
1906
1914
1910
1891
1904
1916
1912
1876
1913
1911
1875
1866
1907
1942
1900
1902
1933
1898
1929
1935
1898
1909
1908
1900
1917
1908
1904
1939
1908
1899
1924
1926
1930
1926
1934
1904
1930
1932
1938
1900
1937
1899
1938
1904
1940
1904
1873
1857
1870
1908
1885
1905
1906
1869
1910
1942
1940
1930
1902
1932
1907
1904
1912
1939
1929
1901
1939
1901
1905
1880
1884
1914
1888
1899
1896
1865
1912
1894
1926
1905
1915
1922
1896
1928
1926
1895
1923
1927
1923
1893
1897
1926
1941
1895
1898
1875
1924
1921
1892
1917
1898
1908
1896
1902
1900
1917
1898
1911
1888
1934
1932
1892
1928
1931
1906
1904
1911
1906
1895
1884
1918
1914
1907
1893
1914
1915
1905
1911
1930
1899
1901
1938
1893
1899
1933
1904
1940
1899
1936
1902
1908
1897
1899
1916
1905
1901
1936
1902
1910
1895
1937
1898
1896
1898
1926
1933
1900
1898
1931
1925
1905
1934
1933
1894
1908
1931
1888
1934
1903
1910
1929
1926
1912
1943
1934
1900
1930
1896
1914
1907
1901
1932
1938
1913
1904
1905
1918
1899
1941
1904
1900
1914
1910
1929
1901
1901
1895
1896
1904
1922
1924
1894
1919
1920
1937
1935
1905
1877
1905
1927
1898
1908
1905
1907
1908
1912
1940
1920
1919
1887
1912
1907
1933
1889
1907
1907
1939
1931
1912
1895
1931
1893
1926
1880
1933
1905
1919
1928
1921
1930
1912
1918
1925
1928
1898
1927
1921
1898
1933
1898
1909
1932
1898
1939
1918
1897
1911
1902
1906
1912
1879
1904
1931
1932
1904
1937
1901
1914
1910
1937
1912
1884
1893
1916
1888
1924
1929
1927
1922
1940
1926
1916
1904
1933
1935
1899
1909
1925
1910
1920
1903
1932
1931
1905
1901
1901
1898
1939
1896
1904
1931
1936
1936
1909
1899
1907
1911
1921
1903
1895
1924
1883
1904
1914
1902
1912
1932
1929
1901
1926
1894
1907
1908
1915
1924
1902
1934
1940
1907
1926
1920
1893
1905
1934
1895
1922
1893
1884
1901
1896
1915
1900
1895
1904
1927
1918
1940
1901
1927
1927
1923
1897
1925
1896
1926
1892
1929
1887
1905
1897
1893
1932
1904
1902
1925
1870
1897
1924
1913
1891
1912
1915
1908
1905
1914
1905
1931
1907
1903
1900
1909
1906
1912
1888
1906
1937
1932
1890
1933
1905
1923
1925
1896
1934
1937
1889
1904
1920
1896
1906
1929
1933
1900
1878
1906
1939
1912
1906
1883
1877
1910
1916
1925
1920
1924
1892
1913
1910
1933
1937
1927
1897
1904
1870
1896
1935
1939
1941
1902
1905
1932
1937
1900
1916
1920
1880
1881
1915
1909
1871
1904
1926
1903
1937
1893
1905
1930
1933
1912
1884
1921
1910
1891
1902
1897
1908
1914
1920
1899
1905
1903
1901
1925
1891
1891
1903
1907
1941
1907
1917
1897
1900
1895
1930
1908
1876
1893
1927
1930
1901
1899
1899
1882
1925
1894
1910
1912
1932
1905
1893
1927
1913
1926
1901
1873
1899
1897
1902
1923
1909
1938
1921
1909
1906
1916
1889
1911
1910
1898
1899
1928
1896
1903
1927
1902
1929
1899
1927
1900
1904
1923
1925
1931
1905
1896
1905
1902
1933
1934
1871
1919
1883
1895
1934
1932
1889
1923
1913
1917
1911
1896
1923
1899
1925
1910
1892
1864
1893
1903
1888
1902
1896
1935
1933
1906
1891
1872
1907
1907
1905
1903
1905
1906
1929
1894
1936
1892
1906
1907
1899
1897
1903
1894
1904
1914
1922
1886
1889
1893
1906
1907
1900
1931
1899
1925
1934
1901
1893
1897
1889
1899
1902
1896
1921
1896
1901
1933
1904
1928
1914
1911
1915
1886
1918
1905
1942
1901
1935
1896
1924
1931
1921
1923
1901
1931
1899
1911
1904
1935
1911
1908
1909
1885
1923
1896
1934
1862
1903
1919
1911
1906
1938
1891
1907
1902
1937
1940
1901
1897
1911
1905
1907
1939
1939
1938
1876
1904
1918
1939
1906
1937
1865
1910
1934
1924
1887
1932
1927
1929
1879
1914
1897
1933
1916
1907
1908
1928
1902
1900
1909
1896
1931
1899
1904
1902
1930
1904
1897
1908
1923
1930
1942
1912
1911
1909
1895
1937
1934
1937
1917
1906
1902
1929
1899
1937
1897
1933
1905
1929
1932
1939
1910
1886
1913
1922
1899
1928
1898
1942
1901
1913
1941
1891
1906
1903
1932
1924
1922
1900
1913
1910
1935
1926
1914
1917
1920
1884
1891
1888
1888
1894
1931
1920
1937
1897
1931
1904
1928
1922
1921
1923
1899
1926
1928
1919
1919
1897
1904
1942
1909
1891
1893
1902
1932
1900
1900
1897
1932
1899
1932
1901
1918
1902
1929
1921
1932
1913
1936
1902
1891
1925
1926
1897
1922
1886
1889
1913
1905
1879
1878
1919
1890
1918
1933
1923
1927
1925
1894
1925
1928
1899
1909
1891
1938
1902
1903
1928
1898
1935
1933
1904
1907
1932
1929
1898
1879
1904
1906
1938
1904
1899
1896
1926
1899
1910
1931
1903
1870
1894
1909
1890
1896
1930
1896
1926
1899
1908
1935
1938
1910
1934
1931
1933
1900
1899
1902
1881
1903
1894
1908
1926
1933
1896
1908
1904
1924
1936
1899
1893
1879
1881
1902
1899
1910
1894
1900
1912
1896
1925
1922
1931
1921
1932
1912
1925
1915
1920
1917
1913
1909
1937
1881
1901
1910
1914
1909
1935
1900
1932
1940
1933
1909
1937
1909
1892
1929
1925
1923
1937
1911
1938
1939
1907
1942
1924
1907
1929
1932
1897
1915
1897
1932
1908
1904
1894
1896
1923
1927
1902
1888
1904
1899
1888
1932
1884
1932
1927
1918
1889
1912
1904
1881
1907
1895
1932
1929
1936
1933
1904
1938
1912
1938
1936
1908
1909
1911
1941
1913
1884
1907
1940
1909
1895
1903
1870
1907
1903
1892
1926
1918
1937
1898
1887
1933
1926
1906
1926
1929
1932
1903
1871
1889
1919
1908
1933
1901
1938
1932
1899
1900
1892
1911
1896
1924
1898
1883
1904
1908
1889
1904
1900
1933
1907
1905
1897
1903
1930
1899
1931
1922
1897
1938
1888
1893
1924
1934
1910
1895
1900
1930
1896
1937
1907
1892
1910
1888
1925
1927
1895
1918
1923
1921
1893
1921
1926
1926
1918
1918
1909
1893
1897
1935
1928
1894
1923
1933
1870
1896
1907
1871
1923
1934
1927
1903
1905
1895
1910
1896
1890
1937
1930
1931
1936
1899
1893
1919
1905
1901
1903
1942
1912
1881
1890
1893
1912
1900
1932
1930
1934
1935
1902
1935
1890
1921
1916
1894
1886
1893
1904
1911
1903
1915
1907
1935
1930
1867
1923
1895
1881
1922
1918
1925
1920
1923
1890
1898
1915
1922
1911
1919
1921
1906
1876
1891
1906
1923
1922
1892
1919
1897
1890
1921
1934
1895
1902
1937
1930
1909
1894
1928
1925
1897
1922
1902
1921
1910
1908
1904
1880
1885
1911
1942
1908
1891
1911
1905
1891
1876
1906
1896
1882
1901
1926
1943
1904
1902
1935
1917
1923
1902
1937
1907
1916
1883
1929
1929
1926
1936
1895
1908
1906
1938
1933
1901
1901
1874
1930
1930
1920
1902
1925
1932
1898
1926
1909
1895
1934
1867
1910
1930
1936
1900
1907
1898
1899
1904
1923
1901
1924
1930
1896
1904
1902
1904
1929
1903
1928
1910
1903
1902
1890
1903
1910
1907
1900
1905
1899
1931
1909
1905
1892
1925
1897
1942
1935
1931
1928
1915
1911
1899
1902
1920
1919
1926
1929
1893
1922
1895
1908
1896
1897
1908
1887
1908
1935
1921
1902
1894
1899
1897
1904
1902
1906
1937
1931
1907
1919
1907
1881
1900
1909
1904
1930
1907
1880
1920
1914
1919
1916
1904
1899
1913
1912
1903
1910
1887
1938
1910
1940
1935
1903
1908
1938
1946
1900
1909
1908
1941
1908
1934
1915
1913
1882
1925
1881
1919
1911
1895
1890
1898
1897
1918
1911
1920
1934
1909
1905
1909
1905
5548
1914
1903
1916
1938
1881
1893
1925
1919
1923
1901
1929
1876
1890
1898
1933
1926
1910
1905
1917
1880
1891
1912
1923
1927
1925
1901
1891
1886
1909
1922
1927
1897
1930
1901
1897
1871
1886
1920
1917
1918
1893
1925
1923
1893
1902
1914
1923
1889
1926
1903
1876
1930
1900
1893
1935
1942
1899
1902
1889
1930
1905
1928
1923
1930
1932
1921
1892
1922
1924
1927
1894
1933
1894
1933
1904
1898
1908
1903
1904
1893
1899
1902
1900
1908
1899
1894
1933
1919
1905
1915
1899
1920
1895
1906
1875
1908
1932
1908
1875
1886
1890
1922
1919
1908
1940
1878
1901
1942
1913
1915
1905
1900
1904
1934
1900
1928
1903
1934
1910
1917
