1922
1921
1921
1922
1920
1920
1921
1921
1922
1923
1921
1920
1923
1920
1924
1923
1920
1917
1921
1916
1921
1921
1921
1924
1920
1922
1923
1914
1921
1922
1919
1923
1922
1922
1919
1923
1923
1921
1925
1923
1922
1919
1921
1926
1920
1920
1926
1921
1921
1921
1926
1923
1922
1917
1919
1920
1921
1921
1921
1917
1921
1919
1921
1923
1922
1920
1924
1921
1921
1920
1914
1920
1919
1916
1920
1921
1923
1914
1926
1924
1923
1918
1922
1924
1919
1922
1922
1920
1921
1922
1921
1918
1926
1922
1921
1915
1921
1922
1923
1921
1892
1919
1920
1920
1920
1923
1921
1921
1922
1924
1921
1920
1919
1922
1920
1920
1921
1921
1922
1923
1919
1922
1920
1918
1920
1921
1924
1923
1921
1919
1920
1926
1922
1922
1923
1919
1921
1925
1922
1924
1923
1925
1926
1924
1922
1922
1921
1919
1923
1924
1924
1924
1921
1922
1921
1922
1923
1922
1920
1921
1923
1923
1921
1923
1921
1904
1922
1921
1912
1920
1922
1924
1923
1923
1922
1922
1922
1922
1920
1925
1919
1918
1925
1922
1921
1925
1921
1920
1907
1926
1921
1922
1880
1920
1919
1924
1922
1921
1924
1921
1925
1921
1922
1904
1919
1915
1922
1923
1907
1903
1889
1920
1919
1922
1913
1920
1918
1920
1923
1920
1924
1920
1921
1924
1921
1922
1921
1916
1922
1926
1923
1928
1927
1925
1923
1921
1923
1922
1920
1921
1921
1924
1920
1911
1923
1923
1916
1923
1920
1923
1922
1921
1921
