1918
1914
1905
1894
1901
1908
1894
1907
1900
1886
1904
1903
1898
1901
1905
1897
1916
1893
1897
1908
1912
1896
1899
1907
1886
1879
1899
1898
1895
1899
1907
1921
1919
1908
1905
1897
1906
1922
1910
1893
1900
1889
1897
1920
1897
1895
1905
1905
1898
1900
1905
1901
1889
1903
1897
1898
1886
1911
1904
1910
1910
1894
1899
1900
1920
1901
1900
1898
1899
1912
1895
1911
1905
1910
1919
1901
1896
1893
1899
1908
1896
1884
1902
1895
1897
1891
1906
1903
1903
1924
1881
1920
1896
1915
1897
1897
1901
1896
1894
1914
1889
1881
1871
1899
1898
1907
1895
1922
1920
1917
1892
1880
1911
1904
1897
1902
1903
1902
1922
1900
1918
