1922
1928
1925
1920
1922
1922
1926
1925
1922
1923
1922
1925
1928
1920
1924
1920
1923
1923
1924
1922
1923
1926
1926
1926
1923
1922
1923
1923
1920
1923
1925
1926
1923
1924
1920
1921
1920
1924
1920
1922
1922
1920
1921
1920
1924
1922
1924
1924
1927
1922
1929
1926
1924
1920
1922
1923
1924
1935
1925
1927
1926
1923
1925
1920
1926
1925
1934
1924
1920
1920
1925
1921
1920
1924
1936
1924
1927
1925
1921
1922
1921
1924
1921
1922
1925
1923
1930
1923
1920
1925
1922
1921
1922
1924
1920
1921
1922
1926
1920
1923
1923
1922
1920
1925
1927
1922
1921
1922
1924
1922
1923
1923
1922
1922
1921
1923
1926
1930
1921
1925
1925
1920
1926
1935
1922
1920
1920
1924
1925
1932
1928
1925
1929
1927
1926
1926
1926
1922
1922
1925
1925
1927
1923
1928
1935
1922
1926
1923
1923
1927
1934
1926
1927
1930
1928
1926
1927
1920
1923
1923
1920
1920
1922
1925
1928
1922
1920
1920
1930
1920
1921
1920
1927
1020
1922
1923
1925
1924
1928
1924
1923
1926
1921
1924
1920
1921
1927
1921
1923
1922
1923
1923
1920
1922
1923
1920
1925
1923
1925
1920
1930
1921
1920
1922
1934
1925
1920
1925
1921
1925
1926
1926
1926
1926
1922
1924
1923
1925
1923
1924
1926
1935
1930
1924
1926
1921
1926
1920
1921
1924
1925
1921
1928
1926
1925
1921
1924
1926
1926
1920
1924
1922
1926
1922
1922
1921
1925
1923
1922
1922
1921
1921
1921
1920
1920
1928
1931
1924
1924
1923
1922
1927
1925
1928
1924
1923
1906
1921
1922
1924
1924
1920
1920
1935
1920
1926
1927
1924
1925
1927
1925
1925
1922
1921
1923
1924
1923
1920
1927
1920
1920
1920
1922
1924
1924
1920
1920
1923
1927
1921
1922
1923
1926
1923
1921
1923
1923
1920
1922
1924
1935
1923
1921
1923
1924
1927
1923
1925
1923
1921
1920
1920
1921
1923
1926
1921
1922
1920
1924
1921
1937
1922
1925
1924
1923
1925
1923
1920
1920
1921
1922
1921
1925
1927
1923
1922
1922
1923
1930
1926
1921
1920
1926
1929
1925
1923
1924
1920
1921
1920
1924
1920
1922
1925
1924
1920
1920
1922
1923
1924
1928
1921
1924
1930
1921
1923
1922
1927
1923
1922
1926
1922
1920
1923
1926
1924
1923
1922
1920
1920
1920
1925
1923
1926
1926
1921
1927
1931
1924
1924
1923
1923
1923
1921
1923
1924
1922
1922
1925
1927
1924
1922
1921
1922
1935
1925
1926
1921
1923
1922
1924
1922
1924
1925
1924
1933
1921
1920
1921
1924
1927
1921
1903
1924
1927
1921
1920
1927
1926
1925
1921
1928
1923
1920
1924
1927
1925
1932
1925
1924
1925
1920
1920
1922
1926
1921
1926
1923
1920
1925
1926
1921
1927
1920
1926
1925
1928
1920
1926
1920
1926
1934
1922
1921
1923
1923
1022
1922
1920
1926
1922
1920
1920
1925
1927
1920
1927
1925
1924
1921
1920
1920
1923
1923
1924
1925
1924
1923
1929
1933
1924
1922
1926
1923
1923
1922
1923
1923
1924
1925
1927
1921
1924
1925
1920
1925
1925
1920
1923
1921
1924
1921
1924
1920
1925
1925
1920
1924
1923
1925
1922
1922
1925
1927
1920
1920
1924
1923
1936
1921
1924
1926
1925
1923
1926
1931
1923
1924
1922
1920
1923
1921
1926
1925
1925
1925
1921
1920
1926
1920
1921
1923
1932
1923
1924
1929
1924
1923
1920
1921
1927
1921
1920
1923
1923
1926
1924
1922
1926
1922
1924
1921
1923
1920
1932
1926
1928
1920
1922
1925
1920
1924
1931
1928
1924
1920
1920
1922
1923
1922
1925
1925
1923
1921
1923
1922
1923
1921
1925
1926
1930
1929
1932
1921
1924
1934
1925
1932
1927
1929
1925
1923
1923
1920
1925
1930
1923
1920
1924
1920
1924
1926
1926
1922
1928
1924
1922
1925
1923
1926
1927
1922
1925
1923
1920
1920
1922
1927
1920
1920
1923
1920
1923
1924
1926
1922
1927
1923
1930
1927
1924
1927
1927
1924
1922
1920
1921
1923
1921
1920
1925
1920
1922
1922
1925
1925
1920
1925
1922
1936
1923
1924
1920
1921
1923
1925
1922
1925
1922
1922
1933
1922
1924
1920
1923
1920
1927
1922
1920
1930
1922
1923
1924
1922
1926
1924
1920
1924
1921
1921
1928
1920
1921
1920
1925
1926
1924
1924
1920
1921
1922
1924
1923
1920
1922
1920
1924
1926
1920
1923
1923
1930
1933
1922
1926
1925
1926
1922
1924
1924
1920
1924
1927
1926
1923
1925
1927
1925
1923
1925
1926
1922
1920
1927
1922
1924
1925
1924
1922
1926
1925
1920
1925
1922
1924
1921
1920
1933
1926
1925
1926
1926
1926
1922
1924
1924
1926
1924
1929
1927
1930
