1928
1928
1924
1924
1926
1926
1918
1918
1897
1897
1881
1881
1908
1908
1908
1908
1912
1912
1875
1875
1904
1904
1908
1908
1937
1937
1873
1873
1871
1871
1889
1889
1924
1924
1919
1919
1880
1880
1880
1880
1909
1909
1883
1883
1925
1925
1941
1941
1915
1915
1932
1932
1904
1904
1918
1918
1892
1892
1893
1893
1921
1921
1923
1923
1931
1931
1904
1904
1900
1900
1895
1895
1912
1912
1888
1888
1922
1922
1923
1923
1891
1891
1925
1925
1913
1913
1897
1897
1909
1909
1886
1886
1923
1923
1913
1913
1889
1889
1891
1891
1924
1924
1927
1927
1894
1894
1909
1909
1928
1928
1902
1902
1926
1926
1893
1893
1930
1930
1938
1938
1896
1896
1936
1936
1909
1909
1926
1926
1919
1919
1900
1900
1929
1929
1927
1927
1920
1920
1922
1922
1910
1910
1887
1887
1920
1920
1893
1893
1909
1909
1901
1901
1914
1914
1925
1925
1890
1890
1888
1888
1929
1929
1907
1907
1922
1922
1916
1916
1892
1892
1913
1913
