1894
1926
1894
1931
1927
1930
1907
1906
1903
1888
1898
1931
1929
1929
1933
1918
1893
1888
1921
1906
1878
1906
1876
1888
1884
1898
1899
1905
1885
1888
1898
1895
1910
1908
1883
1902
1900
1896
1912
1900
1897
1882
1920
1925
1900
1903
1870
1931
1882
1923
1924
1890
1884
1927
1930
1900
1933
1905
1917
1904
1908
1885
1914
1938
1911
1905
1928
1929
1931
1904
1933
1866
1927
1866
1906
1903
1903
1935
1868
1870
1909
1901
1912
1929
1939
1934
1902
1910
1929
1901
1919
1909
1902
1905
1904
1892
1904
1916
1912
1902
1887
1890
1938
1912
1940
1942
1941
1939
1887
1902
1942
1910
1913
1885
1903
1897
1938
1898
1899
1907
1928
1914
1902
1916
1923
1926
1881
1937
1898
1908
1880
1899
1936
1881
1903
1864
1908
1930
1896
1938
1879
1905
1901
1924
1897
1893
1902
1912
1924
1926
1920
1898
1885
1892
1897
1899
1899
1899
1935
1893
1885
1928
1926
1884
1930
1923
1931
1886
1931
1897
1887
1904
1930
1925
1930
1930
1914
1911
1913
1886
1939
1905
1931
1885
1925
1894
1885
1927
1887
1883
1890
1924
1883
1880
1882
1887
1916
1889
1912
1881
1914
1881
1916
1914
1902
1902
1938
1940
1937
1903
1926
1884
1929
1921
1924
1880
1915
1915
1876
1887
1889
1914
1905
1915
1882
1880
1935
1929
1899
1932
1905
1899
1909
1896
1875
1902
1898
1901
1936
1899
1903
1906
1878
1879
1875
1937
1940
1911
1913
1908
1873
1904
1901
1912
1904
1901
1933
1900
1934
1896
1899
1888
1903
1914
1892
1888
1891
1884
1933
1891
1902
1893
1895
1893
1934
1895
1899
1912
1887
1882
1931
1921
1927
1901
1918
1903
1900
1931
1888
1913
1897
1907
1918
1917
1906
1878
1929
1934
1907
1879
1907
1879
1915
1938
1912
1934
1918
1913
1917
1922
1920
1914
1885
1886
1916
1912
1886
1885
1893
1905
1925
1877
1908
1895
1908
1910
1923
1900
1883
1927
1920
1907
1902
1923
1921
1889
1905
1919
1903
1917
1911
1887
1915
1904
1899
1896
1897
1911
1881
1880
1892
1908
1889
1931
1905
1927
1941
1910
1892
1892
1919
1925
1929
1917
1913
1887
1890
1933
1880
1880
1924
1887
1926
1931
1929
1926
1936
1888
1900
1900
1931
1890
1926
1890
1896
1890
1916
1880
1888
1910
1901
1938
1896
1900
1882
1883
1904
1895
1876
1902
1932
1895
1935
1876
1892
1895
1900
1898
1930
1903
1897
1895
1870
1891
1932
1900
1933
1886
1892
1924
1909
1931
1911
1915
1898
1943
1900
1888
1903
1895
1907
1934
1908
1909
1928
1933
1940
1908
1908
1885
1873
1874
1898
1909
1935
1916
1904
1900
1880
1898
1921
1915
1912
1902
1929
1927
1924
1906
1898
1900
1915
1914
1894
1889
1936
1900
1900
1940
1896
1911
1892
1894
1937
1931
1907
1914
1898
1890
1902
1907
1935
1900
1895
1896
1884
1937
1929
1920
1928
1904
1927
1935
1933
1894
1897
1932
1907
1887
1888
1894
1900
1898
1900
1915
1871
1905
1896
1907
1916
1985
1885
1924
1916
1889
1891
1886
1914
1907
1875
1880
1908
1916
1916
1882
1883
1915
1895
1911
1923
1900
1903
1897
1932
1905
1928
1930
1880
1890
1897
1891
1865
1908
1905
1910
1888
1905
1898
1883
1903
1900
1899
1910
1902
1910
1885
1897
1904
1905
1865
1901
1935
1913
1884
1892
1940
1901
1907
1902
1876
1862
1916
1904
1875
1908
1937
1893
1905
1896
1937
1920
1870
1904
1899
1869
1869
1931
1931
1899
1888
1901
1903
1906
1908
1914
1886
1884
1912
1913
1869
1932
1916
1936
1903
1890
1878
1886
1880
1903
1936
1933
1915
1910
1897
1929
1870
1902
1886
1864
1868
1895
1894
1900
1891
1901
1931
1927
1913
1904
1892
1903
1889
1928
1931
1909
1904
1868
1868
1890
1900
1898
1892
1896
1896
1902
1893
1909
1912
1911
1911
1878
1907
1916
1900
1920
1911
1902
1940
1917
1905
1870
1885
1935
1896
1885
1909
1914
1911
1911
1928
1912
1934
1874
1908
1901
1903
1932
1900
1933
1906
1915
1872
1930
1898
1903
1928
1902
1890
1920
1925
1892
1923
1936
1908
1889
1913
1915
1922
1942
1911
1907
1878
1908
1895
1890
1896
1940
1907
1904
1882
1915
1903
1906
1896
1907
1865
1904
1920
1905
1870
1903
1902
1912
1877
1909
1880
1929
1933
1927
1913
1910
1869
1885
1884
1871
1938
1912
1908
1933
1937
1908
1898
1925
1897
1925
1900
1893
1867
1910
1897
1923
1927
1930
1892
1928
1934
1893
1890
1875
1890
1930
1932
1905
1901
1883
1915
1881
1908
1910
1891
1930
1917
1890
1863
1875
1887
1888
1920
1898
1864
1900
1935
1895
1925
1896
1896
1864
1901
1908
1907
1922
1927
1891
1905
1884
1925
1910
1905
1888
1898
1903
1904
1907
1909
1913
1888
1912
1901
1906
1897
1902
1891
1918
1922
1923
1904
1896
1914
1880
1894
1926
1878
1923
1898
1892
1888
1900
1918
1935
1904
1939
1904
1936
1903
1936
1931
1901
1900
1936
1894
1905
1929
1928
1936
1934
1932
1875
1879
1866
1931
1879
1898
1902
1907
1896
1905
1905
1875
1928
1905
1901
1868
1900
1903
1885
1860
1895
1882
1890
1906
1922
1907
1892
1873
1885
1875
1884
1903
1927
1881
1894
1880
1868
1895
1891
1904
1907
1893
1912
1900
1890
1890
1925
1924
1889
1880
1914
1923
1922
1930
1924
1874
1898
1907
1897
1920
1908
1939
1908
1895
1914
1905
1875
1895
1878
1925
1910
1936
1906
1932
1890
1885
1932
1908
1930
1893
1933
1936
1894
1914
1886
1888
1905
1888
1906
1924
1912
1903
1929
1930
1923
1925
1874
1887
1900
1936
1931
1903
1911
1938
1879
1918
1930
1929
1898
1877
1907
1876
1900
1905
1933
1885
1873
1913
1910
1924
1905
1876
1875
1880
1921
1882
1909
1895
1902
1878
1919
1870
1885
1921
1924
1909
1917
1912
1891
1942
1911
1888
1882
1934
1885
1900
1932
1888
1926
1883
1890
1889
1890
1914
1916
1910
1933
1929
1895
1892
1927
1927
1937
1921
1891
1890
1906
1873
1908
1913
1910
1905
1902
1876
1916
1902
1909
1877
1899
1875
1905
1900
1897
1908
1920
1880
1931
1908
1893
1880
1940
1904
1890
1900
1900
1889
1891
1903
1891
1895
1911
1884
1918
1910
1924
1911
1915
1916
1887
1921
1896
1904
1932
1930
1897
1924
1934
1933
1905
1898
1900
1865
1898
1923
1863
1927
1920
1890
1930
1922
1923
1900
1902
1888
1931
1890
1860
1865
1891
1926
1911
1909
1906
1882
1928
1904
1904
1901
1891
1902
1901
1901
1931
1907
1910
1877
1881
1919
1907
1921
1877
1877
1885
1914
1882
1925
1907
1917
1911
1909
1913
1891
1940
1893
1899
1893
1928
1901
1938
1932
1887
1892
1914
1898
1900
1928
1892
1908
1937
1912
1924
1929
1931
1902
1873
1903
1913
1894
1905
1931
1895
1906
1908
1914
1905
1897
1895
1901
1897
1928
1915
1914
1927
1914
1897
1932
1932
1902
1900
1901
1900
1890
1892
1903
1889
1922
1929
1899
1893
1914
1892
1922
1926
1879
1910
1880
1916
1939
1910
1901
1929
1904
1932
1879
1928
1887
1892
1926
1886
1912
1892
1922
1934
1888
1888
1905
1890
1905
1915
1889
1888
1927
1885
1922
1883
1930
1912
1888
1927
1894
1893
1902
1930
1900
1904
1895
1889
1929
1922
1865
1931
1901
1934
1926
1866
1889
1895
1901
1932
1895
1904
1924
1860
1905
1905
1905
1875
1899
1895
1923
1932
1907
1891
1928
1926
1925
1935
1892
1899
1936
1869
1895
1907
1933
1932
1931
1875
1902
1878
1901
1903
1898
1905
1882
1892
1909
1909
1900
1926
1896
1929
1897
1885
1902
1938
1900
1938
1885
1875
1915
1885
1907
1913
1904
1911
1886
1908
1906
1884
1909
1925
1927
1917
1892
1890
1921
1919
1913
1923
1915
1886
1913
1914
1923
1912
1918
1884
1916
1877
1890
1937
1884
1895
1908
1905
1892
1908
1918
1910
1911
1906
1880
1907
1898
1875
1932
1930
1898
1905
1890
1886
1923
1897
1905
1898
1930
1898
1905
1938
1896
1906
1933
1936
1921
1895
1880
1902
1895
1905
1929
1934
1906
1927
1920
1898
1928
1900
1879
1899
1919
1910
1902
1907
1897
1898
1900
1932
1930
1876
1901
1934
1903
1895
1914
1931
1892
1908
1906
1910
1869
1904
1880
1909
1876
1912
1878
1912
1903
1895
1888
1890
1900
1903
1900
1942
1919
1902
1897
1900
1887
1923
1921
1880
1875
1888
1901
1888
1907
1918
1874
1928
1913
1915
1897
1900
1897
1897
1897
1899
1877
1889
1910
1904
1906
1933
1906
1892
1878
1883
1904
1879
1881
1907
1910
1914
1872
1902
1930
1934
1902
1922
1932
1900
1904
1902
1876
1900
1933
1928
1902
1871
1912
1916
1909
1930
1936
1906
1888
1918
1888
1913
1910
1922
1892
1924
1879
1918
1882
1881
1912
1890
1932
1892
1930
1898
1932
1932
1892
1898
1908
1926
1929
1894
1909
1932
1898
1897
1906
1905
1892
1892
1922
1918
1921
1928
1905
1918
1930
1893
1911
1907
1902
1911
1927
1927
1896
1930
1899
1870
1922
1909
1897
1899
1889
1907
1905
1887
1909
1926
1934
1894
1936
1893
1907
1888
1867
1867
1890
1897
1895
1928
1896
1870
1897
1904
1908
1895
1908
1933
1902
1898
1870
1890
1893
1903
1930
1888
1898
1910
1906
1901
1927
1925
1890
1889
1895
1921
1925
1921
1923
1931
1929
1927
1895
1892
1913
1922
1888
1888
1924
1908
1920
1928
1923
1911
1924
1886
1916
1886
1882
1885
1908
1899
1926
1921
1898
1923
1911
1918
1928
1923
1894
1889
1889
1912
1884
1915
1921
1886
1904
1907
1930
1890
1890
1930
1868
1866
1931
1927
1912
1889
1915
1924
1920
1922
1915
1910
1885
1876
1877
1905
1909
1905
1933
1887
1910
1913
1915
1919
1912
1900
1888
1929
1922
1915
1920
1912
1912
1919
1880
1938
1870
1885
1938
1889
1922
1929
1885
1902
1874
1870
1937
1929
1908
1904
1882
1921
1915
1876
1870
1930
1895
1911
1870
1921
1932
1870
1910
1897
1900
1929
1927
1901
1883
1905
1914
1890
1929
1905
1942
1941
1935
1896
1933
1865
1900
1929
1890
1887
1878
1861
1888
1931
1933
1874
1901
1902
1897
1897
1932
1876
1929
1899
1895
1875
1907
1923
1892
1914
1893
1914
1929
1917
1931
1912
1899
1902
1935
1888
1919
1920
1918
1883
1907
1880
1882
1883
1885
1890
1904
1905
1916
1901
1899
1930
1902
1931
1902
1880
1904
1912
1909
1898
1904
1891
1910
1914
1917
1929
1893
1900
1890
1907
1930
1891
1920
1933
1905
1876
1913
1920
1915
1900
1900
1911
1936
1896
1895
1910
1934
1922
1927
1906
1909
1928
1919
1899
1888
1914
1898
1932
1920
1892
1898
1890
1913
1897
1939
1883
1903
1922
1924
1907
1907
1885
1880
1926
1917
1875
1907
1937
1905
1921
1909
