1926
1913
1901
1935
1915
1901
1927
1914
1923
1920
1875
1919
1913
1903
1904
1919
1890
1881
1922
1921
1880
1879
1915
1918
1926
1916
1924
1922
1882
1922
1880
1914
1890
1925
1882
1875
1920
1922
1883
1912
1876
1921
1909
1904
1904
1875
1928
1883
1931
1924
1929
1923
1914
1914
1873
1886
1894
1899
1919
1909
1913
1887
1910
1914
1923
1902
1925
1931
1929
1894
1914
1895
1924
1923
1888
1925
1894
1899
1931
1895
1864
1926
1908
1906
1934
1940
1901
1930
1874
1902
1923
1935
1908
1936
1911
1937
1913
1919
1940
1910
1914
1914
1923
1915
1890
1883
1887
1896
1923
1931
1928
1929
1916
1878
1923
1898
1919
1875
1917
1915
1892
1901
1935
1924
1931
1913
1934
1908
1933
1925
1889
1899
1930
1902
1933
1929
1906
1905
1919
1922
1894
1939
1903
1907
1927
1918
1930
1902
1920
1909
1939
1906
1911
1931
1902
1933
1936
1906
1935
1933
1935
1931
1899
1913
1877
1904
1937
1904
1905
1935
1920
1904
1906
1910
1934
1885
1892
1928
1928
1920
1933
1939
1908
1904
1931
1937
1911
1911
1876
1895
1907
1910
1889
1917
1886
1926
1920
1893
1930
1925
1917
1904
1904
1930
1931
1907
1876
1880
1918
1918
1925
1887
1919
1877
1905
1898
1925
1902
1928
1931
1895
1897
1926
1900
1925
1928
1933
1909
1901
1932
1911
1921
1926
1893
1923
1893
1923
1921
1884
1925
1895
1909
1885
1889
1923
1908
1912
1924
1921
1919
1941
1924
1918
1889
1915
1913
1914
1906
1920
1887
1929
1922
1925
1882
1880
1920
1908
1940
1936
1934
1915
1928
1914
1938
1908
1901
1913
1913
1886
1891
1910
1913
1925
1923
1895
1928
1890
1938
1903
1934
1933
1935
1905
1904
1904
1905
1931
1900
1928
1900
1912
