1925
1902
1923
1924
1899
1899
1899
1914
1912
1925
1906
1903
1915
1919
1899
1924
1893
1897
1924
1926
1904
1899
1918
1924
1899
1902
1924
1927
1896
1922
1897
1893
1912
1896
1925
1894
1927
1924
1900
1905
1919
1904
1897
1928
1898
1915
1901
1907
1898
1895
1903
1930
1924
1909
1926
1925
1925
1927
1924
1924
1899
1924
1928
1926
1918
1912
1887
1909
1901
1927
1924
1897
1927
1899
1897
1904
1891
1927
1900
1913
1912
1925
1914
1929
1894
1927
1929
1931
1924
1897
1929
1899
1924
1896
1908
1925
1916
1909
1926
1924
1924
1909
1922
1912
1926
1902
1905
1926
1928
1891
1921
1927
1897
1925
1897
1927
1891
1924
1885
1899
1926
1925
1927
1888
1925
1928
1898
1925
1925
1896
1928
1929
1927
1900
1905
1903
1901
1905
1923
1907
1908
1926
1930
1924
1892
1884
