1912
1939
1913
1941
1919
1909
1886
1921
1888
1923
1869
1920
1924
1919
1920
1891
1925
1923
1910
1938
1910
1923
1898
1925
1902
1928
1930
1909
1880
1937
1899
1939
1888
1913
1882
1885
1915
1921
1920
1887
1885
1909
1914
1913
1939
1925
1915
1923
1890
1879
1917
1921
1891
1895
1927
1915
1940
1925
1916
1906
1904
1936
1917
1915
1916
1883
1884
1915
1920
1889
1916
1925
1874
1916
1884
1925
1885
1934
1914
1921
1889
1913
1918
1919
1925
1888
1918
1919
1912
1935
1937
1903
1940
1927
1924
1886
1898
1924
1920
1926
1885
1923
1931
1925
1886
1899
1899
1933
1937
1914
1921
1894
1890
1929
1926
1924
1910
1933
1927
1888
1892
1930
1919
1926
1871
1870
1938
1911
1908
1938
1901
1930
1903
1924
1910
1906
1903
1903
1919
1929
1931
1919
1926
1920
1917
1903
1903
1925
1919
1912
1887
1913
1917
1903
1911
1919
1915
1927
1921
1884
1884
1883
1925
1915
1897
1925
1931
1929
1893
1934
1896
1894
1920
1921
1915
1887
1911
1921
1923
1889
1916
1912
1932
1910
1918
1892
1913
1879
1878
1921
1899
1888
1930
1925
1912
1919
1933
1929
1898
1901
1917
1889
1925
1895
1868
1940
1910
1915
1886
1920
1924
1928
1922
1918
1892
1921
1884
1902
1884
1900
1901
1924
1896
1932
1939
1910
1911
1883
1921
1921
1916
1915
1908
1933
1927
1901
1908
1911
1909
1889
1907
1915
1882
1880
1925
1911
1872
1913
1899
1897
1926
1914
1920
1916
1887
1887
