1922
1877
1877
1893
1893
1885
1885
1883
1883
1882
1882
1893
1893
1883
1883
1876
1869
1869
1901
1901
1876
1883
1883
1877
1877
1880
1880
1865
1882
1904
1904
1881
1899
1899
1889
1889
1875
1874
1921
1921
1899
1873
1887
1887
1881
1881
1887
1887
1895
1885
1874
1874
1927
1914
1914
1908
1908
1880
1880
1886
1886
1909
1909
1895
1895
1879
1914
1880
1879
1878
1888
1931
1902
1905
1870
1869
1879
1895
1883
1875
1885
1885
1889
1889
1884
1928
1922
1887
1878
1872
1878
1885
1877
1889
1873
1874
1887
1878
1887
1882
1934
1901
1896
1895
1878
1885
1878
1876
1884
1880
1913
1908
1888
1890
1931
1876
1873
1867
1892
1882
1900
1886
1915
1917
1893
1881
1869
1887
1871
