1930
1930
1930
1928
1928
1928
1928
1930
1929
1930
1930
1931
1930
1929
1930
1930
1930
1929
1929
1930
1928
1929
1928
1929
1928
1930
1929
1929
1930
1931
1930
1928
1921
1930
1930
1929
1929
1931
1929
1930
1930
1931
1930
1929
1929
1929
1930
1931
1929
1931
1929
1930
1929
1930
1929
1931
1930
1929
1930
1929
1931
1929
1928
1929
1929
1930
1930
1930
1931
1930
1930
1927
1930
1929
1930
1930
1930
1929
1929
1927
1929
1931
1930
1929
1928
1929
1931
1930
1928
1929
1930
1929
1930
1931
1931
1929
1930
1930
1930
1930
1931
1930
1930
1930
1928
1930
1930
1930
1929
1929
1930
1929
1932
1931
1929
1930
1928
1929
1930
1929
1930
1930
1930
1928
1930
1931
1928
1929
1929
1929
1930
1928
1929
1931
1930
1929
1930
1931
1929
1930
1930
1929
1930
1929
1930
1931
1929
1931
1929
1929
1930
1930
1929
1928
1930
1930
1930
1930
1931
1930
1929
1929
1929
1928
1930
1929
1930
1929
1930
1929
1930
